абдалла 4,605170185988092 0,006115763859213933
абдель 3,912023005428146 0,010390499350406762
абдулл 4,605170185988092 0,006115763859213933
август 0 0
авермат 4,605170185988092 0,006115763859213933
австралия 2,5257286443082556 0,013416885228729112
автоматический 3,912023005428146 0,0025976248376016905
азиз 3,506557897319982 0,004656783396175274
актуальный 3,912023005428146 0,005195249675203381
александер 3,912023005428146 0,005195249675203381
алехандро 3,912023005428146 0,005195249675203381
али 2,407945608651872 0,0063956058662732315
алфавит 0 0
альберто 3,506557897319982 0,013970350188525823
америка 1,4271163556401458 0,0075809633765744795
амра 4,605170185988092 0,012231527718427867
аналогичный 2,995732273553991 0,001989198056808759
апрель 0 0
арабский 0,38566248081198473 0,0002560839846029115
армстронг 3,912023005428146 0,005195249675203381
арно 4,605170185988092 0,006115763859213933
архив 0,3011050927839216 0,0011996218836012812
афина 4,605170185988092 0,0030578819296069666
африканский 2,120263536200091 0,002815755028154171
ахмед 3,2188758248682006 0,012824206473578488
байт 3,506557897319982 0,06985175094262912
бард 3,506557897319982 0,004656783396175274
баск 3,912023005428146 0,005195249675203381
баук 4,605170185988092 0,006115763859213933
белорусский 2,659260036932778 0,0035315538339080713
белый 1,6094379124341003 0,003206051618394622
бельгийский 3,2188758248682006 0,0021373677455964147
бельгия 2,8134107167600364 0,024285749879070697
бен 2,407945608651872 0,0031978029331366157
бернара 3,912023005428146 0,0025976248376016905
беттьоль 4,605170185988092 0,006115763859213933
болезнь 3,912023005428146 0,0025976248376016905
борьба 1,8325814637483102 0,0012168535615858633
британский 1,5141277326297755 0,0010053969008165839
брюн 3,912023005428146 0,005195249675203381
буксхофер 4,605170185988092 0,006115763859213933
быстрый 2,659260036932778 0,0017657769169540356
бьянка 4,605170185988092 0,006115763859213933
вальверд 4,605170185988092 0,006115763859213933
ван 2,8134107167600364 0,003736269212164723
ванмарка 4,605170185988092 0,006115763859213933
великобритания 1,6607312068216509 0,005513715826101099
велобол 4,605170185988092 0,006115763859213933
велогонка 4,605170185988092 0,021405173507248767
велогонщик 4,605170185988092 0,03975246508489056
велогонщица 4,605170185988092 0,0091736457888209
велокоманда 4,605170185988092 0,0030578819296069666
велокомплекс 4,605170185988092 0,006115763859213933
веломногодневка 4,605170185988092 0,0030578819296069666
велополо 4,605170185988092 0,006115763859213933
велосипед 3,912023005428146 0,012988124188008453
велосипедист 4,605170185988092 0,006115763859213933
велосипедный 4,605170185988092 0,024463055436855733
велоспорт 3,2188758248682006 0,08335734207826018
велотриал 4,605170185988092 0,006115763859213933
венеция 3,2188758248682006 0,0042747354911928295
версия 0 0
вид 1,0498221244986776 0,0027883721766233135
вики 1,6094379124341003 0,0010686838727982074
викиновость 1,0216512475319812 0,0006783872825577564
википедия 0 0
вилко 4,605170185988092 0,006115763859213933
вилль 3,506557897319982 0,004656783396175274
винченцо 4,605170185988092 0,006115763859213933
вклад 0 0
включать 1,9661128563728327 0,0026110396498975202
возможный 3,506557897319982 0,002328391698087637
вуэльт 4,605170185988092 0,015289409648034834
выполнять 3,912023005428146 0,0025976248376016905
выступать 2,302585092994046 0,0015289409648034833
выявить 4,605170185988092 0,0030578819296069666
генеральный 2,995732273553991 0,005967594170426276
география 0,083381608939051 0,00011073254839183399
голыш 4,605170185988092 0,0030578819296069666
гонка 2,995732273553991 0,005967594170426276
гоночный 4,605170185988092 0,0030578819296069666
гонщик 4,605170185988092 0,012231527718427867
гор 1,5141277326297755 0,0010053969008165839
горный 1,8971199848858813 0,0012597078252894298
город 0,3424903089467759 0,00022741720381592024
горошек 4,605170185988092 0,0091736457888209
гран 3,506557897319982 0,004656783396175274
гранд 3,2188758248682006 0,0021373677455964147
грег 4,605170185988092 0,006115763859213933
д 1,5141277326297755 0,01005396900816584
данный 0,1508228897345837 0,00020029600230356398
два 0 0
движимый 4,605170185988092 0,0030578819296069666
де 1,1394342831883648 0,011348947043708812
декабрь 0 0
демара 4,605170185988092 0,006115763859213933
денис 3,506557897319982 0,004656783396175274
джиро 4,605170185988092 0,03363670122567663
дистанция 3,912023005428146 0,0025976248376016905
дисциплина 3,506557897319982 0,004656783396175274
добиться 2,995732273553991 0,001989198056808759
дониа 4,605170185988092 0,006115763859213933
допинг 4,605170185988092 0,006115763859213933
дорога 1,5606477482646683 0,0010362866854347066
др 1,8971199848858813 0,0012597078252894298
дэниэл 4,605170185988092 0,006115763859213933
египет 2,302585092994046 0,0030578819296069666
езда 4,605170185988092 0,0030578819296069666
ехать 3,506557897319982 0,002328391698087637
журнал 0 0
закарина 4,605170185988092 0,006115763859213933
заниматься 0 0
запрос 0,1165338162559516 0,00015475938413804993
зачать 4,605170185988092 0,0030578819296069666
земля 1,2378743560016172 0,0008219617237726542
знаете 0,06187540371808745 8,217185088723433E-05
знак 0 0
игра 1,5606477482646683 0,002072573370869413
идрис 3,912023005428146 0,005195249675203381
избранный 0,083381608939051 0,000166098822587751
избрать 0 0
изменение 0 0
изображение 0,06187540371808745 4,108592544361716E-05
илла 1,3862943611198906 0,0009205141840105515
ильнур 4,605170185988092 0,006115763859213933
иметься 1,4271163556401458 0,0018952408441436199
индивидуальный 2,995732273553991 0,003978396113617518
иона 3,912023005428146 0,005195249675203381
ирландия 2,8134107167600364 0,005604403818247085
исагирра 4,605170185988092 0,006115763859213933
искать 0 0
искусство 0,083381608939051 0,00011073254839183399
ислам 1,7147984280919266 0,006831866247378193
испания 1,7147984280919266 0,031882042487764904
испанский 0,49429632181478017 0,0006564360183463216
использование 0 0
использовать 1,4271163556401458 0,0009476204220718099
история 0 0
источник 0 0
итал 2,995732273553991 0,001989198056808759
италия 1,8325814637483102 0,02555392479330313
итальянец 3,506557897319982 0,004656783396175274
итальянский 0,7339691750802005 0,0009747266601330684
итог 2,8134107167600364 0,0018681346060823614
июль 0,9162907318741551 0,0006084267807929316
июнь 0 0
йодка 4,605170185988092 0,006115763859213933
казахстан 2,5257286443082556 0,003354221307182278
канчеллар 4,605170185988092 0,006115763859213933
категория 0 0
катюша 3,912023005428146 0,0025976248376016905
келдерман 4,605170185988092 0,006115763859213933
кемелло 4,605170185988092 0,006115763859213933
кинтан 3,912023005428146 0,010390499350406762
классификация 2,5257286443082556 0,006708442614364556
книга 0 0
кобль 4,605170185988092 0,006115763859213933
код 0 0
колумбия 2,659260036932778 0,026486653754310537
команда 2,207274913189721 0,01025957794975302
контадор 4,605170185988092 0,012231527718427867
кошт 4,605170185988092 0,012231527718427867
красный 0,7765287894989963 0,002062493464804771
крис 3,912023005428146 0,005195249675203381
кристофф 4,605170185988092 0,006115763859213933
крэддка 4,605170185988092 0,006115763859213933
лаошань 4,605170185988092 0,006115763859213933
легенда 2,995732273553991 0,001989198056808759
лежачий 4,605170185988092 0,0030578819296069666
летний 1,7147984280919266 0,0011386443745630321
летучий 4,605170185988092 0,006115763859213933
лидер 2,407945608651872 0,0015989014665683079
личность 0,127833371509885 8,488271680603253E-05
лодка 2,5257286443082556 0,001677110653591139
лоусон 4,605170185988092 0,006115763859213933
лудешер 4,605170185988092 0,006115763859213933
лучший 0 0
лэнс 4,605170185988092 0,006115763859213933
мадкур 4,605170185988092 0,006115763859213933
май 0 0
майка 4,605170185988092 0,012231527718427867
майкл 2,995732273553991 0,003978396113617518
македонский 1,5606477482646683 0,0010362866854347066
март 0 0
мартин 2,207274913189721 0,0029313079856437196
материал 0 0
маттиас 3,912023005428146 0,005195249675203381
маунтинбайк 4,605170185988092 0,006115763859213933
махер 4,605170185988092 0,006115763859213933
махмуд 4,605170185988092 0,006115763859213933
международный 0,9942522733438669 0,0013203881452109785
меньшов 4,605170185988092 0,006115763859213933
местность 3,506557897319982 0,002328391698087637
место 0 0
миро 0 0
мировой 1,2039728043259361 0,001598901466568308
мобильный 0 0
мой 0 0
моллем 4,605170185988092 0,006115763859213933
моршер 4,605170185988092 0,006115763859213933
моторный 3,2188758248682006 0,006412103236789244
мохамед 3,2188758248682006 0,025648412947156977
мохаммед 3,912023005428146 0,005195249675203381
мускульный 3,912023005428146 0,0025976248376016905
мухаммед 2,995732273553991 0,003978396113617518
мэттьюс 4,605170185988092 0,006115763859213933
мяч 2,8134107167600364 0,0018681346060823614
навигация 0 0
надя 4,605170185988092 0,006115763859213933
нажать 0 0
название 0 0
наиро 4,605170185988092 0,012231527718427867
найти 0 0
насер 3,506557897319982 0,004656783396175274
насный 4,605170185988092 0,006115763859213933
нассер 4,605170185988092 0,006115763859213933
наука 0,05129329438755048 6,811858484402454E-05
находиться 0 0
начать 0,38566248081198473 0,007682519538087345
начинать 0,1508228897345837 0,00020029600230356398
недоставать 1,07880966137193 0,0007163410766081872
неитальянец 4,605170185988092 0,0030578819296069666
некоммерческий 0 0
немецкий 0,5108256237659907 0,00033919364127887826
непроверенный 1,9661128563728327 0,0026110396498975202
нетцлер 4,605170185988092 0,006115763859213933
нибать 4,605170185988092 0,006115763859213933
нидерланд 2,207274913189721 0,0146565399282186
николаевич 1,5606477482646683 0,002072573370869413
ниффати 4,605170185988092 0,006115763859213933
новый 0 0
номер 3,2188758248682006 0,0021373677455964147
номинация 3,912023005428146 0,0025976248376016905
норвегия 2,995732273553991 0,005967594170426276
норвежский 1,7147984280919266 0,0011386443745630321
ноябрь 0 0
обладатель 3,2188758248682006 0,0021373677455964147
обладать 2,407945608651872 0,0015989014665683079
обсуждение 0 0
общество 0,07257069283483537 9,637542209141484E-05
общий 1,3470736479666094 0,0008944712137892492
обычный 3,506557897319982 0,002328391698087637
обязательный 0 0
одержать 2,659260036932778 0,0035315538339080713
октябрь 0 0
оливер 3,2188758248682006 0,0042747354911928295
олимпийский 1,7719568419318754 0,001176598168613463
операция 1,9661128563728327 0,0013055198249487601
описание 0 0
организация 0 0
орёл 4,605170185988092 0,0030578819296069666
основной 0 0
остаться 2,8134107167600364 0,0018681346060823614
ответственность 0 0
отдельный 0 0
отказ 0 0
отличительный 4,605170185988092 0,0030578819296069666
отличный 3,912023005428146 0,0025976248376016905
отсутствовать 0,05129329438755048 0,00013623716968804908
оценивание 0,1508228897345837 0,00020029600230356398
очко 3,2188758248682006 0,0021373677455964147
пекин 3,912023005428146 0,005195249675203381
первый 0 0
перейти 0 0
перемещение 3,912023005428146 0,0025976248376016905
пересечь 3,506557897319982 0,002328391698087637
персоналия 0,07257069283483537 9,637542209141484E-05
петер 3,506557897319982 0,004656783396175274
печать 0 0
пино 4,605170185988092 0,012231527718427867
пн 0,127833371509885 0,0003395308672241301
победа 1,8971199848858813 0,006298539126447149
победитель 2,8134107167600364 0,007472538424329446
побороть 3,912023005428146 0,0025976248376016905
погрести 4,605170185988092 0,0030578819296069666
подробный 0 0
поиск 0 0
показать 1,2729656758128876 0,0016905254658869688
политик 0 0
полиция 3,506557897319982 0,002328391698087637
получить 0 0
польский 1,2729656758128876 0,0008452627329434844
помочь 0,127833371509885 8,488271680603253E-05
помощь 0,127833371509885 8,488271680603253E-05
пора 3,506557897319982 0,002328391698087637
порт 1,8325814637483102 0,0024337071231717265
портал 0 0
португалия 2,659260036932778 0,010594661501724214
португальский 0,49429632181478017 0,0003282180091731608
последний 0 0
посмотреть 0 0
править 0 0
правка 0 0
предлагать 0 0
преодоление 4,605170185988092 0,0030578819296069666
престижный 3,2188758248682006 0,006412103236789244
приз 2,8134107167600364 0,0018681346060823614
принять 1,3862943611198906 0,0009205141840105515
пробка 3,912023005428146 0,0025976248376016905
проверить 1,9661128563728327 0,0026110396498975202
продавать 4,605170185988092 0,0030578819296069666
продукция 3,506557897319982 0,002328391698087637
проект 0 0
производитель 2,8134107167600364 0,0018681346060823614
произойти 2,302585092994046 0,0015289409648034833
прокатиться 4,605170185988092 0,0030578819296069666
профессиональный 2,5257286443082556 0,005031331960773417
проходить 1,5141277326297755 0,0010053969008165839
пускать 3,912023005428146 0,0025976248376016905
пуэрто 3,506557897319982 0,002328391698087637
работа 0,9942522733438669 0,0006601940726054892
разработчик 0 0
рак 3,912023005428146 0,005195249675203381
рамадан 4,605170185988092 0,006115763859213933
раскраска 4,605170185988092 0,0030578819296069666
рашад 4,605170185988092 0,006115763859213933
рашван 4,605170185988092 0,006115763859213933
результат 1,4696759700589417 0,0009758804582064685
рейд 3,2188758248682006 0,0021373677455964147
рейтинг 3,2188758248682006 0,0042747354911928295
рекордсмен 3,912023005428146 0,0025976248376016905
религия 0,083381608939051 0,00011073254839183399
республика 0,9416085398584451 0,0012504761485503918
рим 2,5257286443082556 0,003354221307182278
рич 3,912023005428146 0,005195249675203381
родиться 0,8915981192837835 0,0005920306236944113
родригес 2,659260036932778 0,0070631076678161426
родственный 0,21072103131565253 0,00013992100352964973
ромен 4,605170185988092 0,006115763859213933
ромеро 3,912023005428146 0,0025976248376016905
российский 1,0498221244986776 0,0013941860883116568
россия 0,7765287894989963 0,006187480394414313
рот 3,506557897319982 0,002328391698087637
руить 4,605170185988092 0,012231527718427867
русский 0 0
саган 4,605170185988092 0,006115763859213933
салем 4,605170185988092 0,006115763859213933
салцман 4,605170185988092 0,006115763859213933
самуэль 4,605170185988092 0,006115763859213933
самый 0,5447271754416719 0,0007234092635347568
санчес 4,605170185988092 0,006115763859213933
сведение 0 0
свежий 0 0
свободный 0 0
связать 0 0
сентябрь 0 0
сепа 4,605170185988092 0,006115763859213933
сербский 1,7147984280919266 0,0011386443745630321
серхио 4,605170185988092 0,012231527718427867
сила 0,9416085398584451 0,0006252380742751959
симона 2,995732273553991 0,003978396113617518
система 0 0
словакия 2,8134107167600364 0,005604403818247085
словения 2,8134107167600364 0,005604403818247085
случай 0 0
случайный 0 0
смотреть 0 0
событие 0 0
содержание 0,1392620673335076 9,247149225332509E-05
создавать 2,120263536200091 0,0014078775140770855
создание 0,8675005677047231 0,002880147967147155
создать 0 0
сообщество 0 0
соревнование 2,5257286443082556 0,006708442614364556
соревноваться 4,605170185988092 0,0030578819296069666
сохранение 0 0
союз 1,4696759700589417 0,001951760916412937
список 0 0
спонсор 4,605170185988092 0,0091736457888209
спорт 0,083381608939051 0,00166098822587751
спортсмен 2,207274913189721 0,0029313079856437196
спустя 2,995732273553991 0,001989198056808759
средство 1,9661128563728327 0,0013055198249487601
ссср 1,4271163556401458 0,0018952408441436199
ссылаться 0 0
ссылка 0 0
стабильный 1,4271163556401458 0,0018952408441436199
стартовать 4,605170185988092 0,0030578819296069666
старый 2,207274913189721 0,0014656539928218598
статистик 0 0
статья 0 0
столетний 3,506557897319982 0,002328391698087637
страна 0,43078291609245434 0,0011441777319852705
страница 0 0
супервеломногодневка 4,605170185988092 0,006115763859213933
супермногодневщик 4,605170185988092 0,0030578819296069666
сша 0,9675840262617057 0,0006424860732149439
сюд 0 0
текст 0 0
техника 0,06187540371808745 8,217185088723433E-05
течь 0 0
тибо 4,605170185988092 0,012231527718427867
точка 2,207274913189721 0,0014656539928218598
транспортный 2,207274913189721 0,0014656539928218598
трек 4,605170185988092 0,0030578819296069666
тур 3,506557897319982 0,04191105056557747
тура 4,605170185988092 0,0030578819296069666
уго 3,506557897319982 0,004656783396175274
указатель 0 0
улучшать 2,0402208285265546 0,0013547283057945248
упаковка 4,605170185988092 0,0030578819296069666
управляться 4,605170185988092 0,0030578819296069666
условие 0 0
успеть 3,506557897319982 0,002328391698087637
участие 0 0
участник 0 0
фабиан 4,605170185988092 0,006115763859213933
файл 1,5141277326297755 0,0020107938016331677
фатт 4,605170185988092 0,006115763859213933
февраль 0 0
федерация 1,4271163556401458 0,0037904816882872398
фигурный 4,605170185988092 0,0030578819296069666
филипп 2,659260036932778 0,0035315538339080713
философия 0,09431067947124142 0,00012524658628318912
фильм 1,6094379124341003 0,0021373677455964147
финишировать 4,605170185988092 0,0030578819296069666
флаг 0,8675005677047231 0,001152059186858862
формула 2,8134107167600364 0,005604403818247085
форум 0 0
франс 4,605170185988092 0,03975246508489056
франция 1,3093333199837622 0,029559981991665284
француз 2,8134107167600364 0,003736269212164723
французский 0,23572233352106994 0,00031304426762426287
фрум 4,605170185988092 0,006115763859213933
функция 3,2188758248682006 0,0021373677455964147
харальд 4,605170185988092 0,006115763859213933
хаснауя 4,605170185988092 0,006115763859213933
хассан 4,605170185988092 0,006115763859213933
хассена 4,605170185988092 0,006115763859213933
хоакий 4,605170185988092 0,012231527718427867
ход 1,6607312068216509 0,0011027431652202197
холафя 4,605170185988092 0,006115763859213933
худший 4,605170185988092 0,0030578819296069666
цель 1,7719568419318754 0,001176598168613463
чавес 3,506557897319982 0,004656783396175274
человек 1,1394342831883648 0,0007565964695805875
чемпионат 1,4696759700589417 0,001951760916412937
честь 1,8325814637483102 0,0012168535615858633
чешский 1,3862943611198906 0,0009205141840105515
чиприано 4,605170185988092 0,006115763859213933
читать 0 0
чувствовать 3,506557897319982 0,002328391698087637
шаблон 0 0
шавка 4,605170185988092 0,006115763859213933
шарм 3,506557897319982 0,004656783396175274
швейцарец 4,605170185988092 0,006115763859213933
швейцария 2,995732273553991 0,011935188340852552
шейх 3,912023005428146 0,005195249675203381
шериф 4,605170185988092 0,006115763859213933
шоколад 3,506557897319982 0,004656783396175274
шоссе 3,506557897319982 0,004656783396175274
шоссейный 4,605170185988092 0,021405173507248767
шотландец 3,912023005428146 0,005195249675203381
шпилак 4,605170185988092 0,006115763859213933
штат 1,7147984280919266 0,009109154996504257
эбтисса 4,605170185988092 0,006115763859213933
элемент 0,19845093872383823 0,0002635470633782712
эль 2,407945608651872 0,0063956058662732315
энао 4,605170185988092 0,012231527718427867
энциклопедия 0 0
эстебан 3,912023005428146 0,005195249675203381
этап 2,407945608651872 0,0015989014665683079
юбилей 3,912023005428146 0,0025976248376016905
южный 1,171182981502945 0,001555355885130073
являться 0,3424903089467759 0,00022741720381592024
язык 0 0
январь 0,6733445532637655 0,001788431748376535
