абхайнагар 4,605170185988092 0,00788556538696591
ава 4,605170185988092 0,011828348080448865
август 0 0
агентство 2,8134107167600364 0,002408742052020579
административный 0,7133498878774648 0,0012214895340367548
азия 1,5141277326297755 0,006481711184202806
айюб 4,605170185988092 0,00788556538696591
алфавит 0 0
английский 0,37106368139083196 0,0003176915080400958
апрель 0 0
арабский 0,38566248081198473 0,00033019048014724717
арестовать 3,2188758248682006 0,0027558868363597605
археолог 3,506557897319982 0,003002189980582176
архив 0,3011050927839216 0,0015467727369037068
архитектура 1,1086626245216111 0,0009491974525013793
атиш 3,912023005428146 0,006698669529842716
баласинор 4,605170185988092 0,00788556538696591
банганапалл 4,605170185988092 0,00788556538696591
бангладеш 3,2188758248682006 0,3610211755631287
бангладешский 4,605170185988092 0,00788556538696591
бедствие 4,605170185988092 0,003942782693482955
бенг 4,605170185988092 0,00788556538696591
бенгал 4,605170185988092 0,003942782693482955
бенгали 4,605170185988092 0,003942782693482955
бенгалия 3,506557897319982 0,02101532986407523
бенгальский 2,120263536200091 0,01815294123458982
будда 3,2188758248682006 0,005511773672719521
буддизм 2,5257286443082556 0,004324877815596328
буддийский 3,2188758248682006 0,008267660509079282
валюта 1,5141277326297755 0,0038890267105216834
ванг 4,605170185988092 0,00788556538696591
век 0,5108256237659907 0,0008747014105582033
великий 1,0216512475319812 0,0017494028211164062
вернуться 2,659260036932778 0,0022767637302506657
версия 0 0
весь 2,659260036932778 0,0022767637302506657
викиновость 1,0216512475319812 0,0008747014105582031
википедия 0 0
викисклад 0,5798184952529422 0,0004964199445658751
викисловар 1,8325814637483102 0,001568990979236567
викитек 1,1394342831883648 0,0009755430506749698
викицитатник 0,9675840262617057 0,0008284109813884467
вихар 3,912023005428146 0,023445343354449505
вклад 0 0
владыка 4,605170185988092 0,003942782693482955
вмест 1,8971199848858813 0,0016242465624022955
внести 2,5257286443082556 0,002162438907798164
внешний 1,3862943611198906 0,002373791714246388
внимание 2,5257286443082556 0,002162438907798164
военный 1,0498221244986776 0,0008988203120707856
война 0,7133498878774648 0,001832234301055132
восстановить 3,506557897319982 0,003002189980582176
восстановление 3,2188758248682006 0,0027558868363597605
восток 0,7985076962177716 0,0006836538495015168
восточнобенгальский 4,605170185988092 0,003942782693482955
восточный 0,9162907318741551 0,005491468427327984
вписать 3,2188758248682006 0,0027558868363597605
впоследствие 2,5257286443082556 0,002162438907798164
всемирный 1,6607312068216509 0,002843717819900087
вскор 2,995732273553991 0,0025648392753030744
выдвинуться 4,605170185988092 0,003942782693482955
выделить 2,8134107167600364 0,002408742052020579
гатти 4,605170185988092 0,00788556538696591
география 0,083381608939051 0,0004283301829060839
герб 0,7133498878774648 0,0024429790680735096
гимн 1,2378743560016172 0,002119647869865783
год 0,6348782724359695 0,0016306804942704696
город 0,3424903089467759 0,0005864560084705067
государственный 0,7765287894989963 0,0039890177542756654
государство 0,6733445532637655 0,0005764936243696623
граница 1,4271163556401458 0,001221846194897385
дакка 4,605170185988092 0,00788556538696591
даккский 4,605170185988092 0,003942782693482955
далья 0,3566749439387324 0,000916117150527566
данный 0,1508228897345837 0,0001291291864165956
два 0 0
дважда 2,302585092994046 0,0019713913467414774
движение 1,6094379124341003 0,0013779434181798802
двухлетний 4,605170185988092 0,003942782693482955
декабрь 0 0
деление 0,9675840262617057 0,0016568219627768933
депутатский 4,605170185988092 0,003942782693482955
деревня 1,8325814637483102 0,001568990979236567
деятельность 2,120263536200091 0,0018152941234589818
джаухар 4,605170185988092 0,00788556538696591
диктатура 3,506557897319982 0,003002189980582176
династия 2,0402208285265546 0,0017467644079850637
дискриминационный 4,605170185988092 0,003942782693482955
добавить 1,0498221244986776 0,0008988203120707856
добро 1,8325814637483102 0,001568990979236567
доллар 2,302585092994046 0,0019713913467414774
дхарампур 4,605170185988092 0,00788556538696591
дхармапал 3,912023005428146 0,003349334764921358
дхармапала 4,605170185988092 0,003942782693482955
журнал 0 0
забросить 2,995732273553991 0,0025648392753030744
заключение 3,2188758248682006 0,005511773672719521
законодательный 2,407945608651872 0,002061597267681397
залив 2,207274913189721 0,003779580330804317
заниматься 0 0
запад 0,9162907318741551 0,0007844954896182835
западный 0,9942522733438669 0,0017024867694244296
запрос 0,1165338162559516 0,00019954420591772535
захоронение 3,2188758248682006 0,0027558868363597605
знаете 0,06187540371808745 0,00010595103376384837
знак 0 0
избранный 0,083381608939051 0,0003569418190884032
избрать 0 0
изменение 0 0
изображение 0,06187540371808745 0,00010595103376384837
изучать 2,5257286443082556 0,002162438907798164
имя 1,4271163556401458 0,001221846194897385
индийский 2,407945608651872 0,006184791803044191
индия 2,120263536200091 0,014522352987671855
интерес 2,659260036932778 0,0022767637302506657
интернет 1,6607312068216509 0,002843717819900087
искать 0 0
исключение 2,659260036932778 0,0022767637302506657
искусство 0,083381608939051 0,00014277672763536128
ислам 1,7147984280919266 0,0029362986782396003
испанский 0,49429632181478017 0,00042319890566333915
использование 0 0
исследование 2,120263536200091 0,0036305882469179636
история 0 0
источник 0 0
итальянский 0,7339691750802005 0,0006283982663357881
июнь 0 0
карачи 4,605170185988092 0,003942782693482955
карта 1,7147984280919266 0,0029362986782396003
категория 0 0
кв 2,995732273553991 0,0025648392753030744
квадрат 4,605170185988092 0,003942782693482955
келья 4,605170185988092 0,003942782693482955
кинематограф 1,5141277326297755 0,002592684473681122
китай 1,8971199848858813 0,004872739687206887
км 0,8209805520698303 0,0007028943082789643
книга 0 0
княжество 2,5257286443082556 0,051898533787155934
код 0 0
коллекция 2,120263536200091 0,0018152941234589818
конец 1,4271163556401458 0,001221846194897385
конституция 1,2729656758128876 0,0021797357462549445
космос 3,912023005428146 0,003349334764921358
крупнейший 1,2039728043259361 0,0010307986338406988
культура 0,3566749439387324 0,0012214895340367548
курс 3,912023005428146 0,003349334764921358
кэтрин 3,506557897319982 0,006004379961164352
лига 2,8134107167600364 0,009634968208082316
лидер 2,407945608651872 0,002061597267681397
лимбди 4,605170185988092 0,00788556538696591
литература 1,1086626245216111 0,0018983949050027586
личность 0,127833371509885 0,00021889275943473457
лохар 4,605170185988092 0,00788556538696591
лучший 0 0
май 0 0
мандат 4,605170185988092 0,003942782693482955
марк 1,3862943611198906 0,001186895857123194
марка 1,3470736479666094 0,001153316479423467
март 0 0
марта 0,3566749439387324 0,000916117150527566
материал 0 0
махавихар 4,605170185988092 0,003942782693482955
медиафайл 1,6094379124341003 0,0013779434181798802
местечко 4,605170185988092 0,003942782693482955
место 0 0
метр 2,407945608651872 0,002061597267681397
миро 0 0
мировой 1,2039728043259361 0,0010307986338406988
мнение 2,995732273553991 0,0025648392753030744
мобильный 0 0
мой 0 0
монастырь 1,8325814637483102 0,003137981958473134
монашеский 4,605170185988092 0,003942782693482955
моча 0,16251892949777494 0,00013914291909056071
муджибур 4,605170185988092 0,01577113077393182
мудхол 4,605170185988092 0,00788556538696591
музыка 1,2729656758128876 0,0021797357462549445
мурманский 3,506557897319982 0,006004379961164352
мусульманский 2,407945608651872 0,004123194535362794
мухаммед 2,995732273553991 0,0025648392753030744
мьянма 3,506557897319982 0,006004379961164352
навигация 0 0
нажать 0 0
нажим 4,605170185988092 0,003942782693482955
название 0 0
называться 1,9661128563728327 0,001683315801689069
найти 0 0
написать 0,9942522733438669 0,0008512433847122148
население 0,5108256237659907 0,003498805642232813
наследие 1,5606477482646683 0,0026723420346997746
наука 0,05129329438755048 0,00026349295062097846
находиться 0 0
начать 0,38566248081198473 0,004952857202208708
начинать 0,1508228897345837 0,0002582583728331912
небольшой 1,9661128563728327 0,001683315801689069
независимость 1,5141277326297755 0,0038890267105216834
некоммерческий 0 0
немецкий 0,5108256237659907 0,00043735070527910165
новость 1,4271163556401458 0,001221846194897385
новый 0 0
ноябрь 0 0
обвинение 3,506557897319982 0,003002189980582176
область 0,7765287894989963 0,0013296725847585552
облицевать 4,605170185988092 0,003942782693482955
образование 0,7339691750802005 0,0018851947990073644
образовать 1,6607312068216509 0,0014218589099500435
обсуждение 0 0
общественность 3,912023005428146 0,003349334764921358
общественный 2,302585092994046 0,0019713913467414774
общество 0,07257069283483537 0,0002485297699823129
общий 1,3470736479666094 0,001153316479423467
обязательный 0 0
огонь 2,302585092994046 0,0019713913467414774
означать 2,0402208285265546 0,0017467644079850637
окончательный 3,912023005428146 0,003349334764921358
окружать 3,2188758248682006 0,0027558868363597605
окружить 3,506557897319982 0,003002189980582176
октябрь 0 0
описание 0 0
оппозиция 3,912023005428146 0,003349334764921358
организация 0 0
оригинальный 2,0402208285265546 0,0017467644079850637
освобождный 3,912023005428146 0,003349334764921358
основать 1,2729656758128876 0,0010898678731274722
основной 0 0
ответственность 0 0
отдельный 0 0
отказ 0 0
отказаться 2,8134107167600364 0,002408742052020579
относиться 1,7147984280919266 0,0014681493391198001
отношение 1,4696759700589417 0,0012582842209408747
отсутствовать 0,05129329438755048 0,0008343943436330986
официальный 1,07880966137193 0,0009236384087088442
оценивание 0,1508228897345837 0,0002582583728331912
пакистан 2,995732273553991 0,028213232028333816
пал 3,912023005428146 0,006698669529842716
памятник 1,2039728043259361 0,0020615972676813975
парламент 1,4271163556401458 0,00244369238979477
пахарпур 3,912023005428146 0,010048004294764074
пахарпурский 4,605170185988092 0,003942782693482955
первый 0 0
перейти 0 0
перечень 3,912023005428146 0,003349334764921358
периметр 4,605170185988092 0,003942782693482955
персоналия 0,07257069283483537 0,00031066221247789115
печать 0 0
пластинка 3,912023005428146 0,003349334764921358
плотность 2,995732273553991 0,005129678550606149
площадь 1,07880966137193 0,0018472768174176884
пн 0,127833371509885 0,00032833913915210187
победа 1,8971199848858813 0,0016242465624022955
подвергаться 2,995732273553991 0,0025648392753030744
подокруг 4,605170185988092 0,00788556538696591
подробный 0 0
подстрекательство 4,605170185988092 0,003942782693482955
пожаловать 1,7719568419318754 0,0015170863372704411
поиск 0 0
политик 0 0
политический 1,2039728043259361 0,0010307986338406988
полный 1,6094379124341003 0,0013779434181798802
полузабытый 4,605170185988092 0,003942782693482955
получить 0 0
помочь 0,127833371509885 0,00010944637971736729
помощь 0,127833371509885 0,00010944637971736729
портал 0 0
португальский 0,49429632181478017 0,00042319890566333915
последний 0 0
послужить 3,506557897319982 0,003002189980582176
посмотреть 0 0
построить 1,4696759700589417 0,0012582842209408747
почта 1,6094379124341003 0,004133830254539641
почтовый 1,5606477482646683 0,0013361710173498873
пояс 2,120263536200091 0,0018152941234589818
правительство 1,5606477482646683 0,0013361710173498873
править 0 0
правка 0 0
право 0,843970070294529 0,002167731344934578
праздник 1,4271163556401458 0,00244369238979477
превышать 2,995732273553991 0,0025648392753030744
предать 4,605170185988092 0,003942782693482955
предлагать 0 0
приблизительно 2,995732273553991 0,0025648392753030744
привлечь 4,605170185988092 0,003942782693482955
присоединиться 2,659260036932778 0,0022767637302506657
приход 2,995732273553991 0,0025648392753030744
пришелец 3,912023005428146 0,003349334764921358
провинциальный 4,605170185988092 0,003942782693482955
провинция 1,7147984280919266 0,0014681493391198001
проводить 3,2188758248682006 0,0027558868363597605
проект 0 0
проживать 2,302585092994046 0,0019713913467414774
проповедник 3,2188758248682006 0,0027558868363597605
просмотр 1,2729656758128876 0,0010898678731274722
противовес 4,605170185988092 0,003942782693482955
проявить 3,506557897319982 0,003002189980582176
работать 1,7147984280919266 0,0014681493391198001
равный 4,605170185988092 0,003942782693482955
раджкот 4,605170185988092 0,00788556538696591
раздел 0,9675840262617057 0,0008284109813884467
размер 2,8134107167600364 0,002408742052020579
разработчик 0 0
расположить 0,9162907318741551 0,0007844954896182835
рахман 3,912023005428146 0,013397339059685431
регион 0,9942522733438669 0,0017024867694244296
религия 0,083381608939051 0,00028555345527072256
реорганизация 4,605170185988092 0,003942782693482955
реставрация 3,2188758248682006 0,0027558868363597605
родина 1,6094379124341003 0,0013779434181798802
родиться 0,8915981192837835 0,0007633545541813214
родной 2,407945608651872 0,002061597267681397
родственный 0,21072103131565253 0,000360823683759679
россия 0,7765287894989963 0,0013296725847585552
русский 0 0
рэй 2,995732273553991 0,005129678550606149
савантвади 4,605170185988092 0,00788556538696591
сангли 4,605170185988092 0,00788556538696591
сачина 4,605170185988092 0,00788556538696591
сведение 0 0
свежий 0 0
свободный 0 0
связан 3,912023005428146 0,003349334764921358
связать 0 0
север 1,0216512475319812 0,0008747014105582031
сельский 1,6607312068216509 0,002843717819900087
семья 2,207274913189721 0,0018897901654021585
сентябрь 0 0
сепаратизм 3,2188758248682006 0,0027558868363597605
середина 2,120263536200091 0,0018152941234589818
сила 0,9416085398584451 0,0032246867803371404
символ 0,9416085398584451 0,0016123433901685702
система 0 0
словарь 2,407945608651872 0,002061597267681397
случай 0 0
случайный 0 0
смотреть 0 0
собрание 1,9661128563728327 0,001683315801689069
собственный 1,8325814637483102 0,001568990979236567
событие 0 0
современный 1,0216512475319812 0,0008747014105582031
содержание 0,1392620673335076 0,00011923122203211266
создание 0,8675005677047231 0,0007427230887882902
создать 0 0
сомапур 4,605170185988092 0,003942782693482955
сообщество 0 0
сооружение 2,207274913189721 0,0018897901654021585
сосредоточиться 4,605170185988092 0,003942782693482955
состав 1,0498221244986776 0,0008988203120707856
сохранение 0 0
список 0 0
спорт 0,083381608939051 0,00028555345527072256
ссылаться 0 0
ссылка 0 0
статистик 0 0
стать 0,4620354595965586 0,0003955783044491084
статья 0 0
стен 2,207274913189721 0,0018897901654021585
стихийный 4,605170185988092 0,003942782693482955
столица 0,7985076962177716 0,0020509615485045504
страна 0,43078291609245434 0,0014752839592207339
страница 0 0
строй 1,5606477482646683 0,0026723420346997746
студент 3,2188758248682006 0,0027558868363597605
ступа 2,8134107167600364 0,004817484104041158
субконтинент 4,605170185988092 0,003942782693482955
сюд 0 0
така 4,605170185988092 0,00788556538696591
таковой 3,2188758248682006 0,0027558868363597605
тезаурус 2,995732273553991 0,0025648392753030744
текст 0 0
телевидение 1,8325814637483102 0,003137981958473134
тема 0,7550225842780328 0,0012928468908870424
терракотовый 4,605170185988092 0,003942782693482955
территория 0,8675005677047231 0,0014854461775765805
техника 0,06187540371808745 0,00010595103376384837
течь 0 0
толчок 3,912023005428146 0,003349334764921358
тонгипар 4,605170185988092 0,00788556538696591
традиционный 1,8971199848858813 0,0016242465624022955
традиция 1,8971199848858813 0,0016242465624022955
транспорт 0,9162907318741551 0,001568990979236567
туризм 1,4696759700589417 0,0025165684418817494
тыс 1,6607312068216509 0,0014218589099500435
тюремный 4,605170185988092 0,00788556538696591
указатель 0 0
укрепление 2,8134107167600364 0,002408742052020579
университет 1,3470736479666094 0,001153316479423467
условие 0 0
установить 1,7719568419318754 0,0015170863372704411
установление 3,912023005428146 0,003349334764921358
устройство 1,3470736479666094 0,002306632958846934
участвовать 1,8971199848858813 0,0016242465624022955
участие 0 0
участник 0 0
участок 2,5257286443082556 0,002162438907798164
февраль 0 0
философия 0,09431067947124142 0,00016149088950555035
флаг 0,8675005677047231 0,002970892355153161
форум 0 0
французский 0,23572233352106994 0,00020181706637077904
хана 2,995732273553991 0,005129678550606149
хозяйство 1,7719568419318754 0,0030341726745408823
хранилище 2,302585092994046 0,0019713913467414774
хх 1,2729656758128876 0,0010898678731274722
центр 0,8915981192837835 0,0007633545541813214
цитата 1,4271163556401458 0,001221846194897385
часовой 2,407945608651872 0,002061597267681397
чел 2,0402208285265546 0,0017467644079850637
человек 1,1394342831883648 0,0009755430506749698
читать 0 0
член 1,7147984280919266 0,0014681493391198001
шаблон 0 0
шамоли 3,912023005428146 0,006698669529842716
шахпур 4,605170185988092 0,00788556538696591
шейх 3,912023005428146 0,003349334764921358
штат 1,7147984280919266 0,0014681493391198001
экономика 0,7550225842780328 0,0025856937817740847
элемент 0,19845093872383823 0,000339813251239449
энциклопедия 0 0
этнолингвистический 4,605170185988092 0,003942782693482955
юго 1,171182981502945 0,0010027251553963571
южный 1,171182981502945 0,0020054503107927142
юнеско 2,0402208285265546 0,0034935288159701275
язык 0 0
