август 0 0
авиадесантный 4,605170185988092 0,0042522347054368345
авиация 2,120263536200091 0,0019577687314866954
адольф 3,2188758248682006 0,0029721845104969534
азербайджан 2,8134107167600364 0,0025977938289566357
акт 2,8134107167600364 0,0038966907434349533
активный 2,302585092994046 0,0021261173527184173
александр 1,3470736479666094 0,0037315059500460097
алексеевич 1,8971199848858813 0,001751726671178099
алексей 1,7719568419318754 0,00490846770618248
алибаба 3,506557897319982 0,003237818926426576
алфавит 0 0
альбера 3,2188758248682006 0,026749660594472584
английский 0,37106368139083196 0,00017131287229493625
андреевич 2,407945608651872 0,0022234031474163175
апрель 0 0
арабский 0,38566248081198473 0,00017805285356047308
армия 1,7719568419318754 0,0122711692654562
арсенич 1,5606477482646683 0,0014410413188039413
артиллерийский 3,2188758248682006 0,0029721845104969534
артиллерия 3,2188758248682006 0,0029721845104969534
атомный 2,995732273553991 0,002766142450188357
ба 4,605170185988092 0,0042522347054368345
белоруссия 2,659260036932778 0,0024554570978141993
бельгийский 3,2188758248682006 0,0029721845104969534
бенгальский 2,120263536200091 0,0009788843657433477
бессарабия 3,912023005428146 0,0018061048039834469
битва 1,8971199848858813 0,006131043349123347
богач 3,912023005428146 0,0036122096079668937
боевой 1,8971199848858813 0,0008758633355890496
бой 1,8971199848858813 0,001751726671178099
болгарский 1,9661128563728327 0,0009077160001721296
бомбардировка 3,506557897319982 0,006475637852853152
борисов 3,2188758248682006 0,0029721845104969534
бр 4,605170185988092 0,0042522347054368345
бригада 3,912023005428146 0,0072244192159337875
бронетехника 3,506557897319982 0,001618909463213288
буг 4,605170185988092 0,0021261173527184173
буксировать 4,605170185988092 0,0021261173527184173
бурков 3,506557897319982 0,003237818926426576
бюро 3,2188758248682006 0,0029721845104969534
валентайн 3,912023005428146 0,0036122096079668937
вариант 3,506557897319982 0,001618909463213288
василевский 4,605170185988092 0,0042522347054368345
василий 1,8325814637483102 0,004230335788892683
васильевич 1,8325814637483102 0,0050764029466712195
введение 1,3470736479666094 0,001243835316682003
великий 1,0216512475319812 0,013678617810908336
венгерский 1,9661128563728327 0,0009077160001721296
вермахт 3,912023005428146 0,014448838431867575
вернуться 2,659260036932778 0,0012277285489070997
версия 0 0
википедия 0 0
викторович 2,207274913189721 0,002038111646527905
вильгельм 3,2188758248682006 0,0029721845104969534
вклад 0 0
владимир 1,2378743560016172 0,0011430049455231923
вмест 1,8971199848858813 0,0008758633355890496
военнопленный 3,506557897319982 0,008094547316066441
военный 1,0498221244986776 0,005816189055394336
воинский 2,659260036932778 0,003683185646721299
война 0,7133498878774648 0,04544888482321798
войтановский 3,506557897319982 0,003237818926426576
войти 2,5257286443082556 0,0011660797065135068
воронов 3,912023005428146 0,0036122096079668937
восемьсот 3,912023005428146 0,0018061048039834469
восстание 2,0402208285265546 0,0018838604141519432
восточный 0,9162907318741551 0,0008460671577785366
враг 3,506557897319982 0,001618909463213288
вступить 2,8134107167600364 0,0025977938289566357
второй 1,2378743560016172 0,016002069237324692
выдаваться 2,407945608651872 0,0022234031474163175
выпустить 2,5257286443082556 0,0011660797065135068
высший 2,302585092994046 0,0021261173527184173
вьетнамский 1,6094379124341003 0,0007430461276242384
гаврилович 3,506557897319982 0,001618909463213288
гай 2,995732273553991 0,0013830712250941786
гау 4,605170185988092 0,0021261173527184173
гаубица 3,912023005428146 0,014448838431867575
гвардейский 3,2188758248682006 0,00891655353149086
гейдрих 4,605170185988092 0,0042522347054368345
генерал 1,8325814637483102 0,004230335788892683
география 0,083381608939051 7,699132866025023E-05
гера 1,9661128563728327 0,0036308640006885184
геринг 3,912023005428146 0,0036122096079668937
герман 3,506557897319982 0,003237818926426576
германий 2,207274913189721 0,0010190558232639525
германия 1,9661128563728327 0,0018154320003442592
германский 2,5257286443082556 0,0023321594130270135
герой 2,120263536200091 0,003915537462973391
гитлер 2,995732273553991 0,005532284900376714
го 2,0402208285265546 0,0018838604141519432
год 0,6348782724359695 0,002344887432819832
голландский 2,995732273553991 0,002766142450188357
голль 3,912023005428146 0,0036122096079668937
государство 0,6733445532637655 0,0012434802461011366
грабина 4,605170185988092 0,0021261173527184173
гребенеть 3,912023005428146 0,0036122096079668937
гренадерский 3,912023005428146 0,01806104803983447
греческий 1,4271163556401458 0,0006588718170083775
григорьевич 2,407945608651872 0,004446806294832635
группа 1,4696759700589417 0,0013570415236001307
губерния 2,659260036932778 0,0024554570978141993
гульден 4,605170185988092 0,0021261173527184173
гурьевич 3,912023005428146 0,0036122096079668937
густлофф 4,605170185988092 0,0042522347054368345
д 1,5141277326297755 0,0020971298235869466
данилович 3,2188758248682006 0,0029721845104969534
данный 0,1508228897345837 6,963198972049108E-05
датский 2,995732273553991 0,002766142450188357
два 0 0
дважда 2,302585092994046 0,0010630586763592086
движение 1,6094379124341003 0,002229138382872715
де 1,1394342831883648 0,010521092180871328
действие 1,8325814637483102 0,0033842686311141464
декабрь 0 0
делегация 4,605170185988092 0,0021261173527184173
деньги 3,2188758248682006 0,0014860922552484767
джек 3,2188758248682006 0,0014860922552484767
дивизионный 3,912023005428146 0,019867152843817917
дивизия 3,2188758248682006 0,03715230638121192
дмитрия 2,120263536200091 0,005873306194460086
днестр 4,605170185988092 0,0021261173527184173
доброволец 3,506557897319982 0,001618909463213288
добыча 2,8134107167600364 0,0012988969144783178
договор 2,407945608651872 0,0022234031474163175
доллар 2,302585092994046 0,0021261173527184173
дорога 1,5606477482646683 0,0014410413188039413
дрезден 3,912023005428146 0,0036122096079668937
друг 2,659260036932778 0,0012277285489070997
дубивко 4,605170185988092 0,0042522347054368345
дубина 3,912023005428146 0,0036122096079668937
дюнкерк 4,605170185988092 0,0042522347054368345
еврей 2,659260036932778 0,0024554570978141993
ефим 3,506557897319982 0,003237818926426576
ефимович 2,659260036932778 0,0024554570978141993
ефремов 3,912023005428146 0,0036122096079668937
железный 1,7147984280919266 0,0015833780499463772
жена 2,407945608651872 0,0011117015737081588
животное 2,407945608651872 0,0022234031474163175
жизнь 1,5606477482646683 0,0007205206594019706
журнал 0 0
заниматься 0 0
занять 2,8134107167600364 0,0012988969144783178
запрос 0,1165338162559516 0,00010760278509321478
зарисовывать 4,605170185988092 0,0021261173527184173
зарубежный 3,2188758248682006 0,0014860922552484767
защищать 2,659260036932778 0,0012277285489070997
звание 2,407945608651872 0,0011117015737081588
звереть 3,912023005428146 0,0036122096079668937
земной 2,8134107167600364 0,0012988969144783178
зенитный 3,912023005428146 0,0018061048039834469
зиновья 3,912023005428146 0,0036122096079668937
зис 4,605170185988092 0,0042522347054368345
знаете 0,06187540371808745 5,7133336766470406E-05
знак 0 0
иван 1,7719568419318754 0,0016361559020608267
иванович 1,6094379124341003 0,00445827676574543
иводзим 4,605170185988092 0,0042522347054368345
иврит 1,6607312068216509 0,0007667272422999311
избранный 0,083381608939051 0,00011548699299037535
избрать 0 0
изменение 0 0
изображение 0,06187540371808745 2,8566668383235203E-05
ильич 2,5257286443082556 0,0023321594130270135
иметь 0,616186139423817 0,0002844811354680595
иметься 1,4271163556401458 0,001317743634016755
империя 1,2039728043259361 0,0016675523605622384
индекс 2,659260036932778 0,0024554570978141993
индия 2,120263536200091 0,0019577687314866954
иса 3,2188758248682006 0,0029721845104969534
искать 0 0
искусство 0,083381608939051 7,699132866025023E-05
исмий 3,912023005428146 0,0036122096079668937
использование 0 0
использоваться 1,4696759700589417 0,0006785207618000654
историография 2,995732273553991 0,002766142450188357
история 0 0
источник 0 0
итальянский 0,7339691750802005 0,00033885926827340745
июль 0,9162907318741551 0,0004230335788892683
июнь 0 0
кабан 3,912023005428146 0,0036122096079668937
кавказ 2,8134107167600364 0,0025977938289566357
казак 3,2188758248682006 0,0029721845104969534
калинин 4,605170185988092 0,0042522347054368345
кампания 2,659260036932778 0,0024554570978141993
капелла 3,506557897319982 0,003237818926426576
капитуляция 3,506557897319982 0,004856728389639864
карман 3,506557897319982 0,003237818926426576
карта 1,7147984280919266 0,0015833780499463772
катанугин 3,506557897319982 0,003237818926426576
категория 0 0
качество 1,5606477482646683 0,0007205206594019706
кв 2,995732273553991 0,005532284900376714
кебир 3,506557897319982 0,003237818926426576
киевский 3,2188758248682006 0,0029721845104969534
килт 3,506557897319982 0,003237818926426576
китайский 1,171182981502945 0,0005407123644981279
кладбище 2,5257286443082556 0,0023321594130270135
клопшин 3,912023005428146 0,0036122096079668937
книга 0 0
кнр 3,912023005428146 0,0036122096079668937
князев 3,912023005428146 0,0036122096079668937
код 0 0
коллаборационизм 3,506557897319982 0,003237818926426576
колобан 4,605170185988092 0,0042522347054368345
командовать 2,8134107167600364 0,0038966907434349533
командующий 3,506557897319982 0,008094547316066441
конвой 4,605170185988092 0,0042522347054368345
константин 2,659260036932778 0,0024554570978141993
константинович 2,995732273553991 0,0013830712250941786
конструктор 2,995732273553991 0,0013830712250941786
конструкторский 3,912023005428146 0,0018061048039834469
контроль 2,995732273553991 0,0013830712250941786
конференция 2,659260036932778 0,0024554570978141993
конфликт 2,659260036932778 0,0012277285489070997
концепция 3,2188758248682006 0,0014860922552484767
корабль 2,407945608651872 0,0022234031474163175
который 0,9162907318741551 0,0008460671577785366
кочерга 3,506557897319982 0,003237818926426576
краевой 3,506557897319982 0,003237818926426576
красная 2,207274913189721 0,0030571674697918577
красный 0,7765287894989963 0,00035850821306509525
крупнейший 1,2039728043259361 0,0005558507868540795
крус 3,506557897319982 0,003237818926426576
крым 3,506557897319982 0,001618909463213288
крысолов 3,912023005428146 0,0018061048039834469
лавриненко 4,605170185988092 0,0042522347054368345
лагерь 3,2188758248682006 0,0029721845104969534
латышский 2,995732273553991 0,0013830712250941786
лейбштандарт 4,605170185988092 0,0042522347054368345
ленда 3,506557897319982 0,003237818926426576
лиз 3,506557897319982 0,003237818926426576
лизюки 3,506557897319982 0,003237818926426576
линейный 3,912023005428146 0,0036122096079668937
линия 1,8971199848858813 0,001751726671178099
линкор 3,912023005428146 0,0018061048039834469
личность 0,127833371509885 5,901817705904201E-05
лодка 2,5257286443082556 0,0023321594130270135
лужский 4,605170185988092 0,0042522347054368345
лучший 0 0
люгер 3,912023005428146 0,0036122096079668937
май 0 0
максима 2,0402208285265546 0,0018838604141519432
малайский 3,912023005428146 0,0036122096079668937
март 0 0
марта 0,3566749439387324 0,00675146477446354
материал 0 0
матч 2,407945608651872 0,0022234031474163175
международный 0,9942522733438669 0,0009180538073350572
междуречье 3,912023005428146 0,0018061048039834469
мероприятие 3,2188758248682006 0,00445827676574543
мерс 3,506557897319982 0,003237818926426576
место 0 0
миро 0 0
мировой 1,2039728043259361 0,05336167553799163
миссури 3,912023005428146 0,005418314411950341
михаил 1,5606477482646683 0,004323123956411824
михайлович 1,7719568419318754 0,00490846770618248
мл 3,912023005428146 0,0036122096079668937
млн 1,8325814637483102 0,0008460671577785366
мм 3,506557897319982 0,05504292174925179
многие 1,5606477482646683 0,0007205206594019706
мобильный 0 0
модель 2,8134107167600364 0,0025977938289566357
модернизация 4,605170185988092 0,0021261173527184173
модернизировать 4,605170185988092 0,0021261173527184173
мой 0 0
молдавия 4,605170185988092 0,008504469410873669
молдавский 3,506557897319982 0,001618909463213288
молодой 2,5257286443082556 0,0011660797065135068
море 1,1394342831883648 0,0010521092180871328
мороз 2,659260036932778 0,0024554570978141993
морсер 3,912023005428146 0,03250988647170205
музей 1,3093333199837622 0,0012089873684060593
музыка 1,2729656758128876 0,001175406902874319
мухиддин 3,506557897319982 0,003237818926426576
навигация 0 0
нагасаки 3,912023005428146 0,0036122096079668937
надежда 3,2188758248682006 0,0029721845104969534
нажать 0 0
название 0 0
найти 0 0
нападение 3,2188758248682006 0,005944369020993907
население 0,5108256237659907 0,00023583823811910927
наука 0,05129329438755048 4,7362229351385484E-05
находиться 0 0
начало 1,2039728043259361 0,0005558507868540795
начать 0,38566248081198473 0,0071221141424189244
начаться 2,207274913189721 0,0010190558232639525
начинать 0,1508228897345837 0,00013926397944098216
недостаток 3,912023005428146 0,0018061048039834469
некоммерческий 0 0
немецкий 0,5108256237659907 0,00047167647623821854
неправильный 3,912023005428146 0,0036122096079668937
непроверенный 1,9661128563728327 0,0018154320003442592
нечитаемый 1,5606477482646683 0,002161561978205912
николаев 3,506557897319982 0,003237818926426576
николаевич 1,5606477482646683 0,0014410413188039413
николай 1,5141277326297755 0,0069904327452898225
новый 0 0
норвежский 1,7147984280919266 0,0007916890249731886
ноябрь 0 0
оборона 2,302585092994046 0,003189176029077626
оборонительный 2,995732273553991 0,005532284900376714
образ 1,7147984280919266 0,0007916890249731886
образец 2,407945608651872 0,037797853506077395
обсуждение 0 0
общество 0,07257069283483537 6,700894998599757E-05
обязательный 0 0
оглы 2,995732273553991 0,002766142450188357
одесса 3,2188758248682006 0,0029721845104969534
один 0,843970070294529 0,0003896445384554612
оккупация 3,2188758248682006 0,0029721845104969534
оккупировать 4,605170185988092 0,0021261173527184173
окончиться 3,506557897319982 0,001618909463213288
оксанин 4,605170185988092 0,0021261173527184173
октябрь 0 0
операция 1,9661128563728327 0,01815432000344259
описание 0 0
оправдать 3,912023005428146 0,0018061048039834469
организация 0 0
орудие 3,912023005428146 0,012642733627884128
основной 0 0
ост 3,912023005428146 0,0036122096079668937
остарбайтер 4,605170185988092 0,0042522347054368345
остров 1,2039728043259361 0,0027792539342703973
ответственность 0 0
отдельный 0 0
отечественный 2,0402208285265546 0,023548255176899294
отказ 0 0
офицер 2,8134107167600364 0,0038966907434349533
охватить 4,605170185988092 0,0021261173527184173
охрана 2,995732273553991 0,0013830712250941786
оценивание 0,1508228897345837 0,00013926397944098216
павел 2,407945608651872 0,004446806294832635
память 3,506557897319982 0,003237818926426576
пантера 4,605170185988092 0,0042522347054368345
партизан 3,2188758248682006 0,00445827676574543
пелелиу 4,605170185988092 0,0042522347054368345
первый 0 0
перейти 0 0
период 1,3093333199837622 0,0006044936842030296
персидский 1,5606477482646683 0,0007205206594019706
персоналия 0,07257069283483537 0,00013401789997199515
песо 3,912023005428146 0,0036122096079668937
петрович 2,407945608651872 0,0022234031474163175
пехотный 3,2188758248682006 0,011888738041987814
печать 0 0
пистолет 3,912023005428146 0,0072244192159337875
плаццотто 2,995732273553991 0,002766142450188357
плен 3,2188758248682006 0,0029721845104969534
пн 0,127833371509885 0,00035410906235425205
погибнуть 1,9661128563728327 0,0036308640006885184
подборка 1,6094379124341003 0,0014860922552484767
подводный 3,2188758248682006 0,0029721845104969534
поддержка 2,659260036932778 0,0012277285489070997
подписание 3,506557897319982 0,001618909463213288
подпольщик 4,605170185988092 0,0042522347054368345
подробный 0 0
поиск 0 0
показать 1,2729656758128876 0,001175406902874319
политик 0 0
полк 2,659260036932778 0,0024554570978141993
полководец 2,995732273553991 0,0013830712250941786
полковой 4,605170185988092 0,008504469410873669
полность 2,407945608651872 0,0011117015737081588
полууниверсальный 4,605170185988092 0,0021261173527184173
получить 0 0
польский 1,2729656758128876 0,0017631103543114786
полянский 3,912023005428146 0,0036122096079668937
помочь 0,127833371509885 5,901817705904201E-05
помощь 0,127833371509885 5,901817705904201E-05
попасть 2,5257286443082556 0,0023321594130270135
портал 0 0
португальский 0,49429632181478017 0,0002282069814472669
последний 0 0
последствие 3,912023005428146 0,0036122096079668937
посмотреть 0 0
потенциальный 1,5141277326297755 0,0020971298235869466
править 0 0
правка 0 0
предвоенный 4,605170185988092 0,0021261173527184173
предлагать 0 0
представлять 1,6607312068216509 0,0007667272422999311
преступление 3,506557897319982 0,003237818926426576
приблизительно 2,995732273553991 0,0013830712250941786
прибыть 2,995732273553991 0,0013830712250941786
примечательный 2,0402208285265546 0,0009419302070759716
принимать 2,302585092994046 0,0010630586763592086
принять 1,3862943611198906 0,0012800501949398805
присвоить 2,8134107167600364 0,0012988969144783178
проверить 1,9661128563728327 0,0018154320003442592
проект 0 0
производство 2,207274913189721 0,002038111646527905
пропаганда 3,912023005428146 0,0036122096079668937
прорыв 4,605170185988092 0,0042522347054368345
противотанковый 3,506557897319982 0,004856728389639864
прочее 2,995732273553991 0,002766142450188357
пушка 4,605170185988092 0,05953128587611568
разработать 2,5257286443082556 0,0023321594130270135
разработка 1,07880966137193 0,0004980654022954432
разработчик 0 0
рамка 1,8971199848858813 0,0008758633355890496
рейнхард 4,605170185988092 0,0042522347054368345
рейх 3,506557897319982 0,008094547316066441
религия 0,083381608939051 7,699132866025023E-05
республика 0,9416085398584451 0,0004347223175708426
речь 3,2188758248682006 0,0014860922552484767
ркк 3,2188758248682006 0,0029721845104969534
родиться 0,8915981192837835 0,0004116334807404356
родственный 0,21072103131565253 9,728579469790052E-05
розум 3,912023005428146 0,0036122096079668937
российский 1,0498221244986776 0,0019387296851314452
рубеж 3,2188758248682006 0,0029721845104969534
рубль 3,2188758248682006 0,0029721845104969534
руководство 2,0402208285265546 0,0009419302070759716
румын 4,605170185988092 0,0021261173527184173
румыния 2,659260036932778 0,008594099842349698
румынский 3,912023005428146 0,0018061048039834469
рупия 4,605170185988092 0,0021261173527184173
русский 0 0
рустем 3,506557897319982 0,003237818926426576
ряд 1,6607312068216509 0,0007667272422999311
сайпанский 3,912023005428146 0,0018061048039834469
самоубийца 3,912023005428146 0,0018061048039834469
самоходный 3,506557897319982 0,003237818926426576
самсонович 3,912023005428146 0,0036122096079668937
самый 0,5447271754416719 0,00025148992402662597
сант 2,8134107167600364 0,0025977938289566357
сау 3,912023005428146 0,0036122096079668937
сведение 0 0
свежий 0 0
свирид 3,912023005428146 0,0036122096079668937
свободный 0 0
свыше 2,995732273553991 0,0013830712250941786
связать 0 0
связь 1,6607312068216509 0,0007667272422999311
севастополь 3,2188758248682006 0,0029721845104969534
сеитнияз 3,912023005428146 0,0036122096079668937
сель 2,995732273553991 0,0013830712250941786
сентябрь 0 0
сергеевич 2,302585092994046 0,0021261173527184173
сергеевна 3,2188758248682006 0,0029721845104969534
серийный 2,995732273553991 0,002766142450188357
сидней 2,995732273553991 0,002766142450188357
сила 0,9416085398584451 0,0008694446351416852
система 0 0
случай 0 0
случайный 0 0
смотреть 0 0
смочь 2,5257286443082556 0,0011660797065135068
снять 2,302585092994046 0,0010630586763592086
событие 0 0
советский 1,3470736479666094 0,009328764875115024
советско 2,995732273553991 0,006915356125470893
содержание 0,1392620673335076 6,429458325646703E-05
создать 0 0
солдат 2,8134107167600364 0,0012988969144783178
соломонов 3,912023005428146 0,0036122096079668937
сообщество 0 0
сопротивление 2,995732273553991 0,0013830712250941786
сопротивленческий 4,605170185988092 0,0042522347054368345
состав 1,0498221244986776 0,0004846824212828613
сохранение 0 0
социалистический 1,9661128563728327 0,002723148000516389
союз 1,4696759700589417 0,004071124570800393
спас 3,506557897319982 0,001618909463213288
список 0 0
спорт 0,083381608939051 7,699132866025023E-05
сражение 2,8134107167600364 0,005195587657913271
средний 1,8971199848858813 0,001751726671178099
сс 3,912023005428146 0,0072244192159337875
ссср 1,4271163556401458 0,00263548726803351
ссылаться 0 0
ссылка 0 0
стабильный 1,4271163556401458 0,001317743634016755
статистик 0 0
стать 0,4620354595965586 0,00021331276989684146
статья 0 0
сторона 1,7719568419318754 0,0008180779510304133
страна 0,43078291609245434 0,0007955363178069332
страница 0 0
странный 3,506557897319982 0,003237818926426576
строительство 2,5257286443082556 0,0011660797065135068
стюарт 3,2188758248682006 0,0029721845104969534
су 3,912023005428146 0,0072244192159337875
судно 2,5257286443082556 0,0023321594130270135
сюд 0 0
тайк 4,605170185988092 0,0021261173527184173
такой 1,7147984280919266 0,0007916890249731886
тангстный 4,605170185988092 0,0042522347054368345
танк 3,2188758248682006 0,02229138382872715
танковый 3,2188758248682006 0,013374830297236292
театр 1,9661128563728327 0,0018154320003442592
теймур 3,912023005428146 0,0036122096079668937
текст 0 0
территориальный 2,407945608651872 0,0022234031474163175
территория 0,8675005677047231 0,0008010162213340009
техника 0,06187540371808745 0,00019996667868264642
течь 0 0
тимофеевич 3,506557897319982 0,003237818926426576
типа 2,5257286443082556 0,005830398532567534
томас 2,407945608651872 0,0011117015737081588
томпсон 4,605170185988092 0,0042522347054368345
торговый 2,995732273553991 0,002766142450188357
третий 1,7147984280919266 0,002375067074919566
трофей 3,2188758248682006 0,0029721845104969534
трофейный 3,506557897319982 0,001618909463213288
труд 2,120263536200091 0,0019577687314866954
тува 3,912023005428146 0,0036122096079668937
туран 4,605170185988092 0,0042522347054368345
тягота 4,605170185988092 0,0021261173527184173
удар 2,8134107167600364 0,0012988969144783178
уезд 2,659260036932778 0,0012277285489070997
указатель 0 0
украина 1,9661128563728327 0,0009077160001721296
украинский 1,07880966137193 0,0004980654022954432
уманьский 4,605170185988092 0,0021261173527184173
универсальный 3,2188758248682006 0,0014860922552484767
условие 0 0
установка 3,912023005428146 0,0018061048039834469
участвовать 1,8971199848858813 0,0008758633355890496
участие 0 0
участник 0 0
файл 1,5141277326297755 0,0013980865490579644
фалезский 4,605170185988092 0,0042522347054368345
фархат 3,506557897319982 0,003237818926426576
федерация 1,4271163556401458 0,001317743634016755
федосеевич 4,605170185988092 0,0042522347054368345
федотович 3,2188758248682006 0,0029721845104969534
фердинанд 3,2188758248682006 0,0029721845104969534
философия 0,09431067947124142 8,708280652930878E-05
финляндия 2,5257286443082556 0,0011660797065135068
финляндский 3,912023005428146 0,0036122096079668937
финский 1,9661128563728327 0,002723148000516389
фоменко 3,912023005428146 0,0036122096079668937
форум 0 0
франция 1,3093333199837622 0,0012089873684060593
французский 0,23572233352106994 0,00021765681765565091
фронт 2,120263536200091 0,0019577687314866954
фунт 2,995732273553991 0,002766142450188357
футбольный 1,9661128563728327 0,0018154320003442592
фф 2,995732273553991 0,008298427350565072
ха 3,2188758248682006 0,0029721845104969534
харбор 3,912023005428146 0,0036122096079668937
харьковский 3,912023005428146 0,0036122096079668937
хетцер 4,605170185988092 0,0042522347054368345
хиросима 3,912023005428146 0,0036122096079668937
хирохито 4,605170185988092 0,0042522347054368345
ход 1,6607312068216509 0,003833636211499656
холодный 2,995732273553991 0,006915356125470893
холокост 4,605170185988092 0,01488282146902892
хороший 0,7985076962177716 0,0003686554460839204
хроник 3,2188758248682006 0,0029721845104969534
чарнвуда 4,605170185988092 0,0042522347054368345
человечество 2,5257286443082556 0,0011660797065135068
черкас 3,912023005428146 0,0036122096079668937
черняховский 4,605170185988092 0,006378352058155252
чешский 1,3862943611198906 0,0006400250974699402
чи 3,506557897319982 0,003237818926426576
читать 0 0
шаблон 0 0
шар 3,2188758248682006 0,0014860922552484767
шарль 3,2188758248682006 0,0029721845104969534
шведский 1,7147984280919266 0,0007916890249731886
шинкарук 3,912023005428146 0,0036122096079668937
штурмтигра 4,605170185988092 0,0042522347054368345
шубин 3,2188758248682006 0,0029721845104969534
шум 3,506557897319982 0,003237818926426576
шупен 3,912023005428146 0,0036122096079668937
щур 3,912023005428146 0,0036122096079668937
элемент 0,19845093872383823 0,00018324186401093095
эль 2,407945608651872 0,0022234031474163175
энциклопедия 0 0
энцо 2,8134107167600364 0,0025977938289566357
эстония 3,506557897319982 0,003237818926426576
южный 1,171182981502945 0,0010814247289962558
юрий 2,120263536200091 0,0019577687314866954
являться 0,3424903089467759 0,00015812110293018277
язык 0 0
яй 1,7147984280919266 0,0031667560998927544
яков 2,8134107167600364 0,0025977938289566357
япония 1,8971199848858813 0,0026275900067671484
японский 1,4696759700589417 0,005428166094400523
ясский 4,605170185988092 0,0042522347054368345
