август 0 0
агентство 2,8134107167600364 0,0051860105378065185
акциз 4,605170185988092 0,008488792969563303
акция 3,912023005428146 0,007211102314153265
александрлаптевый 4,605170185988092 0,008488792969563303
александрович 1,6607312068216509 0,0015306278403886184
алфавит 0 0
анализ 4,605170185988092 0,008488792969563303
апрель 0 0
архив 0,3011050927839216 0,0011100648581895728
аудит 4,605170185988092 0,06791034375650642
аудитор 4,605170185988092 0,008488792969563303
аудиторский 4,605170185988092 0,02546637890868991
баланс 3,506557897319982 0,01615925298304139
безвозмездный 4,605170185988092 0,0042443964847816516
бездетность 4,605170185988092 0,008488792969563303
бизнес 3,506557897319982 0,006463701193216556
бизнесмен 3,912023005428146 0,007211102314153265
билл 3,506557897319982 0,006463701193216556
биологический 2,407945608651872 0,00443860941686981
бисмарк 4,605170185988092 0,008488792969563303
больший 1,8325814637483102 0,0016890151739615761
бор 4,605170185988092 0,008488792969563303
борьба 1,8325814637483102 0,0033780303479231523
бутан 2,995732273553991 0,005522087140191688
бухгалтер 4,605170185988092 0,016977585939126606
бухгалтерия 4,605170185988092 0,008488792969563303
бухгалтерский 4,605170185988092 0,15704266993692112
важность 3,506557897319982 0,003231850596608278
ведение 2,8134107167600364 0,0051860105378065185
вековой 3,912023005428146 0,007211102314153265
великобритания 1,6607312068216509 0,003061255680777237
версия 0 0
вести 2,995732273553991 0,002761043570095844
взимание 4,605170185988092 0,0042443964847816516
вид 1,0498221244986776 0,0019351559898593137
википедия 0 0
вклад 0 0
владимир 1,2378743560016172 0,0045635920958584965
власть 1,4696759700589417 0,0013545400645704531
внутренний 2,120263536200091 0,003908319882396481
водный 2,5257286443082556 0,00465572100333319
временной 3,912023005428146 0,0036055511570766323
вывод 4,605170185988092 0,0042443964847816516
выплата 4,605170185988092 0,0042443964847816516
выражение 3,2188758248682006 0,0029667058293716135
гарнцевый 4,605170185988092 0,008488792969563303
география 0,083381608939051 0,00015369881832083134
гербовый 4,605170185988092 0,008488792969563303
германия 1,9661128563728327 0,001812085581910445
гор 1,5141277326297755 0,0027910188619903694
государственный 0,7765287894989963 0,0014313894737308687
государство 0,6733445532637655 0,000620594058307618
далья 0,3566749439387324 0,00032873266722463815
данный 0,1508228897345837 0,0001390072716447776
дань 3,912023005428146 0,010816653471229896
датский 2,995732273553991 0,005522087140191688
два 0 0
движение 1,6094379124341003 0,008900117488114841
двоеданство 4,605170185988092 0,008488792969563303
декабрь 0 0
денежный 3,506557897319982 0,035550356562691066
деньги 3,2188758248682006 0,011866823317486454
деятель 1,5141277326297755 0,0013955094309951847
деятельность 2,120263536200091 0,003908319882396481
джозеф 2,8134107167600364 0,0051860105378065185
диалектический 4,605170185988092 0,008488792969563303
добавить 1,0498221244986776 0,0038703119797186274
добыча 2,8134107167600364 0,0051860105378065185
документальный 2,8134107167600364 0,0025930052689032593
долгосрочный 3,912023005428146 0,0036055511570766323
допускать 4,605170185988092 0,0042443964847816516
дымовой 4,605170185988092 0,008488792969563303
европа 0,8915981192837835 0,0008217494186947313
единый 2,407945608651872 0,00443860941686981
железный 1,7147984280919266 0,0031609187614597724
женщина 1,6607312068216509 0,0015306278403886184
журнал 0 0
журналист 3,912023005428146 0,0036055511570766323
забожничий 4,605170185988092 0,008488792969563303
замыть 4,605170185988092 0,008488792969563303
заниматься 0 0
запас 2,995732273553991 0,005522087140191688
запрос 0,1165338162559516 0,00032221331683673254
зверина 4,605170185988092 0,008488792969563303
земельный 4,605170185988092 0,008488792969563303
знаете 0,06187540371808745 0,00011405604371997688
знак 0 0
игорный 3,912023005428146 0,007211102314153265
избранный 0,083381608939051 0,000230548227481247
избрать 0 0
изменение 0 0
илла 1,3862943611198906 0,0012776906554100374
империя 1,2039728043259361 0,0011096523542174527
имущество 3,506557897319982 0,012927402386433112
инвестиционный 4,605170185988092 0,008488792969563303
индукт 4,605170185988092 0,008488792969563303
интервик 0,9675840262617057 0,0008917825126835997
информация 1,5606477482646683 0,0028767700428841813
искать 0 0
ископаемый 4,605170185988092 0,008488792969563303
искусство 0,083381608939051 0,00015369881832083134
использование 0 0
исторический 1,2378743560016172 0,0034226940718938724
история 0 0
источник 0 0
июнь 0 0
капитал 4,605170185988092 0,021221982423908256
карл 1,9661128563728327 0,005436256745731335
картина 2,302585092994046 0,0042443964847816516
категория 0 0
качество 1,5606477482646683 0,0014383850214420906
квартирный 4,605170185988092 0,008488792969563303
классификация 2,5257286443082556 0,00465572100333319
классовый 4,605170185988092 0,0042443964847816516
книга 0 0
код 0 0
кокс 3,912023005428146 0,007211102314153265
коммунистический 3,2188758248682006 0,0029667058293716135
компания 2,407945608651872 0,024412351792783955
контрибуция 4,605170185988092 0,008488792969563303
контроль 2,995732273553991 0,002761043570095844
координация 3,506557897319982 0,003231850596608278
косвенный 3,912023005428146 0,007211102314153265
кох 4,605170185988092 0,008488792969563303
краткосрочный 4,605170185988092 0,0042443964847816516
кредитоспособность 4,605170185988092 0,0042443964847816516
кырач 4,605170185988092 0,008488792969563303
лёгкий 3,912023005428146 0,0036055511570766323
леонид 2,8134107167600364 0,0051860105378065185
ликвидность 4,605170185988092 0,0042443964847816516
лицо 2,8134107167600364 0,0025930052689032593
личность 0,127833371509885 0,00011781877558514746
лондон 2,120263536200091 0,003908319882396481
лука 3,2188758248682006 0,0029667058293716135
лучший 0 0
май 0 0
макар 4,605170185988092 0,008488792969563303
маркс 3,2188758248682006 0,011866823317486454
марксизм 3,2188758248682006 0,005933411658743227
март 0 0
марта 0,3566749439387324 0,0009861980016739145
материал 0 0
материализм 3,912023005428146 0,010816653471229896
медведеть 3,2188758248682006 0,005933411658743227
медный 2,995732273553991 0,005522087140191688
международный 0,9942522733438669 0,0009163615422524119
меллон 4,605170185988092 0,008488792969563303
местный 1,8971199848858813 0,0017484976819224713
место 0 0
миро 0 0
мобильный 0 0
мой 0 0
мона 3,2188758248682006 0,0029667058293716135
моча 0,16251892949777494 0,00014978703179518426
мочь 0,8209805520698303 0,0015133282065803325
мсфо 4,605170185988092 0,0042443964847816516
мыслить 3,912023005428146 0,007211102314153265
навигация 0 0
нажать 0 0
название 0 0
найти 0 0
налог 3,506557897319982 0,14866512744398078
налогообложение 3,506557897319982 0,04201405775590762
наплакаться 4,605170185988092 0,0042443964847816516
направление 1,8325814637483102 0,005067045521884729
настоящий 1,6094379124341003 0,0014833529146858068
наука 0,05129329438755048 0,00023637462851405753
находиться 0 0
национальный 0,7550225842780328 0,0006958733495650072
начать 0,38566248081198473 0,005331739366064305
начинать 0,1508228897345837 0,0002780145432895552
независимый 2,207274913189721 0,0020343547587002037
некоммерческий 0 0
немецкий 0,5108256237659907 0,0009416140530248677
непрерывный 4,605170185988092 0,0042443964847816516
николай 1,5141277326297755 0,0013955094309951847
новый 0 0
ноябрь 0 0
обобщение 4,605170185988092 0,008488792969563303
образование 0,7339691750802005 0,00202940785736461
оброк 4,605170185988092 0,008488792969563303
обсуждение 0 0
общественный 2,302585092994046 0,006366594727172477
общество 0,07257069283483537 0,00013377086236836014
общий 1,3470736479666094 0,0012415425326881193
объект 1,6607312068216509 0,0015306278403886184
обязательный 0 0
обязательство 4,605170185988092 0,008488792969563303
октябрь 0 0
операция 1,9661128563728327 0,00362417116382089
описание 0 0
определить 3,912023005428146 0,0036055511570766323
орган 1,9661128563728327 0,001812085581910445
организация 0 0
основа 1,8971199848858813 0,0017484976819224713
основатель 1,9661128563728327 0,001812085581910445
основной 0 0
оставлять 1,7719568419318754 0,0016331399464809913
осуществлять 3,912023005428146 0,0036055511570766323
ответственность 0 0
отдельный 0 0
отказ 0 0
откуп 4,605170185988092 0,008488792969563303
отражать 3,2188758248682006 0,0029667058293716135
отсутствовать 0,05129329438755048 0,00023637462851405753
отто 3,506557897319982 0,006463701193216556
отчетность 4,605170185988092 0,008488792969563303
оценивание 0,1508228897345837 0,0002780145432895552
оценка 2,302585092994046 0,0021221982423908258
ошибка 1,7147984280919266 0,0031609187614597724
пакет 4,605170185988092 0,0042443964847816516
палата 2,8134107167600364 0,0051860105378065185
пеня 4,605170185988092 0,008488792969563303
первый 0 0
перейти 0 0
период 1,3093333199837622 0,002413517640523064
персоналия 0,07257069283483537 0,00013377086236836014
печать 0 0
план 2,5257286443082556 0,00465572100333319
платёж 4,605170185988092 0,0042443964847816516
пн 0,127833371509885 0,0005890938779257373
подать 3,912023005428146 0,010816653471229896
подпроект 4,605170185988092 0,0042443964847816516
подробный 0 0
позволять 3,506557897319982 0,003231850596608278
поиск 0 0
полезный 2,5257286443082556 0,00465572100333319
политик 0 0
политический 1,2039728043259361 0,0011096523542174527
половина 2,207274913189721 0,0020343547587002037
получить 0 0
помочь 0,127833371509885 0,00011781877558514746
помощь 0,127833371509885 0,00011781877558514746
портал 0 0
портрет 2,995732273553991 0,002761043570095844
последний 0 0
посмотреть 0 0
поступление 3,912023005428146 0,007211102314153265
потолок 4,605170185988092 0,0042443964847816516
пошлина 3,912023005428146 0,01442220462830653
правительство 1,5606477482646683 0,0014383850214420906
править 0 0
правка 0 0
превратиться 2,8134107167600364 0,0025930052689032593
предлагать 0 0
премия 1,8325814637483102 0,0033780303479231523
прибавочный 4,605170185988092 0,0042443964847816516
прибыль 4,605170185988092 0,008488792969563303
придти 3,2188758248682006 0,0029667058293716135
применительный 4,605170185988092 0,0042443964847816516
принудительный 3,506557897319982 0,003231850596608278
прирост 4,605170185988092 0,008488792969563303
присоединиться 2,659260036932778 0,0024509309096154637
проведение 2,8134107167600364 0,0025930052689032593
проверка 4,605170185988092 0,0042443964847816516
провести 2,8134107167600364 0,0025930052689032593
программа 2,207274913189721 0,006103064276100611
продажа 2,659260036932778 0,004901861819230927
продукт 2,8134107167600364 0,0025930052689032593
проект 0 0
производственный 3,912023005428146 0,010816653471229896
производство 2,207274913189721 0,0020343547587002037
просмотр 1,2729656758128876 0,0011732402542054263
профессия 3,2188758248682006 0,008900117488114841
процедура 4,605170185988092 0,0042443964847816516
процесс 1,8325814637483102 0,005067045521884729
прочее 2,995732273553991 0,002761043570095844
пруссия 3,912023005428146 0,007211102314153265
прямо 3,2188758248682006 0,0029667058293716135
прямой 3,2188758248682006 0,005933411658743227
работа 0,9942522733438669 0,0027490846267572357
раз 2,659260036932778 0,004901861819230927
развитие 0,9416085398584451 0,00173568394443953
раздел 0,9675840262617057 0,0008917825126835997
разработчик 0 0
раскрытие 3,912023005428146 0,0036055511570766323
расход 4,605170185988092 0,0042443964847816516
регистрация 3,2188758248682006 0,0029667058293716135
результат 1,4696759700589417 0,0013545400645704531
религия 0,083381608939051 0,00015369881832083134
репарация 3,912023005428146 0,007211102314153265
республика 0,9416085398584451 0,00173568394443953
реституция 4,605170185988092 0,008488792969563303
ресурс 2,407945608651872 0,00443860941686981
ричард 2,659260036932778 0,004901861819230927
родственный 0,21072103131565253 0,00019421293208815902
ромбокубоктаэдр 4,605170185988092 0,008488792969563303
российский 1,0498221244986776 0,0009675779949296568
россия 0,7765287894989963 0,0014313894737308687
русский 0 0
сафра 4,605170185988092 0,008488792969563303
сбор 4,605170185988092 0,02971077539347156
сведение 0 0
свежий 0 0
свисать 4,605170185988092 0,0042443964847816516
свободный 0 0
связать 0 0
связь 1,6607312068216509 0,0015306278403886184
сегодняшний 3,2188758248682006 0,0029667058293716135
сентябрь 0 0
система 0 0
скачок 4,605170185988092 0,008488792969563303
сквиз 4,605170185988092 0,008488792969563303
скейф 4,605170185988092 0,008488792969563303
случай 0 0
случайный 0 0
смотреть 0 0
событие 0 0
советский 1,3470736479666094 0,0012415425326881193
содержание 0,1392620673335076 0,00012835213579125124
создать 0 0
сообщество 0 0
составить 2,407945608651872 0,002219304708434905
состояние 1,7147984280919266 0,0015804593807298862
сохранение 0 0
социалистический 1,9661128563728327 0,001812085581910445
социальный 2,5257286443082556 0,00465572100333319
социолог 4,605170185988092 0,008488792969563303
специализировать 3,506557897319982 0,003231850596608278
список 0 0
сплошной 3,2188758248682006 0,0029667058293716135
спорт 0,083381608939051 0,00015369881832083134
средство 1,9661128563728327 0,01812085581910445
ссылаться 0 0
ссылка 0 0
стагнация 4,605170185988092 0,008488792969563303
стандарт 2,8134107167600364 0,012965026344516297
статистик 0 0
стать 0,4620354595965586 0,00042583913326871764
статья 0 0
стоимость 4,605170185988092 0,016977585939126606
страница 0 0
страховой 3,912023005428146 0,007211102314153265
суна 4,605170185988092 0,008488792969563303
суровец 3,912023005428146 0,007211102314153265
сформировать 3,506557897319982 0,003231850596608278
счёт 2,995732273553991 0,005522087140191688
считать 1,8325814637483102 0,0016890151739615761
сюд 0 0
таможенный 3,912023005428146 0,007211102314153265
татарстан 3,2188758248682006 0,005933411658743227
текст 0 0
тематика 1,7147984280919266 0,0015804593807298862
теоретик 2,995732273553991 0,005522087140191688
теория 1,8971199848858813 0,0034969953638449426
термин 2,0402208285265546 0,005641163581179414
техника 0,06187540371808745 0,00011405604371997688
течение 1,9661128563728327 0,001812085581910445
течь 0 0
транспортный 2,207274913189721 0,0040687095174004075
трир 4,605170185988092 0,008488792969563303
труба 3,912023005428146 0,007211102314153265
туалет 4,605170185988092 0,008488792969563303
указатель 0 0
укать 4,605170185988092 0,008488792969563303
упорядочить 4,605170185988092 0,0042443964847816516
употребляться 3,506557897319982 0,003231850596608278
урка 3,912023005428146 0,007211102314153265
условие 0 0
участие 0 0
участник 0 0
февраль 0 0
физический 2,120263536200091 0,0019541599411982405
философ 2,5257286443082556 0,00465572100333319
философия 0,09431067947124142 0,00026076685568085186
финансирование 4,605170185988092 0,0042443964847816516
финансовый 2,995732273553991 0,022088348560766753
фискальный 4,605170185988092 0,0042443964847816516
фон 1,9661128563728327 0,00362417116382089
форум 0 0
хозяйственный 3,912023005428146 0,007211102314153265
хх 1,2729656758128876 0,0011732402542054263
цена 3,2188758248682006 0,005933411658743227
чамберс 4,605170185988092 0,008488792969563303
часть 0,5978370007556204 0,0005510018440143966
чинш 4,605170185988092 0,008488792969563303
читать 0 0
шаблон 0 0
шорт 4,605170185988092 0,008488792969563303
щитовой 3,912023005428146 0,007211102314153265
эвект 4,605170185988092 0,008488792969563303
экологический 2,995732273553991 0,005522087140191688
экономика 0,7550225842780328 0,006262860146085065
экономист 3,912023005428146 0,007211102314153265
экономический 2,120263536200091 0,0019541599411982405
энн 4,605170185988092 0,008488792969563303
энциклопедия 0 0
являться 0,3424903089467759 0,000631318541837375
язык 0 0
январь 0,6733445532637655 0,000620594058307618
ясак 4,605170185988092 0,008488792969563303
