абсолютный 2,8134107167600364 0,001390025057687765
авад 4,605170185988092 0,0045505634248894184
август 0 0
августа 0,843970070294529 0,00041698126002694114
автомобиль 2,995732273553991 0,0014801048782381377
агент 3,912023005428146 0,0019328176904289257
азербайджанский 1,6607312068216509 0,0008205193709593136
азкабан 4,605170185988092 0,009101126849778837
айзекс 4,605170185988092 0,0022752817124447092
академия 2,120263536200091 0,0010475610356719817
актер 3,912023005428146 0,0019328176904289257
александрович 1,6607312068216509 0,0016410387419186273
алексей 1,7719568419318754 0,001750945495980114
алфавит 0 0
альбус 4,605170185988092 0,009101126849778837
амбридж 4,605170185988092 0,0045505634248894184
англ 1,0498221244986776 0,000518686820404485
английский 0,37106368139083196 0,0005499955751840395
англия 2,120263536200091 0,0010475610356719817
андрей 1,2039728043259361 0,0011896964469623873
апрель 0 0
арабский 0,38566248081198473 0,00019054470395849047
архив 0,3011050927839216 0,0014876733833197708
аукционный 4,605170185988092 0,0022752817124447092
бард 3,506557897319982 0,010394934478221289
бартемиус 4,605170185988092 0,0045505634248894184
барыт 4,605170185988092 0,0045505634248894184
беломой 4,605170185988092 0,0045505634248894184
бенгальский 2,120263536200091 0,0010475610356719817
берлина 3,2188758248682006 0,0015903536684131424
бидель 4,605170185988092 0,013651690274668256
блок 3,2188758248682006 0,003180707336826285
блондин 4,605170185988092 0,0022752817124447092
блэк 3,912023005428146 0,011596906142573554
больница 3,912023005428146 0,0038656353808578514
бомба 2,8134107167600364 0,00278005011537553
брендать 4,605170185988092 0,0022752817124447092
британец 4,605170185988092 0,0022752817124447092
британский 1,5141277326297755 0,0014961736488436515
бруствер 4,605170185988092 0,0022752817124447092
будущее 2,5257286443082556 0,0012478896463973593
бык 2,8134107167600364 0,00278005011537553
быстрый 2,659260036932778 0,001313863654611056
важный 2,659260036932778 0,001313863654611056
варианта 2,407945608651872 0,001189696446962387
ваш 3,2188758248682006 0,0015903536684131424
введение 1,3470736479666094 0,0013311004426547523
вдумчивый 4,605170185988092 0,0022752817124447092
великобритания 1,6607312068216509 0,004923116225755882
венгерский 1,9661128563728327 0,000971399632595273
версия 0 0
вики 1,6094379124341003 0,003975884171032856
викиновость 1,0216512475319812 0,0015143052087924621
википедия 0 0
викисклад 0,5798184952529422 0,0008594147656911197
викисловарь 1,4271163556401458 0,0021152910409685953
викитек 1,1394342831883648 0,0016888848070973786
викиучебник 2,5257286443082556 0,003743668939192078
викицитатник 0,9675840262617057 0,0014341660468305914
виртуальный 3,912023005428146 0,0038656353808578514
вклад 0 0
включать 1,9661128563728327 0,000971399632595273
власть 1,4696759700589417 0,0014522489822716815
внимательный 4,605170185988092 0,0022752817124447092
вновь 2,8134107167600364 0,001390025057687765
возглавить 2,995732273553991 0,0014801048782381377
возмозить 4,605170185988092 0,0022752817124447092
возрастной 3,912023005428146 0,0019328176904289257
волан 4,605170185988092 0,011376408562223547
волшебник 3,912023005428146 0,005798453071286777
волшебный 3,912023005428146 0,02319381228514711
волшебство 4,605170185988092 0,011376408562223547
вручение 4,605170185988092 0,0022752817124447092
вселенная 3,2188758248682006 0,003180707336826285
вступить 2,8134107167600364 0,001390025057687765
второй 1,2378743560016172 0,0006115980019770835
второкурсник 4,605170185988092 0,0022752817124447092
выжить 3,506557897319982 0,0017324890797035483
выйти 2,659260036932778 0,003941590963833169
выкладывать 4,605170185988092 0,0022752817124447092
вымыслить 3,506557897319982 0,0017324890797035483
выпустить 2,5257286443082556 0,003743668939192078
выставить 4,605170185988092 0,0022752817124447092
выход 1,8325814637483102 0,0018108512487631523
вышеупомянутый 4,605170185988092 0,0022752817124447092
вьетнамский 1,6094379124341003 0,0007951768342065712
газета 2,8134107167600364 0,001390025057687765
гарри 2,995732273553991 0,21165499758805367
география 0,083381608939051 8,239289420854841E-05
герман 3,506557897319982 0,0017324890797035483
гермиона 4,605170185988092 0,020477535412002385
главное 1,7147984280919266 0,000847232424946604
главный 1,9661128563728327 0,000971399632595273
глаз 3,2188758248682006 0,0015903536684131424
глисон 4,605170185988092 0,0022752817124447092
глупый 4,605170185988092 0,0022752817124447092
го 2,0402208285265546 0,003024042730029478
гоблинские 4,605170185988092 0,0022752817124447092
год 0,6348782724359695 0,0006273500715770449
гп 4,605170185988092 0,006825845137334128
грейнджер 4,605170185988092 0,018202253699557674
грин 3,506557897319982 0,0017324890797035483
гринт 4,605170185988092 0,0045505634248894184
гриффиндор 4,605170185988092 0,0045505634248894184
грозный 2,995732273553991 0,0014801048782381377
грюм 4,605170185988092 0,0022752817124447092
гулять 4,605170185988092 0,0022752817124447092
д 1,5141277326297755 0,0014961736488436515
далья 0,3566749439387324 0,00017622279838870177
дамблдор 4,605170185988092 0,022752817124447093
данный 0,1508228897345837 0,00022355171403347384
дар 4,605170185988092 0,029578662261781224
дата 2,302585092994046 0,0011376408562223546
дать 2,5257286443082556 0,0012478896463973593
два 0 0
двойной 3,912023005428146 0,0019328176904289257
де 1,1394342831883648 0,004503692818926343
девочка 3,2188758248682006 0,0015903536684131424
действие 1,8325814637483102 0,0009054256243815761
декабрь 0 0
декан 4,605170185988092 0,0022752817124447092
день 1,3862943611198906 0,0020547841320946994
департамент 2,659260036932778 0,002627727309222112
дж 4,605170185988092 0,011376408562223547
джеймс 2,5257286443082556 0,006239448231986798
джейн 3,912023005428146 0,0038656353808578514
джейсон 3,912023005428146 0,0019328176904289257
джин 4,605170185988092 0,0022752817124447092
джинний 4,605170185988092 0,009101126849778837
джоан 3,912023005428146 0,013529723833002482
джордж 2,407945608651872 0,002379392893924774
дилогия 4,605170185988092 0,0022752817124447092
директор 3,2188758248682006 0,0015903536684131424
дитя 4,605170185988092 0,0045505634248894184
длиться 2,995732273553991 0,0014801048782381377
добавить 1,0498221244986776 0,000518686820404485
добро 1,8325814637483102 0,0009054256243815761
добрый 2,8134107167600364 0,001390025057687765
долгопупс 4,605170185988092 0,0045505634248894184
доллар 2,302585092994046 0,0011376408562223546
долорес 4,605170185988092 0,0045505634248894184
дом 1,3470736479666094 0,0006655502213273761
достичь 2,659260036932778 0,001313863654611056
доступ 4,605170185988092 0,0022752817124447092
драко 4,605170185988092 0,006825845137334128
дракон 3,2188758248682006 0,0015903536684131424
древность 3,506557897319982 0,0034649781594070965
дурмстранг 4,605170185988092 0,0045505634248894184
дурсль 4,605170185988092 0,0045505634248894184
дурсля 4,605170185988092 0,0045505634248894184
дэниел 3,2188758248682006 0,003180707336826285
единственный 1,3470736479666094 0,0019966506639821284
ежегодный 2,8134107167600364 0,001390025057687765
ежедневный 3,912023005428146 0,0019328176904289257
жаба 4,605170185988092 0,0022752817124447092
желать 2,8134107167600364 0,00278005011537553
жила 2,995732273553991 0,0014801048782381377
жить 1,7719568419318754 0,000875472747990057
журнал 0 0
загрызть 4,605170185988092 0,0022752817124447092
заклинание 4,605170185988092 0,0045505634248894184
заключительный 4,605170185988092 0,0022752817124447092
заклятие 4,605170185988092 0,0022752817124447092
заметка 4,605170185988092 0,0022752817124447092
замять 4,605170185988092 0,0022752817124447092
заниматься 0 0
записываться 4,605170185988092 0,0022752817124447092
запретить 2,8134107167600364 0,001390025057687765
запрос 0,1165338162559516 0,00011515199234777826
защита 2,120263536200091 0,0020951220713439633
зверь 3,2188758248682006 0,003180707336826285
звучание 4,605170185988092 0,0022752817124447092
зельеварение 4,605170185988092 0,0022752817124447092
зеркало 4,605170185988092 0,0022752817124447092
знаете 0,06187540371808745 6,114170327874254E-05
знак 0 0
знать 3,2188758248682006 0,0015903536684131424
иврит 1,6607312068216509 0,0008205193709593136
игра 1,5606477482646683 0,02236105963422697
идти 2,995732273553991 0,0014801048782381377
избранный 0,083381608939051 0,00020598223552137105
избрать 0 0
известный 0,7765287894989963 0,00038366046912005744
издательство 4,605170185988092 0,0045505634248894184
изменение 0 0
изменить 2,5257286443082556 0,0012478896463973593
изображение 0,06187540371808745 3,057085163937127E-05
именовать 3,912023005428146 0,0019328176904289257
иметь 0,616186139423817 0,0009133193766163294
имя 1,4271163556401458 0,0007050970136561985
иннокентий 4,605170185988092 0,0022752817124447092
иностранный 2,995732273553991 0,0014801048782381377
интересный 2,120263536200091 0,0010475610356719817
искать 0 0
искусство 0,083381608939051 0,00016478578841709683
испанский 0,49429632181478017 0,00024421755030374514
исполнительница 4,605170185988092 0,0022752817124447092
исполнить 3,912023005428146 0,0038656353808578514
исполняться 4,605170185988092 0,0022752817124447092
использование 0 0
использовать 1,4271163556401458 0,0007050970136561985
история 0 0
источник 0 0
июль 0,9162907318741551 0,0063379793706710335
июнь 0 0
каждый 2,120263536200091 0,0010475610356719817
камень 2,5257286443082556 0,007487337878384156
кандидат 2,207274913189721 0,0021811016928752185
карточный 4,605170185988092 0,0022752817124447092
категория 0 0
квиддич 4,605170185988092 0,011376408562223547
кедавр 4,605170185988092 0,0045505634248894184
кикимер 4,605170185988092 0,0045505634248894184
кингсль 4,605170185988092 0,0045505634248894184
кино 2,5257286443082556 0,0024957792927947186
киноакадемия 4,605170185988092 0,0022752817124447092
кинотеатр 3,506557897319982 0,0034649781594070965
кинофестиваль 3,506557897319982 0,0017324890797035483
китайский 1,171182981502945 0,0005786477181338661
книга 0 0
когтевран 4,605170185988092 0,009101126849778837
код 0 0
количество 2,120263536200091 0,0010475610356719817
коллекционный 4,605170185988092 0,0022752817124447092
комната 4,605170185988092 0,009101126849778837
компонент 3,506557897319982 0,0017324890797035483
конец 1,4271163556401458 0,0021152910409685953
конструктор 2,995732273553991 0,0014801048782381377
корень 3,2188758248682006 0,0015903536684131424
корнелиус 4,605170185988092 0,0045505634248894184
короткий 2,995732273553991 0,0029602097564762754
косвенный 3,912023005428146 0,0019328176904289257
который 0,9162907318741551 0,00045271281219078807
красавчик 4,605170185988092 0,0022752817124447092
крауч 4,605170185988092 0,0045505634248894184
круг 3,2188758248682006 0,004771061005239427
кубок 2,302585092994046 0,009101126849778837
купить 3,2188758248682006 0,0015903536684131424
курс 3,912023005428146 0,007731270761715703
кэтлин 4,605170185988092 0,006825845137334128
лавгуд 4,605170185988092 0,006825845137334128
лайна 4,605170185988092 0,0022752817124447092
летие 2,995732273553991 0,0029602097564762754
литература 1,1086626245216111 0,0010955164273928964
личность 0,127833371509885 0,00012631756078051876
локация 4,605170185988092 0,009101126849778837
лондонец 4,605170185988092 0,0022752817124447092
лондонский 2,995732273553991 0,0029602097564762754
лорд 3,506557897319982 0,0017324890797035483
лучший 0 0
люпин 4,605170185988092 0,013651690274668256
люциус 4,605170185988092 0,0022752817124447092
магический 3,506557897319982 0,0034649781594070965
магия 3,912023005428146 0,011596906142573554
магл 4,605170185988092 0,0022752817124447092
май 0 0
макгонагалл 4,605170185988092 0,0045505634248894184
максима 2,0402208285265546 0,002016028486686319
малфа 4,605170185988092 0,009101126849778837
малфой 4,605170185988092 0,006825845137334128
мальчик 3,506557897319982 0,0017324890797035483
марка 1,3470736479666094 0,0006655502213273761
март 0 0
марта 0,3566749439387324 0,0017622279838870178
материал 0 0
международный 0,9942522733438669 0,0004912313603477603
мероприятие 3,2188758248682006 0,0015903536684131424
место 0 0
месяц 1,7147984280919266 0,002541697274839812
миллионер 3,912023005428146 0,0019328176904289257
милый 4,605170185988092 0,0022752817124447092
минерва 4,605170185988092 0,0045505634248894184
министерство 3,2188758248682006 0,003180707336826285
минута 2,8134107167600364 0,00278005011537553
миро 0 0
мировой 1,2039728043259361 0,0005948482234811937
миртл 4,605170185988092 0,0045505634248894184
мисс 2,995732273553991 0,0014801048782381377
миссис 4,605170185988092 0,0045505634248894184
мистер 3,912023005428146 0,0038656353808578514
младший 2,5257286443082556 0,0024957792927947186
многое 2,995732273553991 0,0014801048782381377
мобильный 0 0
мой 0 0
монфор 4,605170185988092 0,0045505634248894184
морт 4,605170185988092 0,011376408562223547
мочь 0,8209805520698303 0,0004056228024060426
мощь 3,506557897319982 0,0017324890797035483
мракоборец 4,605170185988092 0,0022752817124447092
мунго 3,912023005428146 0,0038656353808578514
навигация 0 0
нажать 0 0
назвалить 2,995732273553991 0,0014801048782381377
название 0 0
назваться 4,605170185988092 0,0022752817124447092
назойливый 4,605170185988092 0,0045505634248894184
называться 1,9661128563728327 0,002914198897785819
найти 0 0
нападка 4,605170185988092 0,0022752817124447092
написать 0,9942522733438669 0,0004912313603477603
например 1,9661128563728327 0,000971399632595273
наука 0,05129329438755048 5,0685073505484665E-05
находиться 0 0
начинать 0,1508228897345837 0,0001490344760223159
наш 2,5257286443082556 0,0024957792927947186
невилла 4,605170185988092 0,0045505634248894184
незаконный 4,605170185988092 0,0022752817124447092
некоммерческий 0 0
необходимо 2,8134107167600364 0,001390025057687765
несовместимый 4,605170185988092 0,0022752817124447092
нимфадор 4,605170185988092 0,0045505634248894184
новость 1,4271163556401458 0,001410194027312397
новый 0 0
норвежский 1,7147984280919266 0,000847232424946604
норрис 4,605170185988092 0,0045505634248894184
ноябрь 0 0
обитание 4,605170185988092 0,0045505634248894184
обитать 3,506557897319982 0,0017324890797035483
обладать 2,407945608651872 0,001189696446962387
обложка 3,506557897319982 0,0034649781594070965
обновить 3,2188758248682006 0,0015903536684131424
оборотень 4,605170185988092 0,0045505634248894184
обращаться 3,506557897319982 0,0017324890797035483
обсуждение 0 0
обучение 3,912023005428146 0,007731270761715703
общение 3,506557897319982 0,0017324890797035483
общество 0,07257069283483537 7,171017078541045E-05
объединять 3,912023005428146 0,0019328176904289257
объявить 2,207274913189721 0,0021811016928752185
обязательный 0 0
обязать 3,506557897319982 0,0017324890797035483
огонь 2,302585092994046 0,009101126849778837
ограничить 3,506557897319982 0,0017324890797035483
одержать 2,659260036932778 0,001313863654611056
оказаться 2,407945608651872 0,002379392893924774
окончательный 3,912023005428146 0,0019328176904289257
окрестить 4,605170185988092 0,0022752817124447092
октябрь 0 0
оливандер 4,605170185988092 0,0022752817124447092
олимпий 3,912023005428146 0,0038656353808578514
описание 0 0
организация 0 0
орден 1,5141277326297755 0,005236607770952781
оригинальный 2,0402208285265546 0,0010080142433431594
основной 0 0
основный 1,8325814637483102 0,0009054256243815761
ответственность 0 0
отдельный 0 0
отказ 0 0
отряд 2,5257286443082556 0,0024957792927947186
отсутствовать 0,05129329438755048 0,00030411044103290796
официальный 1,07880966137193 0,002132034903897095
оценивание 0,1508228897345837 0,0001490344760223159
оценка 2,302585092994046 0,0011376408562223546
очевидный 4,605170185988092 0,0022752817124447092
палочка 3,912023005428146 0,007731270761715703
парень 3,912023005428146 0,0019328176904289257
парк 1,6094379124341003 0,0007951768342065712
пародия 3,506557897319982 0,006929956318814193
патронус 4,605170185988092 0,0022752817124447092
первокурсник 4,605170185988092 0,0022752817124447092
первый 0 0
перевод 1,7147984280919266 0,003388929699786416
перейти 0 0
перенаправление 2,995732273553991 0,0014801048782381377
перенести 3,2188758248682006 0,0015903536684131424
перо 3,2188758248682006 0,0015903536684131424
персонаж 2,5257286443082556 0,003743668939192078
персоналия 0,07257069283483537 7,171017078541045E-05
петтигрь 4,605170185988092 0,006825845137334128
петунья 4,605170185988092 0,0022752817124447092
печать 0 0
писательница 3,912023005428146 0,0038656353808578514
питер 2,995732273553991 0,005920419512952551
плакса 4,605170185988092 0,0045505634248894184
пн 0,127833371509885 0,00012631756078051876
победа 1,8971199848858813 0,0009373122454969768
побывать 2,8134107167600364 0,001390025057687765
погибнуть 1,9661128563728327 0,000971399632595273
погодина 4,605170185988092 0,0045505634248894184
подвергаться 2,995732273553991 0,0014801048782381377
подробный 0 0
подтвердить 3,506557897319982 0,0017324890797035483
подходить 4,605170185988092 0,0022752817124447092
пожаловать 1,7719568419318754 0,000875472747990057
пожиратель 4,605170185988092 0,0045505634248894184
поздравлять 4,605170185988092 0,0045505634248894184
поиск 0 0
показ 3,912023005428146 0,0019328176904289257
показываться 4,605170185988092 0,0022752817124447092
поколение 2,995732273553991 0,0014801048782381377
политик 0 0
полтергейст 4,605170185988092 0,0045505634248894184
полукровка 4,605170185988092 0,027303380549336512
полумный 4,605170185988092 0,0045505634248894184
получить 0 0
помон 4,605170185988092 0,0045505634248894184
помощь 0,127833371509885 6,315878039025938E-05
пополнить 3,912023005428146 0,0019328176904289257
портал 0 0
португальский 0,49429632181478017 0,00024421755030374514
посвятить 2,8134107167600364 0,00556010023075106
последний 0 0
посмотреть 0 0
поступить 3,2188758248682006 0,003180707336826285
поттер 3,506557897319982 0,25640838379612513
поэтом 2,8134107167600364 0,00278005011537553
появиться 1,6607312068216509 0,0008205193709593136
править 0 0
правка 0 0
превратиться 2,8134107167600364 0,001390025057687765
предлагать 0 0
предмет 2,5257286443082556 0,004991558585589437
предыстория 4,605170185988092 0,0045505634248894184
премия 1,8325814637483102 0,0009054256243815761
премьер 2,0402208285265546 0,003024042730029478
преподаватель 2,8134107167600364 0,00278005011537553
преступление 3,506557897319982 0,0017324890797035483
приглашать 2,5257286443082556 0,0012478896463973593
придумать 3,506557897319982 0,0017324890797035483
приниматься 4,605170185988092 0,0045505634248894184
принц 3,2188758248682006 0,020674597689370855
принять 1,3862943611198906 0,0006849280440315665
присвоить 2,8134107167600364 0,001390025057687765
продажа 2,659260036932778 0,002627727309222112
проект 0 0
пройти 2,207274913189721 0,0021811016928752185
прокат 4,605170185988092 0,0022752817124447092
прокатчик 4,605170185988092 0,0022752817124447092
проклясть 4,605170185988092 0,0045505634248894184
проклятие 4,605170185988092 0,0022752817124447092
пророк 2,995732273553991 0,0014801048782381377
просмотр 1,2729656758128876 0,0006289356105794898
простор 4,605170185988092 0,0022752817124447092
просьба 2,207274913189721 0,0021811016928752185
профессор 2,5257286443082556 0,0012478896463973593
прочее 2,995732273553991 0,0014801048782381377
публиковать 4,605170185988092 0,0022752817124447092
пуффендовать 4,605170185988092 0,009101126849778837
пятый 3,506557897319982 0,0017324890797035483
работа 0,9942522733438669 0,0014736940810432808
работать 1,7147984280919266 0,000847232424946604
разный 2,0402208285265546 0,0010080142433431594
разработать 2,5257286443082556 0,0012478896463973593
разработчик 0 0
рамка 1,8971199848858813 0,0009373122454969768
рассказ 3,506557897319982 0,0034649781594070965
реальный 2,995732273553991 0,0014801048782381377
ребёнок 2,120263536200091 0,0020951220713439633
реддла 4,605170185988092 0,0022752817124447092
редкий 2,207274913189721 0,0010905508464376093
результат 1,4696759700589417 0,0007261244911358407
рейтинг 3,2188758248682006 0,0015903536684131424
рекорд 2,5257286443082556 0,0012478896463973593
религиозный 2,120263536200091 0,0020951220713439633
религия 0,083381608939051 8,239289420854841E-05
ремус 4,605170185988092 0,0022752817124447092
решить 2,995732273553991 0,0014801048782381377
римус 4,605170185988092 0,013651690274668256
род 2,302585092994046 0,0011376408562223546
родиться 0,8915981192837835 0,0008810258095689559
родственный 0,21072103131565253 0,00010411118148006548
рождение 2,0402208285265546 0,0010080142433431594
роковой 3,912023005428146 0,0019328176904289257
ролевой 4,605170185988092 0,0045505634248894184
ролинг 4,605170185988092 0,0022752817124447092
роль 2,120263536200091 0,003142683107015945
роман 1,4696759700589417 0,007987369402494247
рон 4,605170185988092 0,013651690274668256
россия 0,7765287894989963 0,00038366046912005744
роулинг 4,605170185988092 0,027303380549336512
рпа 4,605170185988092 0,0022752817124447092
рубеус 4,605170185988092 0,0045505634248894184
руднгерман 4,605170185988092 0,006825845137334128
руднеть 4,605170185988092 0,0022752817124447092
руководство 2,0402208285265546 0,0010080142433431594
рунет 4,605170185988092 0,0022752817124447092
руперт 3,912023005428146 0,0038656353808578514
русский 0 0
русскоязычный 2,659260036932778 0,001313863654611056
руфус 4,605170185988092 0,0045505634248894184
рэдклифф 4,605170185988092 0,0045505634248894184
ряд 1,6607312068216509 0,0008205193709593136
сайт 2,302585092994046 0,009101126849778837
самый 0,5447271754416719 0,0002691339799613003
саундтрек 4,605170185988092 0,04095507082400477
сборник 3,506557897319982 0,0017324890797035483
сведение 0 0
свежий 0 0
свободный 0 0
сводить 4,605170185988092 0,0022752817124447092
связать 0 0
святой 1,4696759700589417 0,0014522489822716815
сдаваться 3,912023005428146 0,0019328176904289257
северус 4,605170185988092 0,006825845137334128
семь 3,506557897319982 0,0017324890797035483
семья 2,207274913189721 0,0010905508464376093
сентябрь 0 0
сербский 1,7147984280919266 0,000847232424946604
сердце 2,8134107167600364 0,00278005011537553
сердцевина 4,605170185988092 0,0022752817124447092
серия 2,207274913189721 0,01308661015725131
сеть 2,5257286443082556 0,0024957792927947186
симона 2,995732273553991 0,0029602097564762754
симулятор 3,912023005428146 0,0019328176904289257
сириус 3,506557897319982 0,012127423557924838
система 0 0
сказка 2,995732273553991 0,010360734147666964
скорее 3,2188758248682006 0,0015903536684131424
скримджер 4,605170185988092 0,0045505634248894184
скриптовый 4,605170185988092 0,0022752817124447092
слизерина 4,605170185988092 0,013651690274668256
слово 1,5606477482646683 0,0015421420437397907
словосоч 4,605170185988092 0,0022752817124447092
случай 0 0
случайный 0 0
смерть 1,8325814637483102 0,014486809990105218
смотреть 0 0
снегг 4,605170185988092 0,011376408562223547
снегга 4,605170185988092 0,0022752817124447092
снейп 4,605170185988092 0,0022752817124447092
снять 2,302585092994046 0,0011376408562223546
событие 0 0
сова 3,912023005428146 0,0019328176904289257
совместный 2,120263536200091 0,0020951220713439633
соглашение 2,5257286443082556 0,0012478896463973593
содержание 0,1392620673335076 6,880536923592272E-05
создать 0 0
сообщество 0 0
соответственно 2,8134107167600364 0,001390025057687765
сопереживать 4,605170185988092 0,0022752817124447092
сохранение 0 0
спас 3,506557897319982 0,0017324890797035483
список 0 0
спор 2,8134107167600364 0,00278005011537553
спорт 0,083381608939051 8,239289420854841E-05
способность 3,912023005428146 0,0019328176904289257
сраз 2,659260036932778 0,001313863654611056
ссылаться 0 0
ссылка 0 0
старый 2,207274913189721 0,0010905508464376093
статистик 0 0
стать 0,4620354595965586 0,00022827838912873447
статья 0 0
стебель 3,506557897319982 0,0034649781594070965
стерлинг 3,506557897319982 0,0017324890797035483
сторона 1,7719568419318754 0,000875472747990057
страница 0 0
студент 3,2188758248682006 0,01272282934730514
существо 3,506557897319982 0,006929956318814193
сша 0,9675840262617057 0,0009561106978870609
сюд 0 0
тайный 2,659260036932778 0,005255454618444224
тайский 2,407945608651872 0,001189696446962387
творческий 3,2188758248682006 0,0015903536684131424
текст 0 0
тематический 3,2188758248682006 0,0015903536684131424
техника 0,06187540371808745 6,114170327874254E-05
течь 0 0
тираж 3,2188758248682006 0,0015903536684131424
тобиас 4,605170185988092 0,0022752817124447092
том 3,2188758248682006 0,0015903536684131424
тонкс 4,605170185988092 0,0045505634248894184
торг 3,506557897319982 0,0017324890797035483
трейлер 4,605170185988092 0,0022752817124447092
убить 2,8134107167600364 0,001390025057687765
удалить 3,506557897319982 0,0017324890797035483
узник 3,912023005428146 0,007731270761715703
уизель 4,605170185988092 0,029578662261781224
указатель 0 0
указать 2,407945608651872 0,001189696446962387
украинский 1,07880966137193 0,0010660174519485474
украсить 3,506557897319982 0,0017324890797035483
ум 3,506557897319982 0,0017324890797035483
уотсон 4,605170185988092 0,0045505634248894184
урок 4,605170185988092 0,0022752817124447092
условие 0 0
успех 2,8134107167600364 0,001390025057687765
установить 1,7719568419318754 0,000875472747990057
уцелеть 3,2188758248682006 0,0015903536684131424
участие 0 0
участник 0 0
участница 1,7147984280919266 0,002541697274839812
учеб 4,605170185988092 0,0022752817124447092
ученик 3,912023005428146 0,005798453071286777
учиться 2,659260036932778 0,002627727309222112
фадж 4,605170185988092 0,0045505634248894184
факт 2,302585092994046 0,0011376408562223546
факультет 2,5257286443082556 0,013726786110370953
факультетский 4,605170185988092 0,0022752817124447092
фамилия 4,605170185988092 0,0022752817124447092
фанат 4,605170185988092 0,0022752817124447092
фантастика 3,912023005428146 0,007731270761715703
фантастический 3,506557897319982 0,008662445398517743
фанфик 4,605170185988092 0,0045505634248894184
фанфикшн 4,605170185988092 0,0022752817124447092
февраль 0 0
фелтон 4,605170185988092 0,0022752817124447092
феникс 4,605170185988092 0,0250280988368918
филиус 4,605170185988092 0,0045505634248894184
философия 0,09431067947124142 9,319237101901325E-05
философский 2,8134107167600364 0,00834015034612659
фильм 1,6094379124341003 0,027831189197229995
финальный 3,2188758248682006 0,0015903536684131424
финский 1,9661128563728327 0,000971399632595273
фиона 4,605170185988092 0,0022752817124447092
флитвик 4,605170185988092 0,0045505634248894184
форум 0 0
форумный 4,605170185988092 0,0022752817124447092
фоукс 4,605170185988092 0,0022752817124447092
французский 0,23572233352106994 0,00011646360351831518
фреда 4,605170185988092 0,0045505634248894184
фрпг 4,605170185988092 0,0022752817124447092
фунт 2,995732273553991 0,0014801048782381377
хагрида 4,605170185988092 0,0045505634248894184
хогвартс 4,605170185988092 0,05233147938622832
церемония 3,912023005428146 0,0019328176904289257
цитата 1,4271163556401458 0,0007050970136561985
чародейство 4,605170185988092 0,0045505634248894184
час 2,8134107167600364 0,001390025057687765
частность 2,659260036932778 0,001313863654611056
часть 0,5978370007556204 0,0020676180856172644
чемпионат 1,4696759700589417 0,0007261244911358407
чернильный 4,605170185988092 0,0022752817124447092
чешский 1,3862943611198906 0,0006849280440315665
читатель 3,912023005428146 0,0038656353808578514
читать 0 0
чудик 4,605170185988092 0,0045505634248894184
шаббат 4,605170185988092 0,0022752817124447092
шаблон 0 0
шапка 3,912023005428146 0,0038656353808578514
шармбатон 4,605170185988092 0,0045505634248894184
шведский 1,7147984280919266 0,000847232424946604
школа 1,8325814637483102 0,0063379793706710335
шоу 3,912023005428146 0,0038656353808578514
штат 1,7147984280919266 0,001694464849893208
шутка 4,605170185988092 0,0022752817124447092
эйлина 4,605170185988092 0,0045505634248894184
экзамен 4,605170185988092 0,0045505634248894184
экземпляр 2,8134107167600364 0,001390025057687765
экран 3,912023005428146 0,0019328176904289257
экранизация 3,912023005428146 0,0019328176904289257
элемент 0,19845093872383823 0,00019609776553738953
эльф 4,605170185988092 0,0045505634248894184
эмма 2,995732273553991 0,0029602097564762754
энциклопедия 0 0
юкатан 4,605170185988092 0,0045505634248894184
явление 2,407945608651872 0,001189696446962387
являться 0,3424903089467759 0,0005076437385574741
язык 0 0
январь 0,6733445532637655 0,000998040345746688
япония 1,8971199848858813 0,0009373122454969768
японский 1,4696759700589417 0,0007261244911358407
