август 0 0
авиация 2,120263536200091 0,0028383715344044054
авто 4,605170185988092 0,01849465938147828
автомобилестроение 4,605170185988092 0,01232977292098552
автомобилист 4,605170185988092 0,00616488646049276
автомобиль 2,995732273553991 0,15038816634307184
автомобильный 2,659260036932778 0,032039277553406964
автоновость 4,605170185988092 0,00616488646049276
автопробег 4,605170185988092 0,00616488646049276
автосимулятор 4,605170185988092 0,00924732969073914
автохулиганство 4,605170185988092 0,00616488646049276
административный 0,7133498878774648 0,00047747649790994966
аккумуляторный 4,605170185988092 0,00616488646049276
аксессуар 4,605170185988092 0,00616488646049276
алфавит 0 0
американский 1,4271163556401458 0,000955231831084435
аналог 3,912023005428146 0,0026184892941286115
англ 1,0498221244986776 0,0007026921850727427
английский 0,37106368139083196 0,0004967385293049959
апрель 0 0
арабский 0,38566248081198473 0,00025814088407763366
арктика 3,912023005428146 0,005236978588257223
байт 3,506557897319982 0,035206404591566084
барьер 4,605170185988092 0,00616488646049276
батарея 4,605170185988092 0,00616488646049276
безрельсовый 4,605170185988092 0,00308244323024638
боевой 1,8971199848858813 0,0012698259604323168
бой 1,8971199848858813 0,0012698259604323168
большинство 1,7147984280919266 0,0011477901125113298
буква 3,506557897319982 0,0023470936394377386
бум 4,605170185988092 0,01232977292098552
бурый 4,605170185988092 0,00616488646049276
бык 2,8134107167600364 0,0037662794066399413
ваз 4,605170185988092 0,00924732969073914
вездеход 3,912023005428146 0,005236978588257223
век 0,5108256237659907 0,0006838361763935618
венгерский 1,9661128563728327 0,0013160059279603968
версия 0 0
вид 1,0498221244986776 0,0007026921850727427
википедия 0 0
витальевич 3,506557897319982 0,004694187278875477
вклад 0 0
владелец 3,2188758248682006 0,0021545353580108436
владимир 1,2378743560016172 0,0016571276519432626
внедрять 4,605170185988092 0,00308244323024638
возможно 2,407945608651872 0,0016117440486290975
волк 2,8134107167600364 0,0037662794066399413
волшебный 3,912023005428146 0,005236978588257223
вопреки 3,912023005428146 0,0026184892941286115
впервый 1,5606477482646683 0,0010446102732695236
впереди 4,605170185988092 0,00308244323024638
вынудить 2,302585092994046 0,00154122161512319
выполнить 3,2188758248682006 0,0021545353580108436
выпускать 3,912023005428146 0,0026184892941286115
выставка 2,995732273553991 0,0020051755512409575
вьетнамский 1,6094379124341003 0,0010772676790054218
газ 3,506557897319982 0,009388374557750954
генри 2,995732273553991 0,012031053307445746
география 0,083381608939051 0,00011162196645120615
гост 4,605170185988092 0,01232977292098552
графический 3,912023005428146 0,0026184892941286115
греча 1,9661128563728327 0,0013160059279603968
грузинский 1,8325814637483102 0,001226627485775308
данный 0,1508228897345837 0,00010095240276745896
два 0 0
двигатель 3,2188758248682006 0,01292721214806506
двигаться 4,605170185988092 0,00308244323024638
движение 1,6094379124341003 0,0021545353580108436
действовать 2,120263536200091 0,0014191857672022027
декабрь 0 0
делаж 4,605170185988092 0,00616488646049276
дешевый 4,605170185988092 0,00308244323024638
дивный 4,605170185988092 0,00616488646049276
должный 2,5257286443082556 0,001690581421893076
доработать 4,605170185988092 0,00308244323024638
дорожный 3,912023005428146 0,005236978588257223
достижение 2,207274913189721 0,0014774263140493447
др 1,8971199848858813 0,0012698259604323168
древнегреческий 2,302585092994046 0,00154122161512319
дуть 4,605170185988092 0,00308244323024638
евро 3,506557897319982 0,028165123673252863
европа 0,8915981192837835 0,0005967858897481817
европейский 1,1086626245216111 0,0014841534464814072
единственный 1,3470736479666094 0,0009016557215305284
ераз 4,605170185988092 0,00616488646049276
ехать 3,506557897319982 0,0023470936394377386
железнодорожный 2,302585092994046 0,00308244323024638
живучий 4,605170185988092 0,00308244323024638
журнал 0 0
заблуждение 3,912023005428146 0,0026184892941286115
завод 2,120263536200091 0,004257557301606608
заготовка 2,5257286443082556 0,06086093118815074
задача 2,995732273553991 0,004010351102481915
закон 1,9661128563728327 0,0013160059279603968
заметный 2,8134107167600364 0,0018831397033199707
заниматься 0 0
запрос 0,1165338162559516 0,00015600243140020294
зарегистрировать 3,912023005428146 0,005236978588257223
заряд 4,605170185988092 0,00616488646049276
заявка 3,912023005428146 0,0026184892941286115
звуковой 3,912023005428146 0,005236978588257223
зеландия 2,995732273553991 0,0020051755512409575
земля 1,2378743560016172 0,0016571276519432626
зила 4,605170185988092 0,00924732969073914
знаете 0,06187540371808745 4,141593287689923E-05
знак 0 0
избранный 0,083381608939051 0,00011162196645120615
избрать 0 0
известный 0,7765287894989963 0,000519764919343371
изготовление 3,912023005428146 0,0026184892941286115
изменение 0 0
изображение 0,06187540371808745 0,0002484955972613954
илла 1,3862943611198906 0,0009279078722355358
иметь 0,616186139423817 0,001237321565108066
иметься 1,4271163556401458 0,00191046366216887
индекс 2,659260036932778 0,005339879592234494
информационный 3,2188758248682006 0,004309070716021687
искать 0 0
искусство 0,083381608939051 0,00011162196645120615
использование 0 0
использовать 1,4271163556401458 0,00191046366216887
исследование 2,120263536200091 0,008515114603213216
история 0 0
источник 0 0
исчисляться 3,912023005428146 0,0026184892941286115
итальянский 0,7339691750802005 0,000491277894966667
июль 0,9162907318741551 0,001226627485775308
июнь 0 0
каждый 2,120263536200091 0,0028383715344044054
калининградский 4,605170185988092 0,00616488646049276
кама 4,605170185988092 0,00616488646049276
камаз 4,605170185988092 0,00616488646049276
кандидат 2,207274913189721 0,0029548526280986894
каталанский 1,8325814637483102 0,001226627485775308
категория 0 0
кириллица 3,912023005428146 0,0026184892941286115
классический 2,5257286443082556 0,001690581421893076
книга 0 0
код 0 0
колесо 3,506557897319982 0,004694187278875477
комбинация 3,912023005428146 0,0026184892941286115
коммерчески 3,912023005428146 0,0026184892941286115
компания 2,407945608651872 0,0016117440486290975
комплект 3,912023005428146 0,0026184892941286115
конвейер 4,605170185988092 0,01232977292098552
конструктор 2,995732273553991 0,004010351102481915
конструкция 3,506557897319982 0,0023470936394377386
координация 3,506557897319982 0,0023470936394377386
коромысло 4,605170185988092 0,00616488646049276
край 1,9661128563728327 0,0026320118559207935
краснодарский 4,605170185988092 0,00616488646049276
критиковать 3,912023005428146 0,0026184892941286115
лат 1,8325814637483102 0,001226627485775308
латинский 2,407945608651872 0,0016117440486290975
линия 1,8971199848858813 0,0012698259604323168
личность 0,127833371509885 8,556450569604082E-05
лозунг 4,605170185988092 0,00308244323024638
луи 2,995732273553991 0,004010351102481915
лучший 0 0
май 0 0
марк 1,3862943611198906 0,0009279078722355358
март 0 0
марта 0,3566749439387324 0,0009549529958198993
материал 0 0
место 0 0
метод 2,995732273553991 0,004010351102481915
метро 3,2188758248682006 0,004309070716021687
миллион 2,659260036932778 0,0017799598640781645
миро 0 0
млн 1,8325814637483102 0,002453254971550616
мобильный 0 0
модель 2,8134107167600364 0,0037662794066399413
мой 0 0
монумент 4,605170185988092 0,00924732969073914
москва 1,4271163556401458 0,000955231831084435
москвич 4,605170185988092 0,00924732969073914
московский 2,207274913189721 0,0029548526280986894
мотоцикл 3,506557897319982 0,007041280918313216
моча 0,16251892949777494 0,0001087810773077476
мочь 0,8209805520698303 0,0005495184418138088
н 1,4696759700589417 0,000983718855461139
навигация 0 0
нажать 0 0
название 0 0
назвать 1,9661128563728327 0,0013160059279603968
найти 0 0
например 1,9661128563728327 0,0013160059279603968
наука 0,05129329438755048 6,866572207168739E-05
научный 1,6094379124341003 0,0010772676790054218
находиться 0 0
начало 1,2039728043259361 0,0008058720243145489
начать 0,38566248081198473 0,0038721132611645053
начинать 0,1508228897345837 0,00020190480553491791
некоммерческий 0 0
некоторые 1,8325814637483102 0,002453254971550616
немецкий 0,5108256237659907 0,0003419180881967809
непроверенный 1,9661128563728327 0,0026320118559207935
неудачный 3,2188758248682006 0,0021545353580108436
нижегородский 4,605170185988092 0,00308244323024638
новый 0 0
номер 3,2188758248682006 0,01292721214806506
номерной 3,912023005428146 0,0026184892941286115
норма 3,506557897319982 0,0023470936394377386
ноябрь 0 0
обезличивание 4,605170185988092 0,00308244323024638
область 0,7765287894989963 0,005717414112777081
обсуждение 0 0
общество 0,07257069283483537 0,00019429904373449898
общий 1,3470736479666094 0,0009016557215305284
обязательный 0 0
округ 1,9661128563728327 0,0013160059279603968
октябрь 0 0
описание 0 0
описать 2,995732273553991 0,0020051755512409575
организация 0 0
оригинальный 2,0402208285265546 0,008193657945889776
основной 0 0
ответственность 0 0
отдельный 0 0
отказ 0 0
отсутствовать 0,05129329438755048 0,0009269872479677798
оценивание 0,1508228897345837 0,00020190480553491791
палец 3,506557897319982 0,004694187278875477
парк 1,6094379124341003 0,0010772676790054218
пародийный 3,912023005428146 0,0026184892941286115
первый 0 0
передвижение 3,912023005428146 0,0026184892941286115
перейти 0 0
персидский 1,5606477482646683 0,0010446102732695236
персоналия 0,07257069283483537 9,714952186724949E-05
петербург 2,207274913189721 0,0029548526280986894
печать 0 0
платформа 3,2188758248682006 0,008618141432043374
плашка 4,605170185988092 0,00308244323024638
победитель 2,8134107167600364 0,0018831397033199707
поверхность 3,2188758248682006 0,0021545353580108436
поддерживать 4,605170185988092 0,0308244323024638
подробный 0 0
подход 3,912023005428146 0,0026184892941286115
поиск 0 0
показать 1,2729656758128876 0,0025561559755278864
политик 0 0
половина 2,207274913189721 0,0014774263140493447
получить 0 0
польский 1,2729656758128876 0,0008520519918426288
помимо 2,659260036932778 0,0017799598640781645
помочь 0,127833371509885 0,00017112901139208165
помощь 0,127833371509885 8,556450569604082E-05
понятно 4,605170185988092 0,00308244323024638
пополнить 3,912023005428146 0,0026184892941286115
портал 0 0
португальский 0,49429632181478017 0,0003308542984034673
поршень 4,605170185988092 0,00616488646049276
поршневой 3,912023005428146 0,005236978588257223
последний 0 0
посмотреть 0 0
правило 1,4696759700589417 0,001967437710922278
править 0 0
правка 0 0
предлагать 0 0
предложить 2,407945608651872 0,0016117440486290975
предназначить 3,2188758248682006 0,0021545353580108436
представить 2,120263536200091 0,0014191857672022027
предусматривать 3,506557897319982 0,0023470936394377386
преодолеть 3,912023005428146 0,0026184892941286115
приглашать 2,5257286443082556 0,001690581421893076
принять 1,3862943611198906 0,0009279078722355358
присваиваться 4,605170185988092 0,00308244323024638
проблема 2,407945608651872 0,019340928583549168
проверить 1,9661128563728327 0,06843230825394063
проект 0 0
производитель 2,8134107167600364 0,005649419109959912
производить 3,2188758248682006 0,0021545353580108436
производство 2,207274913189721 0,0014774263140493447
промышленник 3,912023005428146 0,0026184892941286115
промышленный 2,5257286443082556 0,001690581421893076
публика 3,912023005428146 0,0026184892941286115
р 3,2188758248682006 0,0021545353580108436
работа 0,9942522733438669 0,002661987344963499
развлекательный 4,605170185988092 0,00616488646049276
раздел 0,9675840262617057 0,0038858796235409863
разработчик 0 0
разрешить 3,912023005428146 0,0026184892941286115
район 1,171182981502945 0,0007839243517422657
реабилитировать 3,912023005428146 0,0026184892941286115
регион 0,9942522733438669 0,0013309936724817495
регистрационный 4,605170185988092 0,00308244323024638
религия 0,083381608939051 0,00011162196645120615
республика 0,9416085398584451 0,0006302600668396553
роман 1,4696759700589417 0,000983718855461139
российский 1,0498221244986776 0,0007026921850727427
россия 0,7765287894989963 0,002079059677373484
русский 0 0
самарский 4,605170185988092 0,00616488646049276
самоходный 3,506557897319982 0,0023470936394377386
самый 0,5447271754416719 0,0003646098898538634
санкт 2,120263536200091 0,0028383715344044054
сведение 0 0
свежий 0 0
свердловский 3,912023005428146 0,005236978588257223
светоотражающий 4,605170185988092 0,00308244323024638
свободный 0 0
свой 1,4696759700589417 0,0029511565663834166
связать 0 0
северо 1,6094379124341003 0,0010772676790054218
североамериканский 3,912023005428146 0,0026184892941286115
сей 2,995732273553991 0,0020051755512409575
сентябрь 0 0
сербский 1,7147984280919266 0,0011477901125113298
серийный 2,995732273553991 0,004010351102481915
сзади 3,912023005428146 0,0026184892941286115
сиа 4,605170185988092 0,00616488646049276
символ 0,9416085398584451 0,0006302600668396553
синтаксис 4,605170185988092 0,0308244323024638
система 0 0
следовать 1,4271163556401458 0,00191046366216887
случай 0 0
случайный 0 0
смить 2,659260036932778 0,003559919728156329
смотреть 0 0
событие 0 0
совместный 2,120263536200091 0,0028383715344044054
содержание 0,1392620673335076 9,321423516299036E-05
создание 0,8675005677047231 0,0005806563371517557
создать 0 0
сообщество 0 0
сохранение 0 0
список 0 0
спорт 0,083381608939051 0,00011162196645120615
спортивный 2,302585092994046 0,00154122161512319
средство 1,9661128563728327 0,0026320118559207935
ссылаться 0 0
ссылка 0 0
стабильный 1,4271163556401458 0,00191046366216887
стандарт 2,8134107167600364 0,0018831397033199707
станислав 3,2188758248682006 0,004309070716021687
статистик 0 0
статус 1,4271163556401458 0,000955231831084435
статья 0 0
столько 3,912023005428146 0,0026184892941286115
страна 0,43078291609245434 0,0002883419786428744
страница 0 0
субъект 2,407945608651872 0,0016117440486290975
существовать 1,4271163556401458 0,000955231831084435
сюд 0 0
тагаз 4,605170185988092 0,00924732969073914
татарстан 3,2188758248682006 0,004309070716021687
текст 0 0
тема 0,7550225842780328 0,0005053698689946672
тематика 1,7147984280919266 0,0011477901125113298
теория 1,8971199848858813 0,0025396519208646337
техника 0,06187540371808745 0,00016566373150759693
течь 0 0
транспорт 0,9162907318741551 0,002453254971550616
транспортный 2,207274913189721 0,0029548526280986894
требоваться 3,2188758248682006 0,0021545353580108436
трехзначный 4,605170185988092 0,00308244323024638
труд 2,120263536200091 0,0028383715344044054
туризм 1,4696759700589417 0,001967437710922278
тыс 1,6607312068216509 0,0011116005400412655
уаз 4,605170185988092 0,00924732969073914
указатель 0 0
украинский 1,07880966137193 0,0007220948201954016
улучшение 1,4271163556401458 0,00191046366216887
уникальный 2,995732273553991 0,0020051755512409575
условие 0 0
успешный 2,120263536200091 0,0014191857672022027
участие 0 0
участник 0 0
файл 1,5141277326297755 0,002026944755863153
февраль 0 0
федерация 1,4271163556401458 0,000955231831084435
философия 0,09431067947124142 0,00012625258296016252
финалист 3,912023005428146 0,010473957176514446
форд 4,605170185988092 0,02465954584197104
фордовский 4,605170185988092 0,00308244323024638
форма 1,6607312068216509 0,0011116005400412655
форум 0 0
французский 0,23572233352106994 0,00015777933970620477
хаксли 4,605170185988092 0,00616488646049276
хаск 4,605170185988092 0,00616488646049276
хороший 0,7985076962177716 0,0005344763696236757
хх 1,2729656758128876 0,0008520519918426288
цифра 4,605170185988092 0,00308244323024638
челябинский 3,912023005428146 0,005236978588257223
честь 1,8325814637483102 0,001226627485775308
чешский 1,3862943611198906 0,0009279078722355358
читать 0 0
чих 4,605170185988092 0,01232977292098552
шаблон 0 0
шатун 4,605170185988092 0,00616488646049276
элемент 0,19845093872383823 0,00026566390726082763
энциклопедия 0 0
эпоха 2,120263536200091 0,0014191857672022027
являться 0,3424903089467759 0,00022924384802327702
язык 0 0
яковлев 3,912023005428146 0,0026184892941286115
япония 1,8971199848858813 0,0025396519208646337
японский 1,4696759700589417 0,000983718855461139
