аарон 2,995732273553991 0,0022019347839426617
аба 4,605170185988092 0,0016924550481396885
август 0 0
августа 0,843970070294529 0,0006203381626567651
австралия 2,5257286443082556 0,01392353166652842
автоматически 3,912023005428146 0,0014377151802382015
адетокунбо 4,605170185988092 0,003384910096279377
адриатический 3,2188758248682006 0,0011829753123367148
азия 1,5141277326297755 0,0022258401067692403
акит 4,605170185988092 0,003384910096279377
александер 3,912023005428146 0,002875430360476403
ализе 4,605170185988092 0,003384910096279377
алина 4,605170185988092 0,003384910096279377
аллен 4,605170185988092 0,003384910096279377
алфавит 0 0
аль 2,207274913189721 0,0008111998945937969
америка 1,4271163556401458 0,008391716901963372
американский 1,4271163556401458 0,002097929225490843
анатольевич 2,995732273553991 0,0022019347839426617
англ 1,0498221244986776 0,0007716443399475764
английский 0,37106368139083196 0,0006818516747350826
андре 3,912023005428146 0,008626291081429208
андреевич 2,407945608651872 0,001769897544029307
антон 2,8134107167600364 0,0020679240843513684
анферня 4,605170185988092 0,003384910096279377
апрель 0 0
арабский 0,38566248081198473 0,00014173556810436779
аргентина 2,8134107167600364 0,004135848168702737
аризона 3,912023005428146 0,002875430360476403
аризонский 4,605170185988092 0,0016924550481396885
армани 4,605170185988092 0,003384910096279377
армения 2,8134107167600364 0,0020679240843513684
армянский 1,8325814637483102 0,0006734955765337414
арнольдас 4,605170185988092 0,003384910096279377
артерчук 4,605170185988092 0,003384910096279377
архив 0,3011050927839216 0,0004426388721557099
ассоциация 2,8134107167600364 0,008271696337405474
африка 1,5606477482646683 0,0034413401284777694
багли 4,605170185988092 0,003384910096279377
базироваться 4,605170185988092 0,0016924550481396885
бамба 4,605170185988092 0,003384910096279377
баскетбол 2,995732273553991 0,16404414140372828
баскетболист 3,912023005428146 0,020128012523334817
баскетбольный 3,912023005428146 0,044569170587384244
ббла 4,605170185988092 0,0016924550481396885
белоруссия 2,659260036932778 0,003909239304568582
бельгия 2,8134107167600364 0,004135848168702737
берри 4,605170185988092 0,003384910096279377
биатлон 3,912023005428146 0,004313145540714604
бонг 4,605170185988092 0,003384910096279377
бразилия 2,659260036932778 0,007818478609137165
брансон 4,605170185988092 0,003384910096279377
браун 3,506557897319982 0,005154807640308684
бревн 4,605170185988092 0,003384910096279377
бриджес 4,605170185988092 0,006769820192558754
бронза 2,995732273553991 0,003302902175913992
бросок 4,605170185988092 0,003384910096279377
бруно 4,605170185988092 0,003384910096279377
брюс 3,912023005428146 0,002875430360476403
бубчиков 4,605170185988092 0,003384910096279377
бэйтс 4,605170185988092 0,003384910096279377
вагнер 4,605170185988092 0,003384910096279377
вандербилт 4,605170185988092 0,003384910096279377
велоспорт 3,2188758248682006 0,003548925937010144
венесуэла 3,912023005428146 0,005750860720952806
венсан 4,605170185988092 0,003384910096279377
версия 0 0
вид 1,0498221244986776 0,0011574665099213645
викиновость 1,0216512475319812 0,00037546903621168
википедия 0 0
викисклад 0,5798184952529422 0,0002130902224376855
викисловарь 1,4271163556401458 0,0005244823063727108
викицитатник 0,9675840262617057 0,0003555986866084916
винсент 4,605170185988092 0,003384910096279377
вклад 0 0
восемь 3,506557897319982 0,001288701910077171
воспитание 3,2188758248682006 0,0011829753123367148
восточный 0,9162907318741551 0,0006734955765337414
время 2,407945608651872 0,001769897544029307
вручной 3,912023005428146 0,0014377151802382015
втб 4,605170185988092 0,003384910096279377
второй 1,2378743560016172 0,0004549336111729575
входить 1,2378743560016172 0,0022746680558647873
выбрать 3,506557897319982 0,002577403820154342
вызов 3,506557897319982 0,002577403820154342
выиграть 3,2188758248682006 0,004731901249346859
высокий 1,8971199848858813 0,0006972142539088135
выступать 2,302585092994046 0,0025386825722095324
выступление 4,605170185988092 0,0016924550481396885
география 0,083381608939051 6,128747441312091E-05
гилджес 4,605170185988092 0,003384910096279377
го 2,0402208285265546 0,002249416569489035
год 0,6348782724359695 0,00023332534819403512
голдный 4,605170185988092 0,00846227524069844
город 0,3424903089467759 0,00012586927928951707
грейсон 4,605170185988092 0,003384910096279377
греция 2,0402208285265546 0,002249416569489035
греческий 1,4271163556401458 0,0005244823063727108
грэм 4,605170185988092 0,006769820192558754
грясти 4,605170185988092 0,0016924550481396885
гэри 3,912023005428146 0,002875430360476403
далья 0,3566749439387324 0,000262164604144603
данный 0,1508228897345837 5,542921342689588E-05
дастина 4,605170185988092 0,003384910096279377
два 0 0
де 1,1394342831883648 0,0008375114172645093
деандра 4,605170185988092 0,003384910096279377
девон 4,605170185988092 0,003384910096279377
девонт 4,605170185988092 0,006769820192558754
девятый 3,912023005428146 0,0014377151802382015
действовать 2,120263536200091 0,0007792221742741974
декабрь 0 0
дементьева 1,9661128563728327 0,0014451399164813177
денвер 3,912023005428146 0,004313145540714604
день 1,3862943611198906 0,0005094797358029734
джанан 4,605170185988092 0,003384910096279377
джарный 4,605170185988092 0,003384910096279377
джарред 4,605170185988092 0,003384910096279377
джастин 4,605170185988092 0,003384910096279377
джевон 4,605170185988092 0,003384910096279377
джей 3,912023005428146 0,002875430360476403
джейкоб 3,912023005428146 0,002875430360476403
джейленный 4,605170185988092 0,003384910096279377
джеймс 2,5257286443082556 0,0018564708888704562
джексон 3,912023005428146 0,005750860720952806
джереманить 4,605170185988092 0,003384910096279377
джером 4,605170185988092 0,003384910096279377
джонсон 3,912023005428146 0,002875430360476403
джордж 2,407945608651872 0,001769897544029307
джоша 3,912023005428146 0,002875430360476403
ди 2,659260036932778 0,001954619652284291
диалло 4,605170185988092 0,003384910096279377
дивизион 3,912023005428146 0,002875430360476403
дивинченцо 4,605170185988092 0,003384910096279377
димитрис 4,605170185988092 0,003384910096279377
диоп 3,912023005428146 0,002875430360476403
добавлять 1,7719568419318754 0,0013024306078146825
добро 1,8325814637483102 0,0006734955765337414
доллар 2,302585092994046 0,0008462275240698442
донт 4,605170185988092 0,003384910096279377
дончич 4,605170185988092 0,003384910096279377
дополнять 2,207274913189721 0,0008111998945937969
достичь 2,659260036932778 0,0009773098261421456
драфт 4,605170185988092 0,01692455048139688
дэвион 4,605170185988092 0,003384910096279377
евробаскет 4,605170185988092 0,003384910096279377
евролига 4,605170185988092 0,01015473028883813
европа 0,8915981192837835 0,008519496913406237
единый 2,407945608651872 0,001769897544029307
екатерина 2,5257286443082556 0,0018564708888704562
елена 2,407945608651872 0,001769897544029307
ес 3,506557897319982 0,018041826741080392
ефимовна 3,912023005428146 0,002875430360476403
жальгирис 4,605170185988092 0,003384910096279377
желать 2,8134107167600364 0,0020679240843513684
жена 2,407945608651872 0,0008849487720146535
женский 2,302585092994046 0,00423113762034922
женщина 1,6607312068216509 0,01037575542666963
жнбла 4,605170185988092 0,003384910096279377
журнал 0 0
забросить 2,995732273553991 0,0022019347839426617
заир 4,605170185988092 0,003384910096279377
заниматься 0 0
запись 3,506557897319982 0,001288701910077171
запрос 0,1165338162559516 8,56551387401335E-05
защита 2,120263536200091 0,0015584443485483948
звезда 1,8325814637483102 0,0026939823061349656
зеландия 2,995732273553991 0,0022019347839426617
зенит 3,912023005428146 0,002875430360476403
зинаида 4,605170185988092 0,003384910096279377
знаете 0,06187540371808745 6,821984974430811E-05
знак 0 0
знаменитый 2,120263536200091 0,0007792221742741974
золото 3,2188758248682006 0,003548925937010144
зоурос 4,605170185988092 0,003384910096279377
иврит 1,6607312068216509 0,0006103385545099783
игра 1,5606477482646683 0,01605958726622959
играть 2,120263536200091 0,002337666522822592
игрок 2,407945608651872 0,0026548463160439603
игудать 4,605170185988092 0,015232095433257195
иерусалим 3,912023005428146 0,002875430360476403
избранный 0,083381608939051 0,00012257494882624183
избрать 0 0
изменение 0 0
изначальный 3,506557897319982 0,001288701910077171
изображение 0,06187540371808745 2,2739949914769372E-05
израиль 2,5257286443082556 0,00464117722217614
илиас 4,605170185988092 0,003384910096279377
илла 1,3862943611198906 0,0005094797358029734
иллинойс 4,605170185988092 0,005077365144419065
иллюстрация 1,8325814637483102 0,0006734955765337414
илья 2,995732273553991 0,0022019347839426617
иметься 1,4271163556401458 0,0005244823063727108
империя 1,2039728043259361 0,0004424743860073268
индиана 3,912023005428146 0,005750860720952806
индианаполис 4,605170185988092 0,003384910096279377
ионеска 4,605170185988092 0,003384910096279377
исаак 3,2188758248682006 0,0023659506246734296
искать 0 0
исключительно 3,2188758248682006 0,0011829753123367148
искусство 0,083381608939051 6,128747441312091E-05
испания 1,7147984280919266 0,020796893835734503
испанский 0,49429632181478017 0,00018165980221050357
использование 0 0
исправлять 2,207274913189721 0,0008111998945937969
иссуф 4,605170185988092 0,003384910096279377
история 0 0
источник 0 0
италия 1,8325814637483102 0,002020486729601224
итальянский 0,7339691750802005 0,000269742438471224
итог 2,8134107167600364 0,0010339620421756842
июнь 0 0
кавальерс 4,605170185988092 0,003384910096279377
каждый 2,120263536200091 0,0007792221742741974
кайри 4,605170185988092 0,003384910096279377
калеб 4,605170185988092 0,003384910096279377
кампаццо 4,605170185988092 0,003384910096279377
канада 2,659260036932778 0,007818478609137165
кардаков 4,605170185988092 0,003384910096279377
карра 4,605170185988092 0,003384910096279377
картер 4,605170185988092 0,006769820192558754
карьер 2,407945608651872 0,0008849487720146535
каталанский 1,8325814637483102 0,0006734955765337414
категория 0 0
катманду 3,912023005428146 0,023003442883811225
квалификационный 4,605170185988092 0,011847185336977817
квалификация 3,912023005428146 0,002875430360476403
кевин 3,506557897319982 0,0077322114604630255
кейт 3,912023005428146 0,002875430360476403
кинг 3,506557897319982 0,002577403820154342
китай 1,8971199848858813 0,006972142539088134
китайский 1,171182981502945 0,001721694937894811
кливленд 3,912023005428146 0,002875430360476403
клуб 1,7719568419318754 0,016280382597683527
клубный 3,912023005428146 0,0014377151802382015
книга 0 0
кобзева 4,605170185988092 0,003384910096279377
код 0 0
кодить 4,605170185988092 0,003384910096279377
коллина 4,605170185988092 0,003384910096279377
команда 2,207274913189721 0,008923198840531766
командный 2,995732273553991 0,0011009673919713308
конкурс 4,605170185988092 0,0016924550481396885
контракт 3,912023005428146 0,0014377151802382015
конференция 2,659260036932778 0,001954619652284291
корач 4,605170185988092 0,003384910096279377
корзина 3,912023005428146 0,002875430360476403
костас 3,912023005428146 0,002875430360476403
костюм 2,8134107167600364 0,0010339620421756842
красный 0,7765287894989963 0,0005707672102160943
кратный 4,605170185988092 0,0016924550481396885
кроссовок 4,605170185988092 0,0016924550481396885
кубок 2,302585092994046 0,009308502764768287
кулбок 4,605170185988092 0,003384910096279377
куруцс 4,605170185988092 0,0016924550481396885
ланфиера 4,605170185988092 0,0016924550481396885
ларри 4,605170185988092 0,003384910096279377
латышский 2,995732273553991 0,0011009673919713308
лбла 4,605170185988092 0,0016924550481396885
леонид 2,8134107167600364 0,0020679240843513684
летний 1,7147984280919266 0,0094531335616975
лето 3,2188758248682006 0,0011829753123367148
лига 2,8134107167600364 0,009305658379581158
лигат 4,605170185988092 0,0016924550481396885
литва 3,912023005428146 0,004313145540714604
личность 0,127833371509885 0,00014094087266800992
лондон 2,120263536200091 0,0007792221742741974
лонний 4,605170185988092 0,003384910096279377
лопес 2,8134107167600364 0,0020679240843513684
лука 3,2188758248682006 0,0023659506246734296
лукан 4,605170185988092 0,003384910096279377
лучший 0 0
лэндри 4,605170185988092 0,003384910096279377
людмила 3,2188758248682006 0,0023659506246734296
мадрид 3,2188758248682006 0,0023659506246734296
май 0 0
майкл 2,995732273553991 0,003302902175913992
майлз 4,605170185988092 0,003384910096279377
маккензи 4,605170185988092 0,003384910096279377
максима 2,0402208285265546 0,0014996110463260234
малага 3,912023005428146 0,0014377151802382015
малкольм 3,912023005428146 0,002875430360476403
марвин 4,605170185988092 0,003384910096279377
март 0 0
марта 0,3566749439387324 0,003408139853879839
мартин 2,207274913189721 0,0032447995783751876
мастерство 4,605170185988092 0,0016924550481396885
материал 0 0
матисса 4,605170185988092 0,003384910096279377
матч 2,407945608651872 0,004424743860073267
меган 4,605170185988092 0,003384910096279377
медаль 2,407945608651872 0,0026548463160439603
международный 0,9942522733438669 0,0010961987578212424
мелвин 4,605170185988092 0,003384910096279377
мелтон 4,605170185988092 0,003384910096279377
место 0 0
мета 3,912023005428146 0,002875430360476403
микать 4,605170185988092 0,003384910096279377
милан 4,605170185988092 0,003384910096279377
миллер 4,605170185988092 0,0016924550481396885
милтон 3,912023005428146 0,002875430360476403
миро 0 0
митчелла 3,506557897319982 0,002577403820154342
михайловна 3,2188758248682006 0,004731901249346859
михайлюк 4,605170185988092 0,003384910096279377
мл 3,912023005428146 0,005750860720952806
младший 2,5257286443082556 0,0037129417777409125
мобильный 0 0
мой 0 0
морица 3,506557897319982 0,002577403820154342
москва 1,4271163556401458 0,002097929225490843
моторный 3,2188758248682006 0,003548925937010144
мохамед 3,2188758248682006 0,0023659506246734296
моча 0,16251892949777494 5,9727647738983814E-05
мужской 2,8134107167600364 0,026883013096567786
мужчина 2,995732273553991 0,008807739135770647
мур 3,506557897319982 0,002577403820154342
мус 3,2188758248682006 0,0023659506246734296
мухаммад 3,2188758248682006 0,0023659506246734296
мяч 2,8134107167600364 0,006203772253054104
навигация 0 0
наггетс 4,605170185988092 0,003384910096279377
нажать 0 0
название 0 0
наибольший 2,659260036932778 0,0009773098261421456
найти 0 0
нантер 4,605170185988092 0,003384910096279377
народный 1,8325814637483102 0,0013469911530674828
настольный 3,506557897319982 0,0038661057302315127
наталья 2,659260036932778 0,003909239304568582
наука 0,05129329438755048 3,7701796683241815E-05
находиться 0 0
национальный 0,7550225842780328 0,0016648789068975365
начать 0,38566248081198473 0,005669422724174711
начаться 2,207274913189721 0,0008111998945937969
начинать 0,1508228897345837 0,00011085842685379176
нба 4,605170185988092 0,05415856154047003
нейсмит 4,605170185988092 0,0016924550481396885
некоммерческий 0 0
немецкий 0,5108256237659907 0,00018773451810584005
непроверенный 1,9661128563728327 0,0007225699582406589
нигерия 2,8134107167600364 0,004135848168702737
никол 3,2188758248682006 0,0023659506246734296
новичок 4,605170185988092 0,006769820192558754
новый 0 0
нокс 4,605170185988092 0,003384910096279377
номер 3,2188758248682006 0,0011829753123367148
нортерна 4,605170185988092 0,003384910096279377
носить 1,6094379124341003 0,0005914876561683574
ноябрь 0 0
обадий 4,605170185988092 0,003384910096279377
обменять 3,912023005428146 0,0014377151802382015
обновляться 4,605170185988092 0,0016924550481396885
оборона 2,302585092994046 0,0016924550481396885
обсуждение 0 0
общество 0,07257069283483537 5,334119282237073E-05
обь 3,506557897319982 0,002577403820154342
обязательный 0 0
обязать 3,506557897319982 0,001288701910077171
один 0,843970070294529 0,0006203381626567651
океания 2,659260036932778 0,003909239304568582
окобо 4,605170185988092 0,003384910096279377
оког 4,605170185988092 0,003384910096279377
октябрь 0 0
олимпиада 2,8134107167600364 0,0020679240843513684
олимпий 3,912023005428146 0,002875430360476403
олимпийский 1,7719568419318754 0,014977951989868846
омари 4,605170185988092 0,003384910096279377
описание 0 0
организация 0 0
организовать 1,9661128563728327 0,0007225699582406589
основать 1,2729656758128876 0,0009356601806783444
основной 0 0
особенный 3,506557897319982 0,001288701910077171
ответственность 0 0
отдельный 0 0
отказ 0 0
отличаться 3,506557897319982 0,001288701910077171
отпатрулировать 2,207274913189721 0,0016223997891875938
отсутствовать 0,05129329438755048 0,0006597814419567316
оценивание 0,1508228897345837 0,00011085842685379176
ошибка 1,7147984280919266 0,0006302089041131668
павлович 2,407945608651872 0,001769897544029307
панатинаикос 4,605170185988092 0,003384910096279377
пбла 4,605170185988092 0,0016924550481396885
первый 0 0
перейти 0 0
персоналия 0,07257069283483537 5,334119282237073E-05
перт 3,912023005428146 0,002875430360476403
печать 0 0
писать 2,0402208285265546 0,0007498055231630117
пн 0,127833371509885 0,0008926255268973961
подготовка 2,995732273553991 0,004403869567885323
подмосковный 4,605170185988092 0,0016924550481396885
подписать 2,8134107167600364 0,0010339620421756842
подробный 0 0
подряд 3,506557897319982 0,001288701910077171
пожаловать 1,7719568419318754 0,0006512153039073413
позиция 2,995732273553991 0,0011009673919713308
поиск 0 0
показ 3,912023005428146 0,0014377151802382015
показать 1,2729656758128876 0,0009356601806783444
покер 3,912023005428146 0,004313145540714604
политик 0 0
получить 0 0
пользоваться 1,9661128563728327 0,0007225699582406589
польский 1,2729656758128876 0,0004678300903391722
помешать 2,995732273553991 0,0011009673919713308
помочь 0,127833371509885 9,396058177867328E-05
помощь 0,127833371509885 4,698029088933664E-05
попасть 2,5257286443082556 0,0009282354444352281
популярность 2,659260036932778 0,0009773098261421456
портал 0 0
портер 4,605170185988092 0,003384910096279377
португальский 0,49429632181478017 0,00018165980221050357
последний 0 0
посмотреть 0 0
правило 1,4696759700589417 0,0005401234730095339
править 0 0
правка 0 0
предлагать 0 0
предстоящий 4,605170185988092 0,0016924550481396885
прежде 2,659260036932778 0,0009773098261421456
пренай 4,605170185988092 0,003384910096279377
преподаватель 2,8134107167600364 0,0010339620421756842
приглашать 2,5257286443082556 0,0018564708888704562
признать 1,7147984280919266 0,0012604178082263335
принять 1,3862943611198906 0,0010189594716059468
прифтис 4,605170185988092 0,003384910096279377
проверить 1,9661128563728327 0,0007225699582406589
проводиться 3,2188758248682006 0,003548925937010144
программа 2,207274913189721 0,0008111998945937969
проект 0 0
происходить 1,9661128563728327 0,0007225699582406589
просмотр 1,2729656758128876 0,0014034902710175167
протяжение 2,302585092994046 0,0008462275240698442
профессиональный 2,5257286443082556 0,0018564708888704562
пуарья 4,605170185988092 0,003384910096279377
пэйсерс 4,605170185988092 0,005077365144419065
работа 0,9942522733438669 0,0010961987578212424
раз 2,659260036932778 0,001954619652284291
развитие 0,9416085398584451 0,00034605238510049437
раздел 0,9675840262617057 0,0003555986866084916
раздеть 2,995732273553991 0,0011009673919713308
разработчик 0 0
рамка 1,8971199848858813 0,0006972142539088135
раунд 3,912023005428146 0,002875430360476403
реал 3,506557897319982 0,002577403820154342
ребич 4,605170185988092 0,003384910096279377
регулярный 2,5257286443082556 0,0009282354444352281
реджа 4,605170185988092 0,003384910096279377
религия 0,083381608939051 6,128747441312091E-05
республика 0,9416085398584451 0,0006921047702009887
ришон 4,605170185988092 0,003384910096279377
роберта 2,207274913189721 0,0016223997891875938
робинсон 3,506557897319982 0,005154807640308684
родионс 4,605170185988092 0,0016924550481396885
родиться 0,8915981192837835 0,0003276729582079322
родственный 0,21072103131565253 7,744249588961872E-05
роман 1,4696759700589417 0,0010802469460190678
российский 1,0498221244986776 0,0015432886798951528
россия 0,7765287894989963 0,0014269180255402356
румыния 2,659260036932778 0,001954619652284291
русский 0 0
русскоязычный 2,659260036932778 0,0009773098261421456
рэй 2,995732273553991 0,0022019347839426617
сабрина 4,605170185988092 0,003384910096279377
саймонс 4,605170185988092 0,003384910096279377
самар 3,506557897319982 0,002577403820154342
самый 0,5447271754416719 0,0008007749730858831
санон 4,605170185988092 0,003384910096279377
сборная 2,120263536200091 0,04129877523653246
сборный 2,659260036932778 0,0029319294784264367
сведение 0 0
свежий 0 0
сверху 3,2188758248682006 0,0023659506246734296
свободный 0 0
свой 1,4696759700589417 0,0005401234730095339
связать 0 0
святослав 4,605170185988092 0,003384910096279377
севенти 4,605170185988092 0,003384910096279377
сезон 2,8134107167600364 0,0072377342952297885
секстон 4,605170185988092 0,003384910096279377
сенегал 3,2188758248682006 0,004731901249346859
сентябрь 0 0
сербия 2,5257286443082556 0,028775298777492072
сербский 1,7147984280919266 0,0012604178082263335
сергеевна 3,2188758248682006 0,0023659506246734296
серебро 2,995732273553991 0,003302902175913992
серия 2,207274913189721 0,0016223997891875938
сиксерс 4,605170185988092 0,003384910096279377
сильнейший 4,605170185988092 0,0016924550481396885
символический 3,506557897319982 0,001288701910077171
синьцзян 3,912023005428146 0,002875430360476403
система 0 0
скрыть 2,8134107167600364 0,0010339620421756842
словения 2,8134107167600364 0,004135848168702737
случай 0 0
случайный 0 0
сменить 2,995732273553991 0,0011009673919713308
смит 3,912023005428146 0,002875430360476403
смотреть 0 0
снукер 3,912023005428146 0,004313145540714604
событие 0 0
совместный 2,120263536200091 0,0007792221742741974
содержание 0,1392620673335076 5,1180473110440135E-05
создание 0,8675005677047231 0,0003188168201781415
создать 0 0
сообщество 0 0
соперник 3,506557897319982 0,001288701910077171
соревнование 2,5257286443082556 0,0018564708888704562
состав 1,0498221244986776 0,0003858221699737882
состояние 1,7147984280919266 0,0006302089041131668
сохранение 0 0
спеллман 4,605170185988092 0,003384910096279377
список 0 0
сполдинг 4,605170185988092 0,003384910096279377
спорт 0,083381608939051 0,00024514989765248366
спортивный 2,302585092994046 0,0008462275240698442
спрингфилд 3,912023005428146 0,002875430360476403
спрингфилдский 4,605170185988092 0,0016924550481396885
среди 1,4696759700589417 0,008641975568152542
ссылаться 0 0
ссылка 0 0
стабильный 1,4271163556401458 0,0005244823063727108
став 3,912023005428146 0,0014377151802382015
старший 2,407945608651872 0,0008849487720146535
статистик 0 0
стать 0,4620354595965586 0,00016980355001711085
статья 0 0
страна 0,43078291609245434 0,00015831786699465431
страница 0 0
студенческий 3,506557897319982 0,001288701910077171
стэйт 4,605170185988092 0,00846227524069844
существование 2,5257286443082556 0,0018564708888704562
сформулировать 3,506557897319982 0,001288701910077171
считаться 1,5141277326297755 0,0005564600266923101
сша 0,9675840262617057 0,007823171105386816
сюд 0 0
тайгерс 4,605170185988092 0,003384910096279377
тайлер 4,605170185988092 0,0016924550481396885
тартар 4,605170185988092 0,003384910096279377
тбла 4,605170185988092 0,0016924550481396885
текст 0 0
теннис 2,8134107167600364 0,003101886126527052
техника 0,06187540371808745 4,5479899829538744E-05
течь 0 0
тибюль 4,605170185988092 0,003384910096279377
титул 2,659260036932778 0,018568886696700763
томас 2,407945608651872 0,003539795088058614
топпин 4,605170185988092 0,006769820192558754
торк 4,605170185988092 0,003384910096279377
требовать 1,4696759700589417 0,0005401234730095339
тренер 2,8134107167600364 0,0010339620421756842
тренировочный 4,605170185988092 0,0016924550481396885
трент 4,605170185988092 0,003384910096279377
триатлон 3,912023005428146 0,004313145540714604
трой 3,506557897319982 0,002577403820154342
тря 4,605170185988092 0,003384910096279377
турнир 3,506557897319982 0,015464422920926051
турция 2,302585092994046 0,009308502764768287
тысяча 2,8134107167600364 0,0010339620421756842
уайлдкэтс 4,605170185988092 0,006769820192558754
удаться 3,506557897319982 0,001288701910077171
удачный 3,506557897319982 0,001288701910077171
уилсон 3,506557897319982 0,002577403820154342
уильямс 3,2188758248682006 0,0023659506246734296
указатель 0 0
украинский 1,07880966137193 0,0011894263080175634
улеб 4,605170185988092 0,0016924550481396885
улучшать 2,0402208285265546 0,0007498055231630117
улучшение 1,4271163556401458 0,0005244823063727108
университет 1,3470736479666094 0,00099013131052305
униках 4,605170185988092 0,003384910096279377
уокер 3,912023005428146 0,002875430360476403
уорриорз 4,605170185988092 0,00846227524069844
уроженка 3,912023005428146 0,0014377151802382015
условие 0 0
усолец 4,605170185988092 0,003384910096279377
успешный 2,120263536200091 0,0007792221742741974
учайкин 4,605170185988092 0,003384910096279377
участвовать 1,8971199848858813 0,001394428507817627
участие 0 0
участник 0 0
уэлша 4,605170185988092 0,003384910096279377
уэнделла 4,605170185988092 0,003384910096279377
файл 1,5141277326297755 0,0005564600266923101
файя 4,605170185988092 0,003384910096279377
факундо 4,605170185988092 0,003384910096279377
февраль 0 0
фелип 3,506557897319982 0,002577403820154342
фенербахча 4,605170185988092 0,006769820192558754
фернандо 3,2188758248682006 0,0023659506246734296
фиб 4,605170185988092 0,00846227524069844
физический 2,120263536200091 0,0007792221742741974
филадельфия 4,605170185988092 0,003384910096279377
философия 0,09431067947124142 6,93206023309382E-05
финал 3,506557897319982 0,002577403820154342
финалист 3,912023005428146 0,0014377151802382015
финальный 3,2188758248682006 0,0011829753123367148
финляндия 2,5257286443082556 0,0018564708888704562
финский 1,9661128563728327 0,0007225699582406589
флаг 0,8675005677047231 0,019766642851044774
флаинг 4,605170185988092 0,003384910096279377
форвард 3,912023005428146 0,0014377151802382015
форматировать 3,912023005428146 0,0014377151802382015
формула 2,8134107167600364 0,003101886126527052
форум 0 0
франций 1,7147984280919266 0,0056718801370185005
франция 1,3093333199837622 0,011548695214851266
французский 0,23572233352106994 8,663077306911796E-05
фрейзер 4,605170185988092 0,003384910096279377
футбол 1,7719568419318754 0,007814583646888095
ха 3,2188758248682006 0,0011829753123367148
хамид 3,912023005428146 0,002875430360476403
хапоэль 4,605170185988092 0,003384910096279377
хатчисон 4,605170185988092 0,003384910096279377
хервать 4,605170185988092 0,003384910096279377
хилла 3,912023005428146 0,005750860720952806
хог 4,605170185988092 0,003384910096279377
ходаков 4,605170185988092 0,003384910096279377
хоккей 2,995732273553991 0,006605804351827984
холидь 4,605170185988092 0,003384910096279377
холл 3,912023005428146 0,002875430360476403
холмс 3,506557897319982 0,002577403820154342
хорватия 2,8134107167600364 0,004135848168702737
хороший 0,7985076962177716 0,0002934611158462961
хх 1,2729656758128876 0,0004678300903391722
хьюртер 4,605170185988092 0,003384910096279377
хэппинетс 4,605170185988092 0,003384910096279377
цель 1,7719568419318754 0,0006512153039073413
ценный 3,2188758248682006 0,0023659506246734296
центральный 1,2729656758128876 0,0009356601806783444
црвена 4,605170185988092 0,006769820192558754
цска 4,605170185988092 0,006769820192558754
чаусов 4,605170185988092 0,003384910096279377
чемпион 2,5257286443082556 0,007425883555481825
чемпионат 1,4696759700589417 0,02700617365047669
чендлер 4,605170185988092 0,003384910096279377
черкачев 4,605170185988092 0,003384910096279377
чимезить 4,605170185988092 0,003384910096279377
число 1,3470736479666094 0,0019802626210461
читать 0 0
член 1,7147984280919266 0,0006302089041131668
шаблон 0 0
шалон 4,605170185988092 0,003384910096279377
шахмат 3,912023005428146 0,004313145540714604
шашка 3,912023005428146 0,004313145540714604
шейк 4,605170185988092 0,003384910096279377
шея 3,912023005428146 0,002875430360476403
шиманский 4,605170185988092 0,003384910096279377
школа 1,8325814637483102 0,0013469911530674828
штат 1,7147984280919266 0,008822924657584334
штрафовать 4,605170185988092 0,0016924550481396885
шэмет 4,605170185988092 0,003384910096279377
эванс 4,605170185988092 0,003384910096279377
эгида 2,995732273553991 0,0011009673919713308
эдвардс 4,605170185988092 0,003384910096279377
эйтон 4,605170185988092 0,003384910096279377
элан 4,605170185988092 0,003384910096279377
элемент 0,19845093872383823 0,00014586618061289102
эля 3,912023005428146 0,002875430360476403
эндес 4,605170185988092 0,0016924550481396885
энтони 3,912023005428146 0,005750860720952806
энциклопедия 0 0
юрьевич 2,407945608651872 0,0026548463160439603
язык 0 0
яй 1,7147984280919266 0,012604178082263334
январь 0,6733445532637655 0,0004949243316896476
янг 3,2188758248682006 0,0023659506246734296
япония 1,8971199848858813 0,002788857015635254
ярмарка 4,605170185988092 0,0016924550481396885
