абсолютный 2,8134107167600364 0,0023903234636873717
август 0 0
августа 0,843970070294529 0,002151155659204407
авиационный 2,302585092994046 0,007825267945604234
австрия 2,8134107167600364 0,011951617318436858
австро 3,2188758248682006 0,00820444135480425
административный 0,7133498878774648 0,0006060746710938529
азербайджанский 1,6607312068216509 0,0014109865818365769
александр 1,3470736479666094 0,0022889951537240602
алфавит 0 0
альберт 3,2188758248682006 0,00820444135480425
альфреда 3,506557897319982 0,002979233557621055
американский 1,4271163556401458 0,001212503275820005
английский 0,37106368139083196 0,0006305245223293661
андреа 4,605170185988092 0,007825267945604234
андрей 1,2039728043259361 0,004091666284879987
антон 2,8134107167600364 0,004780646927374743
апрель 0 0
арабский 0,38566248081198473 0,0003276656591435724
арестовать 3,2188758248682006 0,00273481378493475
арсенич 1,5606477482646683 0,002651907813533846
архив 0,3011050927839216 0,0005116484159454912
архитектура 1,1086626245216111 0,00188387871626442
астр 4,605170185988092 0,007825267945604234
афанасьевич 3,506557897319982 0,00595846711524211
барин 3,506557897319982 0,00595846711524211
белый 1,6094379124341003 0,006837034462336875
бернат 4,605170185988092 0,007825267945604234
бессонница 3,912023005428146 0,0033237238788684335
биржа 3,912023005428146 0,006647447757736867
ближайший 3,506557897319982 0,002979233557621055
бочкор 4,605170185988092 0,007825267945604234
британский 1,5141277326297755 0,0025728593587591767
будапешт 4,605170185988092 0,02738843780961482
булгаков 4,605170185988092 0,003912633972802117
введение 1,3470736479666094 0,0022889951537240602
век 0,5108256237659907 0,0021700323864315666
венг 4,605170185988092 0,011737901918406351
венгерский 1,9661128563728327 0,02338621919220022
венгрия 2,8134107167600364 0,24381299329611192
версия 0 0
взять 2,407945608651872 0,002045833142439993
википедия 0 0
викисклад 0,5798184952529422 0,0004926240401469347
викисловар 1,8325814637483102 0,0015569935970673834
виктор 1,9661128563728327 0,0033408884560286027
вклад 0 0
власть 1,4696759700589417 0,0012486626763457448
водохранилище 2,8134107167600364 0,004780646927374743
воеводство 4,605170185988092 0,007825267945604234
возвращение 2,659260036932778 0,0022593543219479846
война 0,7133498878774648 0,0012121493421877057
волейбольный 3,912023005428146 0,006647447757736867
воркутлаг 4,605170185988092 0,007825267945604234
воссоздание 4,605170185988092 0,007825267945604234
встретиться 4,605170185988092 0,003912633972802117
вук 4,605170185988092 0,007825267945604234
вулгарис 4,605170185988092 0,007825267945604234
выбор 2,120263536200091 0,0018014133697536881
вырасти 3,912023005428146 0,0033237238788684335
гейзовна 4,605170185988092 0,007825267945604234
география 0,083381608939051 0,0002833699539135123
героиня 4,605170185988092 0,003912633972802117
гимназия 3,506557897319982 0,002979233557621055
год 0,6348782724359695 0,0005394037998606367
государственный 0,7765287894989963 0,0032987629120603073
государство 0,6733445532637655 0,0011441708636597545
граничить 1,1394342831883648 0,0009680835031337
греш 4,605170185988092 0,011737901918406351
грешем 4,605170185988092 0,007825267945604234
группа 1,4696759700589417 0,0012486626763457448
далья 0,3566749439387324 0,0006060746710938529
данный 0,1508228897345837 0,0002562835849355713
два 0 0
движение 1,6094379124341003 0,001367406892467375
дворец 1,9661128563728327 0,006681776912057205
декабрь 0 0
деление 0,9675840262617057 0,0008220764879028936
демократка 4,605170185988092 0,003912633972802117
дочь 2,407945608651872 0,002045833142439993
доян 3,912023005428146 0,006647447757736867
другой 2,5257286443082556 0,002145903691001067
еврей 2,659260036932778 0,004518708643895969
еврейский 3,2188758248682006 0,010939255139739
европа 0,8915981192837835 0,0053026226295552125
европейский 1,1086626245216111 0,00282581807439663
единственный 1,3470736479666094 0,0011444975768620301
ес 3,506557897319982 0,002979233557621055
жена 2,407945608651872 0,002045833142439993
женский 2,302585092994046 0,003912633972802117
жила 2,995732273553991 0,0025452270803347416
житель 1,7147984280919266 0,0014569230485063098
журнал 0 0
забросить 2,995732273553991 0,0025452270803347416
завоевать 2,995732273553991 0,0025452270803347416
заглавный 4,605170185988092 0,003912633972802117
задание 4,605170185988092 0,003912633972802117
заменить 2,995732273553991 0,0025452270803347416
заниматься 0 0
запрос 0,1165338162559516 0,0003960367587288075
здание 1,8325814637483102 0,0015569935970673834
знаете 0,06187540371808745 0,0001051408729279311
знак 0 0
значение 1,9661128563728327 0,0016704442280143013
иванович 1,6094379124341003 0,00273481378493475
ивра 3,912023005428146 0,0033237238788684335
иврит 1,6607312068216509 0,0028219731636731538
игра 1,5606477482646683 0,005303815627067692
избранный 0,083381608939051 0,00014168497695675616
избрать 0 0
изменение 0 0
изображение 0,06187540371808745 0,0002102817458558622
израиль 2,5257286443082556 0,0064377110730032
израильский 3,2188758248682006 0,00273481378493475
илла 1,3862943611198906 0,0011778201878673666
иллюстрация 1,8325814637483102 0,0015569935970673834
илья 2,995732273553991 0,0025452270803347416
иметься 1,4271163556401458 0,00242500655164001
искать 0 0
искусство 0,083381608939051 0,0003542124423918904
испанский 0,49429632181478017 0,0004199628902419543
использование 0 0
использоваться 1,4696759700589417 0,0012486626763457448
история 0 0
источник 0 0
итальянский 0,7339691750802005 0,0006235931818863216
иштван 4,605170185988092 0,011737901918406351
июль 0,9162907318741551 0,0015569935970673834
июнь 0 0
йожеф 4,605170185988092 0,007825267945604234
канонизировать 3,912023005428146 0,0033237238788684335
капиталист 4,605170185988092 0,003912633972802117
кардинал 3,506557897319982 0,00595846711524211
карл 1,9661128563728327 0,0033408884560286027
карпато 3,912023005428146 0,006647447757736867
категория 0 0
клуб 1,7719568419318754 0,0030109716940218785
книга 0 0
княжна 3,912023005428146 0,0033237238788684335
код 0 0
командование 2,659260036932778 0,0022593543219479846
комитет 2,659260036932778 0,004518708643895969
коммунизм 3,506557897319982 0,002979233557621055
коммунистический 3,2188758248682006 0,00273481378493475
комплекс 1,8971199848858813 0,00161182666515368
комплект 3,912023005428146 0,0033237238788684335
копршивый 3,912023005428146 0,006647447757736867
копьё 3,2188758248682006 0,0054696275698695
королевский 2,5257286443082556 0,002145903691001067
король 1,7147984280919266 0,004370769145518929
котовский 3,506557897319982 0,00595846711524211
кочиш 4,605170185988092 0,007825267945604234
культура 0,3566749439387324 0,0012121493421877057
купец 2,995732273553991 0,0025452270803347416
ладислав 3,912023005428146 0,006647447757736867
летний 1,7147984280919266 0,0029138460970126196
личность 0,127833371509885 0,00010860949151222175
лишить 3,912023005428146 0,0033237238788684335
лондон 2,120263536200091 0,005404240109261065
лунить 4,605170185988092 0,007825267945604234
лунц 4,605170185988092 0,007825267945604234
лучший 0 0
лыжа 3,506557897319982 0,002979233557621055
лыжный 3,2188758248682006 0,00273481378493475
любить 3,506557897319982 0,002979233557621055
люксовый 4,605170185988092 0,003912633972802117
мадьяр 4,605170185988092 0,003912633972802117
май 0 0
мансийский 4,605170185988092 0,007825267945604234
мараморошский 4,605170185988092 0,007825267945604234
март 0 0
марта 0,3566749439387324 0,004848597368750823
материал 0 0
мать 2,207274913189721 0,001875339773313272
матьяш 4,605170185988092 0,007825267945604234
медалист 4,605170185988092 0,003912633972802117
медиафайл 1,6094379124341003 0,001367406892467375
мементо 4,605170185988092 0,007825267945604234
место 0 0
метание 4,605170185988092 0,003912633972802117
миндсенти 4,605170185988092 0,007825267945604234
миро 0 0
мировой 1,2039728043259361 0,0010229165712199967
митошевич 4,605170185988092 0,007825267945604234
михаил 1,5606477482646683 0,001325953906766923
мобильный 0 0
модерн 3,506557897319982 0,00595846711524211
мой 0 0
моча 0,16251892949777494 0,0001380789545435641
мочь 0,8209805520698303 0,0006975195854459051
навигация 0 0
нажать 0 0
название 0 0
назвать 1,9661128563728327 0,0016704442280143013
найти 0 0
написать 0,9942522733438669 0,000844734301906429
население 0,5108256237659907 0,0008680129545726266
наука 0,05129329438755048 0,00017431875747680707
находиться 0 0
национальный 0,7550225842780328 0,0012829610607952978
нацист 3,506557897319982 0,002979233557621055
начало 1,2039728043259361 0,0010229165712199967
начать 0,38566248081198473 0,006553313182871449
начинать 0,1508228897345837 0,0002562835849355713
некоммерческий 0 0
немецкий 0,5108256237659907 0,0008680129545726266
непонятный 4,605170185988092 0,003912633972802117
непроверенный 1,9661128563728327 0,0033408884560286027
николаевич 1,5606477482646683 0,002651907813533846
новый 0 0
ноябрь 0 0
нын 1,8971199848858813 0,00161182666515368
область 0,7765287894989963 0,0006597525824120614
обличать 4,605170185988092 0,003912633972802117
обновить 3,2188758248682006 0,00273481378493475
образ 1,7147984280919266 0,0014569230485063098
образец 2,407945608651872 0,002045833142439993
обсуждение 0 0
общество 0,07257069283483537 0,0002466293724208509
обязательный 0 0
окончание 2,659260036932778 0,0022593543219479846
октябрь 0 0
олимпийский 1,7719568419318754 0,009032915082065635
он 3,506557897319982 0,00595846711524211
описание 0 0
организация 0 0
освободительный 3,506557897319982 0,00595846711524211
основатель 1,9661128563728327 0,0016704442280143013
основной 0 0
останка 2,995732273553991 0,0025452270803347416
ответственность 0 0
отдельный 0 0
отель 4,605170185988092 0,003912633972802117
отказ 0 0
отсутствовать 0,05129329438755048 4,357968936920177E-05
офисный 4,605170185988092 0,003912633972802117
оценивание 0,1508228897345837 0,0002562835849355713
пал 3,912023005428146 0,0099711716366053
палестина 3,506557897319982 0,002979233557621055
памятник 1,2039728043259361 0,0010229165712199967
паннир 4,605170185988092 0,007825267945604234
парашютист 3,506557897319982 0,00595846711524211
парк 1,6094379124341003 0,00273481378493475
партизанка 4,605170185988092 0,003912633972802117
пастор 3,912023005428146 0,0033237238788684335
первый 0 0
перевести 1,7719568419318754 0,0015054858470109392
переводить 3,2188758248682006 0,00273481378493475
перезахоронить 3,506557897319982 0,002979233557621055
перейти 0 0
период 1,3093333199837622 0,0011124327272589315
персоналия 0,07257069283483537 0,0003082867155260636
печать 0 0
пн 0,127833371509885 0,0007602664405855522
подробный 0 0
поиск 0 0
показать 1,2729656758128876 0,0021630682681612365
покинуть 2,8134107167600364 0,0023903234636873717
политик 0 0
полк 2,659260036932778 0,009037417287791939
полный 1,6094379124341003 0,001367406892467375
получить 0 0
польский 1,2729656758128876 0,0010815341340806182
помочь 0,127833371509885 0,00010860949151222175
помощь 0,127833371509885 0,00010860949151222175
попасть 2,5257286443082556 0,004291807382002134
портал 0 0
португальский 0,49429632181478017 0,0004199628902419543
последний 0 0
посмотреть 0 0
посольство 3,506557897319982 0,002979233557621055
построить 1,4696759700589417 0,0012486626763457448
поэтесса 2,995732273553991 0,0025452270803347416
появиться 1,6607312068216509 0,0014109865818365769
правитель 2,659260036932778 0,004518708643895969
править 0 0
правка 0 0
право 0,843970070294529 0,001434103772802938
преамбула 4,605170185988092 0,003912633972802117
пребывать 3,912023005428146 0,0033237238788684335
предлагать 0 0
придтись 3,2188758248682006 0,00273481378493475
признать 1,7147984280919266 0,0014569230485063098
природа 1,07880966137193 0,0018331515061545116
присоединиться 2,659260036932778 0,0022593543219479846
проверить 1,9661128563728327 0,0033408884560286027
проект 0 0
произойти 2,302585092994046 0,0019563169864010585
псевдоним 3,912023005428146 0,0033237238788684335
раздел 0,9675840262617057 0,0008220764879028936
разносторонний 3,912023005428146 0,0033237238788684335
разный 2,0402208285265546 0,0017334076707957134
разоблачать 4,605170185988092 0,003912633972802117
разработчик 0 0
ракоця 4,605170185988092 0,007825267945604234
расстрелять 3,912023005428146 0,006647447757736867
революция 2,120263536200091 0,007205653479014753
религия 0,083381608939051 0,00014168497695675616
роберта 2,207274913189721 0,003750679546626544
родина 1,6094379124341003 0,001367406892467375
родиться 0,8915981192837835 0,0007575175185078874
родственный 0,21072103131565253 0,00035806462415573925
романенко 2,995732273553991 0,005090454160669483
рудольф 3,912023005428146 0,006647447757736867
румыния 2,659260036932778 0,011296771609739924
русский 0 0
сайт 2,302585092994046 0,003912633972802117
самосознание 4,605170185988092 0,003912633972802117
сведение 0 0
свежий 0 0
свободный 0 0
связать 0 0
сенеш 4,605170185988092 0,023475803836812702
сентябрь 0 0
сербия 2,5257286443082556 0,004291807382002134
сербский 1,7147984280919266 0,004370769145518929
серебро 2,995732273553991 0,0025452270803347416
серебряный 3,2188758248682006 0,00273481378493475
сеть 2,5257286443082556 0,002145903691001067
сила 0,9416085398584451 0,0016000145112293035
символ 0,9416085398584451 0,0016000145112293035
сионистка 4,605170185988092 0,003912633972802117
система 0 0
словакия 2,8134107167600364 0,011951617318436858
словения 2,8134107167600364 0,011951617318436858
случай 0 0
случайный 0 0
смотреть 0 0
соавтор 4,605170185988092 0,003912633972802117
событие 0 0
содержание 0,1392620673335076 0,00011831951345242786
создание 0,8675005677047231 0,0014740876256664794
создать 0 0
солдат 2,8134107167600364 0,0023903234636873717
сообщество 0 0
сопротивление 2,995732273553991 0,0025452270803347416
соседний 3,2188758248682006 0,00273481378493475
состав 1,0498221244986776 0,0008919474294806097
сохранение 0 0
социала 4,605170185988092 0,003912633972802117
социалистический 1,9661128563728327 0,0033408884560286027
союз 1,4696759700589417 0,0024973253526914896
спасать 3,506557897319982 0,002979233557621055
спать 3,506557897319982 0,002979233557621055
список 0 0
спорт 0,083381608939051 0,0002833699539135123
спортсмен 2,207274913189721 0,001875339773313272
ссылаться 0 0
ссылка 0 0
стабильный 1,4271163556401458 0,00242500655164001
стаматис 4,605170185988092 0,007825267945604234
статистик 0 0
стать 0,4620354595965586 0,0003925534915858612
статья 0 0
степанович 2,659260036932778 0,004518708643895969
стиль 2,0402208285265546 0,0017334076707957134
стих 2,995732273553991 0,0025452270803347416
страна 0,43078291609245434 0,0010980023349850153
страница 0 0
сурувка 3,912023005428146 0,006647447757736867
сша 0,9675840262617057 0,0008220764879028936
сын 1,6607312068216509 0,0014109865818365769
сюд 0 0
текст 0 0
тема 0,7550225842780328 0,0006414805303976489
техника 0,06187540371808745 0,0002102817458558622
течь 0 0
томас 2,407945608651872 0,004091666284879986
торжественный 3,2188758248682006 0,00273481378493475
третий 1,7147984280919266 0,0014569230485063098
трон 3,2188758248682006 0,00273481378493475
тыл 3,912023005428146 0,0033237238788684335
указатель 0 0
украина 1,9661128563728327 0,008352221140071506
украинский 1,07880966137193 0,0009165757530772558
укрываться 4,605170185988092 0,003912633972802117
улучшать 2,0402208285265546 0,0017334076707957134
улучшение 1,4271163556401458 0,001212503275820005
условие 0 0
устройство 1,3470736479666094 0,0022889951537240602
участие 0 0
участник 0 0
файл 1,5141277326297755 0,0025728593587591767
фальсификация 3,912023005428146 0,0033237238788684335
фвать 3,506557897319982 0,00595846711524211
февраль 0 0
ференц 4,605170185988092 0,007825267945604234
философия 0,09431067947124142 0,000160256039883163
финансист 4,605170185988092 0,003912633972802117
флаг 0,8675005677047231 0,0014740876256664794
фольклор 3,506557897319982 0,002979233557621055
форум 0 0
французский 0,23572233352106994 0,00020027386025579436
фрида 3,912023005428146 0,006647447757736867
хана 2,995732273553991 0,01527136248200845
хантыйский 4,605170185988092 0,007825267945604234
хорватия 2,8134107167600364 0,011951617318436858
хороший 0,7985076962177716 0,0013568524999452364
цветной 3,506557897319982 0,002979233557621055
целый 1,7719568419318754 0,0015054858470109392
центральный 1,2729656758128876 0,0021630682681612365
часть 0,5978370007556204 0,0005079328808458967
чемпион 2,5257286443082556 0,002145903691001067
черёд 4,605170185988092 0,003912633972802117
честь 1,8325814637483102 0,0015569935970673834
чешский 1,3862943611198906 0,0011778201878673666
читать 0 0
чувствовать 3,506557897319982 0,002979233557621055
ша 3,2188758248682006 0,0054696275698695
шаблон 0 0
шар 3,2188758248682006 0,00273481378493475
шведюк 4,605170185988092 0,007825267945604234
шестикратный 4,605170185988092 0,003912633972802117
штромберг 3,912023005428146 0,006647447757736867
штурмовой 3,506557897319982 0,01191693423048422
эдварда 2,995732273553991 0,005090454160669483
экономика 0,7550225842780328 0,0012829610607952978
элемент 0,19845093872383823 0,00033721484914840823
эмигрировать 3,912023005428146 0,0033237238788684335
эмиль 2,995732273553991 0,005090454160669483
энциклопедия 0 0
язык 0 0
яй 1,7147984280919266 0,005827692194025239
яркий 2,8134107167600364 0,0023903234636873717
