абалакский 4,605170185988092 0,004986648820777577
абалацкая 4,605170185988092 0,0024933244103887884
август 0 0
августа 0,843970070294529 0,008224938421928273
августовский 3,912023005428146 0,004236083384329341
австралия 2,5257286443082556 0,001367476255716435
акафистный 4,605170185988092 0,004986648820777577
акитский 4,605170185988092 0,004986648820777577
албазинский 4,605170185988092 0,004986648820777577
александрийский 4,605170185988092 0,004986648820777577
алфавит 0 0
америка 1,4271163556401458 0,0007726672201625045
ангел 2,995732273553991 0,0016219449234185115
ангела 3,912023005428146 0,0021180416921646704
андрониковский 4,605170185988092 0,004986648820777577
антоний 4,605170185988092 0,0024933244103887884
антониус 4,605170185988092 0,0024933244103887884
апрель 0 0
аравийский 3,506557897319982 0,0018985153748348575
арапетский 4,605170185988092 0,0024933244103887884
аромат 3,912023005428146 0,0021180416921646704
афон 4,605170185988092 0,017453270872721516
ахтырский 4,605170185988092 0,0024933244103887884
ацкурский 4,605170185988092 0,0024933244103887884
ачаирский 4,605170185988092 0,004986648820777577
база 3,506557897319982 0,0018985153748348575
бенратский 4,605170185988092 0,004986648820777577
беседа 3,912023005428146 0,0021180416921646704
бесследный 4,605170185988092 0,0024933244103887884
библейский 3,912023005428146 0,0021180416921646704
библиотека 2,659260036932778 0,0014397726242191544
биологический 2,407945608651872 0,0013037063392809269
благовещение 3,506557897319982 0,011391092249009145
благодарить 4,605170185988092 0,0024933244103887884
благодатный 4,605170185988092 0,007479973231166365
близкий 2,995732273553991 0,0016219449234185115
бог 2,0402208285265546 0,006627680006041867
богоматерь 2,995732273553991 0,003243889846837023
богородица 2,8134107167600364 0,06397577157765107
богородско 4,605170185988092 0,004986648820777577
божий 2,407945608651872 0,11733357053528341
бойрон 4,605170185988092 0,0024933244103887884
болгария 2,659260036932778 0,0014397726242191544
болезновать 4,605170185988092 0,004986648820777577
больной 4,605170185988092 0,0024933244103887884
большинство 1,7147984280919266 0,0009284236210568092
босния 3,2188758248682006 0,0034855179478811052
братский 3,506557897319982 0,003797030749669715
будславская 4,605170185988092 0,004986648820777577
быт 3,2188758248682006 0,0034855179478811052
бюдерих 4,605170185988092 0,004986648820777577
ваш 3,2188758248682006 0,0017427589739405526
век 0,5108256237659907 0,0038719863198288414
великий 1,0216512475319812 0,0011062818056653831
величина 2,659260036932778 0,0014397726242191544
верло 4,605170185988092 0,0024933244103887884
верль 4,605170185988092 0,01246662205194394
верльская 4,605170185988092 0,004986648820777577
версия 0 0
вестфалия 4,605170185988092 0,004986648820777577
ветвь 2,995732273553991 0,0016219449234185115
ветхозаветный 3,912023005428146 0,004236083384329341
вечный 3,2188758248682006 0,0017427589739405526
взыскание 4,605170185988092 0,004986648820777577
взять 2,407945608651872 0,0013037063392809269
вид 1,0498221244986776 0,000568393137248878
вики 1,6094379124341003 0,002614138460910829
викиверситет 2,659260036932778 0,002879545248438309
викивид 3,912023005428146 0,004236083384329341
викигида 3,912023005428146 0,004236083384329341
викиданный 4,605170185988092 0,004986648820777577
викиновость 1,0216512475319812 0,0011062818056653831
википедия 0 0
викисклад 0,5798184952529422 0,0006278489390936028
викисловарь 1,4271163556401458 0,001545334440325009
викитек 1,1394342831883648 0,0012338216385363995
викиучебник 2,5257286443082556 0,00273495251143287
викицитатник 0,9675840262617057 0,001047735816201089
вклад 0 0
владимирский 3,2188758248682006 0,0034855179478811052
влахернский 4,605170185988092 0,0024933244103887884
внутри 2,995732273553991 0,0016219449234185115
возвращение 2,659260036932778 0,0014397726242191544
волоколамский 4,605170185988092 0,007479973231166365
ворот 2,8134107167600364 0,0015232326566107398
воспитание 3,2188758248682006 0,0034855179478811052
впервый 1,5606477482646683 0,0008449635886652238
время 2,407945608651872 0,0013037063392809269
вторник 4,605170185988092 0,004986648820777577
галичский 4,605170185988092 0,004986648820777577
гваделупский 4,605170185988092 0,004986648820777577
география 0,083381608939051 9,028869403254034E-05
германий 2,207274913189721 0,001195059509036124
герцеговина 3,506557897319982 0,003797030749669715
главное 1,7147984280919266 0,0018568472421136184
говориться 4,605170185988092 0,0024933244103887884
год 0,6348782724359695 0,0006874697048575739
голос 3,506557897319982 0,0018985153748348575
горд 4,605170185988092 0,0024933244103887884
греческий 1,4271163556401458 0,0007726672201625045
грешный 4,605170185988092 0,009973297641555154
давыдовый 4,605170185988092 0,0024933244103887884
далья 0,3566749439387324 0,00038622083804952073
данный 0,1508228897345837 8,165830521634201E-05
даровать 4,605170185988092 0,0024933244103887884
два 0 0
движок 4,605170185988092 0,0024933244103887884
двукратный 4,605170185988092 0,0024933244103887884
дева 3,2188758248682006 0,022655866661227184
дежурный 2,995732273553991 0,003243889846837023
декабрь 0 0
державный 4,605170185988092 0,007479973231166365
дзиковская 4,605170185988092 0,004986648820777577
документация 4,605170185988092 0,0024933244103887884
должный 2,5257286443082556 0,001367476255716435
дорога 1,5606477482646683 0,0008449635886652238
дорогой 3,2188758248682006 0,0034855179478811052
дорстен 4,605170185988092 0,0024933244103887884
друг 2,659260036932778 0,0014397726242191544
дубенский 4,605170185988092 0,004986648820777577
дух 2,995732273553991 0,003243889846837023
духов 3,2188758248682006 0,0034855179478811052
дщерь 4,605170185988092 0,0024933244103887884
еврей 2,659260036932778 0,0014397726242191544
европа 0,8915981192837835 0,000482727731068643
единение 3,912023005428146 0,0021180416921646704
ежегодный 2,8134107167600364 0,0030464653132214795
еммануил 3,912023005428146 0,0021180416921646704
епископ 3,912023005428146 0,004236083384329341
жена 2,407945608651872 0,00391111901784278
женский 2,302585092994046 0,0012466622051943942
жировицкая 4,605170185988092 0,004986648820777577
жить 1,7719568419318754 0,0009593702446842856
журнал 0 0
завет 3,506557897319982 0,003797030749669715
замироточить 4,605170185988092 0,0024933244103887884
заниматься 0 0
заоникиевский 4,605170185988092 0,0024933244103887884
западный 0,9942522733438669 0,0005383065908737774
заповедь 3,912023005428146 0,0021180416921646704
запрос 0,1165338162559516 0,0001261871318418534
зачатие 4,605170185988092 0,007479973231166365
звезда 1,8325814637483102 0,0009921935374923175
зеландия 2,995732273553991 0,0016219449234185115
земля 1,2378743560016172 0,0006702080974562086
злой 3,506557897319982 0,003797030749669715
знаете 0,06187540371808745 3,350048928970626E-05
знак 0 0
знамение 3,912023005428146 0,0021180416921646704
знание 3,912023005428146 0,0021180416921646704
иаков 3,912023005428146 0,004236083384329341
иверский 4,605170185988092 0,004986648820777577
иверской 4,605170185988092 0,01246662205194394
игоревский 4,605170185988092 0,0024933244103887884
идти 2,995732273553991 0,0016219449234185115
иеза 4,605170185988092 0,004986648820777577
иезекииль 4,605170185988092 0,0024933244103887884
иеромонах 4,605170185988092 0,0024933244103887884
избрать 0 0
изменение 0 0
изображать 3,912023005428146 0,0021180416921646704
изображение 0,06187540371808745 3,350048928970626E-05
изучение 2,407945608651872 0,0013037063392809269
иисус 3,506557897319982 0,00759406149933943
икона 2,8134107167600364 0,1538464983176847
иконопись 4,605170185988092 0,0024933244103887884
именовать 3,912023005428146 0,004236083384329341
иметь 0,616186139423817 0,0003336145855028787
иметься 1,4271163556401458 0,0007726672201625045
иоанна 2,8134107167600364 0,0015232326566107398
иосиф 2,302585092994046 0,009973297641555154
иса 3,2188758248682006 0,0034855179478811052
исаия 4,605170185988092 0,0024933244103887884
искать 0 0
исключение 2,659260036932778 0,0014397726242191544
искусство 0,083381608939051 0,00018057738806508068
использование 0 0
истекать 4,605170185988092 0,0024933244103887884
история 0 0
источник 0 0
исха 3,912023005428146 0,008472166768658682
исцеление 3,912023005428146 0,0021180416921646704
исцеляться 4,605170185988092 0,0024933244103887884
исчезнуть 3,912023005428146 0,0021180416921646704
июль 0,9162907318741551 0,012898515987400126
июнь 0 0
каждый 2,120263536200091 0,0022958998767732444
казанский 2,995732273553991 0,003243889846837023
канадец 4,605170185988092 0,0024933244103887884
каспар 3,506557897319982 0,0018985153748348575
касперовский 4,605170185988092 0,0024933244103887884
каталог 3,506557897319982 0,0018985153748348575
категория 0 0
католик 4,605170185988092 0,009973297641555154
католицизм 2,995732273553991 0,006487779693674046
католический 2,995732273553991 0,0016219449234185115
кевеларский 4,605170185988092 0,004986648820777577
киевский 3,2188758248682006 0,0034855179478811052
киевый 3,912023005428146 0,008472166768658682
кипрский 4,605170185988092 0,004986648820777577
климент 4,605170185988092 0,0024933244103887884
книга 0 0
князь 2,407945608651872 0,0026074126785618538
ковчег 3,912023005428146 0,004236083384329341
код 0 0
конфессия 4,605170185988092 0,0024933244103887884
координация 3,506557897319982 0,0018985153748348575
корецкий 4,605170185988092 0,004986648820777577
коромото 4,605170185988092 0,004986648820777577
кортес 4,605170185988092 0,004986648820777577
который 0,9162907318741551 0,0004960967687461588
красногорский 4,605170185988092 0,007479973231166365
красный 0,7765287894989963 0,0008408541304807756
купина 4,605170185988092 0,004986648820777577
легенда 2,995732273553991 0,0016219449234185115
леньковский 4,605170185988092 0,004986648820777577
лестница 3,912023005428146 0,004236083384329341
летие 2,995732273553991 0,003243889846837023
ливан 2,995732273553991 0,003243889846837023
лидда 4,605170185988092 0,0024933244103887884
лиддский 4,605170185988092 0,004986648820777577
лучший 0 0
любечский 4,605170185988092 0,004986648820777577
любовь 3,506557897319982 0,009492576874174288
мадонна 3,912023005428146 0,01059020846082335
май 0 0
максимовский 4,605170185988092 0,0024933244103887884
манный 4,605170185988092 0,0024933244103887884
мария 1,6607312068216509 0,01258810876854527
март 0 0
марта 0,3566749439387324 0,00540709173269329
массовый 2,0402208285265546 0,0011046133343403112
материал 0 0
материнский 3,912023005428146 0,0021180416921646704
мать 2,207274913189721 0,10755535581325117
меджугорье 4,605170185988092 0,01246662205194394
медиавик 4,605170185988092 0,004986648820777577
медиафайл 1,6094379124341003 0,0008713794869702763
междугорье 4,605170185988092 0,0024933244103887884
мессия 4,605170185988092 0,0024933244103887884
место 0 0
мета 3,912023005428146 0,004236083384329341
миллион 2,659260036932778 0,0014397726242191544
миро 0 0
мироносицкая 4,605170185988092 0,0024933244103887884
мироточение 4,605170185988092 0,0024933244103887884
мироточивый 4,605170185988092 0,0024933244103887884
мироточить 4,605170185988092 0,004986648820777577
многочисленный 2,659260036932778 0,0014397726242191544
мобильный 0 0
моздокский 4,605170185988092 0,0024933244103887884
мой 0 0
молитва 3,912023005428146 0,008472166768658682
молитвенный 4,605170185988092 0,0024933244103887884
молитвослов 4,605170185988092 0,0024933244103887884
молченский 4,605170185988092 0,0024933244103887884
монастырь 1,8325814637483102 0,004960967687461587
монреаль 4,605170185988092 0,007479973231166365
москва 1,4271163556401458 0,0007726672201625045
московский 2,207274913189721 0,002390119018072248
муньос 4,605170185988092 0,009973297641555154
мусульманин 2,659260036932778 0,0014397726242191544
мюнстерский 4,605170185988092 0,0024933244103887884
навигация 0 0
нажать 0 0
название 0 0
найти 0 0
написать 0,9942522733438669 0,0010766131817475549
напомнить 4,605170185988092 0,0024933244103887884
наречь 3,506557897319982 0,0018985153748348575
население 0,5108256237659907 0,00027657045141634584
настойчивый 4,605170185988092 0,0024933244103887884
настоятель 3,912023005428146 0,0021180416921646704
наука 0,05129329438755048 5,55422787087715E-05
научить 3,912023005428146 0,0021180416921646704
находиться 0 0
начинать 0,1508228897345837 0,00016331661043268402
начинаться 4,605170185988092 0,0024933244103887884
небо 2,207274913189721 0,004780238036144496
небольшой 1,9661128563728327 0,0010644899059950366
невигес 4,605170185988092 0,017453270872721516
неделя 1,5141277326297755 0,004918660744872037
некоммерческий 0 0
некоторые 1,8325814637483102 0,0009921935374923175
немецкий 0,5108256237659907 0,0005531409028326917
необходимость 3,2188758248682006 0,0017427589739405526
неопалимый 4,605170185988092 0,004986648820777577
непорочность 4,605170185988092 0,0024933244103887884
непорочный 4,605170185988092 0,007479973231166365
нерушимый 4,605170185988092 0,004986648820777577
неувядаемый 4,605170185988092 0,004986648820777577
неупиваемый 4,605170185988092 0,004986648820777577
нечаянный 4,605170185988092 0,004986648820777577
никейский 4,605170185988092 0,004986648820777577
нисинг 4,605170185988092 0,0024933244103887884
новгород 3,2188758248682006 0,0034855179478811052
новодворский 4,605170185988092 0,004986648820777577
новозаветний 4,605170185988092 0,0024933244103887884
новость 1,4271163556401458 0,0007726672201625045
новый 0 0
ночь 3,2188758248682006 0,0017427589739405526
ноябрь 0 0
образ 1,7147984280919266 0,011141083452681711
образок 4,605170185988092 0,0024933244103887884
обсуждение 0 0
обучать 3,912023005428146 0,0021180416921646704
общество 0,07257069283483537 7,858223371395276E-05
обычный 3,506557897319982 0,0018985153748348575
обязательный 0 0
одигитрия 4,605170185988092 0,0024933244103887884
октябрь 0 0
описание 0 0
оранский 3,912023005428146 0,0021180416921646704
организация 0 0
оригинал 4,605170185988092 0,0024933244103887884
основной 0 0
осознать 4,605170185988092 0,0024933244103887884
остробрамский 4,605170185988092 0,004986648820777577
ответственность 0 0
отдельность 4,605170185988092 0,0024933244103887884
отдельный 0 0
отец 1,7719568419318754 0,005756221468105714
отказ 0 0
откр 4,605170185988092 0,004986648820777577
откровение 3,506557897319982 0,0018985153748348575
открыть 2,0402208285265546 0,0011046133343403112
относить 2,995732273553991 0,004865834770255535
отсутствовать 0,05129329438755048 0,000555422787087715
отъезд 4,605170185988092 0,0024933244103887884
официальный 1,07880966137193 0,0005840875264601678
оценивание 0,1508228897345837 0,00016331661043268402
очевидец 4,605170185988092 0,0024933244103887884
падерборнский 4,605170185988092 0,0024933244103887884
паломник 4,605170185988092 0,0024933244103887884
паломничество 3,2188758248682006 0,013942071791524421
пасха 4,605170185988092 0,004986648820777577
первый 0 0
перевод 1,7147984280919266 0,0009284236210568092
перейти 0 0
перенести 3,2188758248682006 0,0017427589739405526
переноситься 4,605170185988092 0,0024933244103887884
переть 4,605170185988092 0,004986648820777577
персоналия 0,07257069283483537 7,858223371395276E-05
печалех 4,605170185988092 0,004986648820777577
печаль 4,605170185988092 0,004986648820777577
печать 0 0
печерский 3,912023005428146 0,008472166768658682
пименовский 4,605170185988092 0,0024933244103887884
плечо 4,605170185988092 0,0024933244103887884
побывать 2,8134107167600364 0,0015232326566107398
погибнуть 1,9661128563728327 0,0021289798119900733
подарить 3,912023005428146 0,004236083384329341
подробный 0 0
подряд 3,506557897319982 0,0018985153748348575
поиск 0 0
покинуть 2,8134107167600364 0,0015232326566107398
покровительница 3,912023005428146 0,004236083384329341
политик 0 0
половина 2,207274913189721 0,001195059509036124
получить 0 0
польский 1,2729656758128876 0,0006892071877709191
помощь 0,127833371509885 6,921135436377098E-05
понедельник 4,605170185988092 0,004986648820777577
понять 3,912023005428146 0,0021180416921646704
портал 0 0
посетить 3,2188758248682006 0,0017427589739405526
посещать 3,506557897319982 0,0018985153748348575
поскольку 2,5257286443082556 0,001367476255716435
послание 3,506557897319982 0,0018985153748348575
последний 0 0
последовать 3,506557897319982 0,0018985153748348575
последующий 2,8134107167600364 0,0015232326566107398
посмотреть 0 0
пост 3,506557897319982 0,003797030749669715
почитать 4,605170185988092 0,0024933244103887884
почитаться 3,912023005428146 0,0021180416921646704
поэтом 2,8134107167600364 0,0015232326566107398
правда 4,605170185988092 0,004986648820777577
правило 1,4696759700589417 0,0007957097834645055
править 0 0
правка 0 0
православие 2,659260036932778 0,004319317872657463
православный 2,5257286443082556 0,009572333790015045
праздник 1,4271163556401458 0,0007726672201625045
празднование 4,605170185988092 0,007479973231166365
праздновать 3,2188758248682006 0,0034855179478811052
пребывать 3,912023005428146 0,0021180416921646704
предел 3,2188758248682006 0,0017427589739405526
предивный 4,605170185988092 0,004986648820777577
предлагать 0 0
представлять 1,6607312068216509 0,0008991506263246621
прежде 2,659260036932778 0,0014397726242191544
премудрость 4,605170185988092 0,0024933244103887884
преподаватель 2,8134107167600364 0,0015232326566107398
преполовение 4,605170185988092 0,009973297641555154
привезти 3,912023005428146 0,006354125076494011
приводить 3,506557897319982 0,0018985153748348575
признать 1,7147984280919266 0,0009284236210568092
призывать 4,605170185988092 0,0024933244103887884
приимета 3,912023005428146 0,0021180416921646704
приложить 3,912023005428146 0,0021180416921646704
принять 1,3862943611198906 0,0007505654364482353
притча 3,912023005428146 0,0021180416921646704
приход 2,995732273553991 0,003243889846837023
продать 3,2188758248682006 0,0017427589739405526
проект 0 0
произойти 2,302585092994046 0,0012466622051943942
происходить 1,9661128563728327 0,0010644899059950366
происхождение 1,7147984280919266 0,0018568472421136184
прообраз 3,506557897319982 0,0018985153748348575
пророк 2,995732273553991 0,0016219449234185115
пророчество 3,506557897319982 0,0056955461245045726
просить 3,912023005428146 0,0021180416921646704
прославиться 3,912023005428146 0,0021180416921646704
прясть 4,605170185988092 0,0024933244103887884
пс 4,605170185988092 0,004986648820777577
псалом 4,605170185988092 0,0024933244103887884
псково 4,605170185988092 0,004986648820777577
пустыня 2,407945608651872 0,0013037063392809269
путеводитель 3,506557897319982 0,0018985153748348575
путешествовать 3,506557897319982 0,0018985153748348575
путивльский 4,605170185988092 0,0024933244103887884
пятидесятница 4,605170185988092 0,01246662205194394
пятница 3,506557897319982 0,003797030749669715
радость 3,912023005428146 0,008472166768658682
различный 1,8971199848858813 0,001027135887864581
разработчик 0 0
ребёнок 2,120263536200091 0,0034438498151598664
рейна 4,605170185988092 0,004986648820777577
религия 0,083381608939051 0,00022572173508135084
реликвия 3,506557897319982 0,0018985153748348575
родить 3,506557897319982 0,0018985153748348575
родственный 0,21072103131565253 0,00011408826817306581
рождаться 4,605170185988092 0,0024933244103887884
рождение 2,0402208285265546 0,0022092266686806225
рождественский 3,2188758248682006 0,0017427589739405526
роза 2,8134107167600364 0,0015232326566107398
рпцз 4,605170185988092 0,004986648820777577
рука 2,407945608651872 0,0013037063392809269
русск 3,912023005428146 0,0021180416921646704
русский 0 0
рыцарь 3,2188758248682006 0,0017427589739405526
ряд 1,6607312068216509 0,0008991506263246621
с 3,912023005428146 0,0021180416921646704
сайт 2,302585092994046 0,0024933244103887884
сведение 0 0
свежий 0 0
свенский 4,605170185988092 0,0024933244103887884
света 2,0402208285265546 0,0011046133343403112
свидетельство 3,2188758248682006 0,0017427589739405526
свободный 0 0
связать 0 0
святой 1,4696759700589417 0,006365678267716044
священник 2,8134107167600364 0,0030464653132214795
северный 1,1086626245216111 0,0012005009469643869
северский 3,506557897319982 0,003797030749669715
седмица 4,605170185988092 0,0024933244103887884
селение 4,605170185988092 0,0024933244103887884
сентябрь 0 0
сердце 2,8134107167600364 0,007616163283053699
сестра 3,506557897319982 0,0018985153748348575
сильный 2,407945608651872 0,0013037063392809269
символ 0,9416085398584451 0,002039217195145523
символически 4,605170185988092 0,0024933244103887884
символический 3,506557897319982 0,003797030749669715
сион 4,605170185988092 0,0024933244103887884
система 0 0
скит 4,605170185988092 0,007479973231166365
скорбеть 4,605170185988092 0,022439919693499094
скорбех 4,605170185988092 0,004986648820777577
скрижаль 4,605170185988092 0,0024933244103887884
скульптурный 3,912023005428146 0,0021180416921646704
следовать 1,4271163556401458 0,0023180016604875137
словарь 2,407945608651872 0,0013037063392809269
слово 1,5606477482646683 0,003379854354660895
случай 0 0
случайный 0 0
слышать 4,605170185988092 0,004986648820777577
смоленский 3,912023005428146 0,006354125076494011
смотреть 0 0
снежный 3,912023005428146 0,004236083384329341
собирать 3,506557897319982 0,0018985153748348575
собор 1,9661128563728327 0,0053224495299751835
событие 0 0
совершать 3,2188758248682006 0,0017427589739405526
соединиться 3,912023005428146 0,0021180416921646704
создать 0 0
солнце 2,8134107167600364 0,0030464653132214795
соломонов 3,912023005428146 0,0021180416921646704
сообщать 3,506557897319982 0,0018985153748348575
сообщество 0 0
сосуд 3,912023005428146 0,004236083384329341
софа 4,605170185988092 0,004986648820777577
софония 4,605170185988092 0,0024933244103887884
сохранение 0 0
спаситель 3,2188758248682006 0,0017427589739405526
спасительница 4,605170185988092 0,004986648820777577
спасо 3,2188758248682006 0,0017427589739405526
список 0 0
спорт 0,083381608939051 9,028869403254034E-05
споручница 4,605170185988092 0,009973297641555154
ссылаться 0 0
ссылка 0 0
сталинградский 3,506557897319982 0,003797030749669715
старорусский 3,912023005428146 0,0021180416921646704
старостильный 4,605170185988092 0,0024933244103887884
статистик 0 0
статуэк 4,605170185988092 0,0024933244103887884
статуэтка 3,912023005428146 0,0021180416921646704
статуя 2,995732273553991 0,0016219449234185115
статья 0 0
стен 2,207274913189721 0,002390119018072248
столп 3,912023005428146 0,0021180416921646704
страница 0 0
странствие 4,605170185988092 0,0024933244103887884
страстной 4,605170185988092 0,0024933244103887884
схиигумный 4,605170185988092 0,0024933244103887884
считаться 1,5141277326297755 0,0008197767908120063
сын 1,6607312068216509 0,0026974518789739865
сюд 0 0
сюжет 3,506557897319982 0,0018985153748348575
таинственность 4,605170185988092 0,0024933244103887884
текст 0 0
телгать 4,605170185988092 0,0024933244103887884
теребенский 4,605170185988092 0,0024933244103887884
техника 0,06187540371808745 6,700097857941252E-05
течение 1,9661128563728327 0,0021289798119900733
течь 0 0
тихвинский 4,605170185988092 0,0024933244103887884
традиционный 1,8971199848858813 0,001027135887864581
традиция 1,8971199848858813 0,001027135887864581
третий 1,7147984280919266 0,0009284236210568092
трижда 3,2188758248682006 0,0034855179478811052
троеручица 4,605170185988092 0,004986648820777577
тупичевский 4,605170185988092 0,004986648820777577
тыс 1,6607312068216509 0,0008991506263246621
тяжеть 3,912023005428146 0,0021180416921646704
увидеть 2,659260036932778 0,002879545248438309
угол 3,2188758248682006 0,0034855179478811052
указатель 0 0
умиление 4,605170185988092 0,004986648820777577
умягчение 4,605170185988092 0,004986648820777577
условие 0 0
успение 3,506557897319982 0,0056955461245045726
установить 1,7719568419318754 0,0009593702446842856
утверждение 4,605170185988092 0,0024933244103887884
утешение 4,605170185988092 0,004986648820777577
утешительница 4,605170185988092 0,01246662205194394
утолить 4,605170185988092 0,004986648820777577
утопать 4,605170185988092 0,004986648820777577
уфимский 3,912023005428146 0,0021180416921646704
участие 0 0
участник 0 0
учебник 3,912023005428146 0,0021180416921646704
февраль 0 0
фельберт 4,605170185988092 0,004986648820777577
феодоровский 4,605170185988092 0,004986648820777577
феодосий 4,605170185988092 0,0024933244103887884
фердинанд 3,2188758248682006 0,005228276921821658
философия 0,09431067947124142 0,00010212309634135508
фон 1,9661128563728327 0,00319346971798511
форум 0 0
францисканец 4,605170185988092 0,0024933244103887884
францисканский 4,605170185988092 0,0024933244103887884
фюрстенберг 4,605170185988092 0,007479973231166365
харденберг 4,605170185988092 0,0024933244103887884
холмский 4,605170185988092 0,004986648820777577
хорва 4,605170185988092 0,0024933244103887884
хотеть 2,302585092994046 0,0012466622051943942
храм 1,2729656758128876 0,0006892071877709191
хранение 4,605170185988092 0,0024933244103887884
хранилище 2,302585092994046 0,0012466622051943942
хранитель 4,605170185988092 0,0024933244103887884
хризостом 4,605170185988092 0,0024933244103887884
христианин 2,8134107167600364 0,0030464653132214795
христианский 2,659260036932778 0,0014397726242191544
христианство 2,120263536200091 0,0034438498151598664
христос 2,659260036932778 0,004319317872657463
царевококшайский 4,605170185988092 0,0024933244103887884
цареградский 4,605170185988092 0,0024933244103887884
царица 3,2188758248682006 0,0017427589739405526
царь 2,120263536200091 0,0011479499383866222
цвет 2,207274913189721 0,002390119018072248
цель 1,7719568419318754 0,0009593702446842856
церква 4,605170185988092 0,0024933244103887884
церковный 3,912023005428146 0,0021180416921646704
церковь 1,4271163556401458 0,0023180016604875137
цитата 1,4271163556401458 0,0007726672201625045
чаша 4,605170185988092 0,004986648820777577
челнский 4,605170185988092 0,0024933244103887884
ченстоховский 4,605170185988092 0,01246662205194394
черногорский 3,912023005428146 0,0021180416921646704
четверг 4,605170185988092 0,007479973231166365
чилийский 4,605170185988092 0,0024933244103887884
число 1,3470736479666094 0,0007293306161161936
читать 0 0
чрево 3,912023005428146 0,0021180416921646704
чудесный 3,912023005428146 0,0021180416921646704
чудотворный 3,912023005428146 0,0211804169216467
чухломской 4,605170185988092 0,0024933244103887884
шаблон 0 0
шестоковский 4,605170185988092 0,004986648820777577
ширль 3,912023005428146 0,0021180416921646704
элемент 0,19845093872383823 0,0002148900256890506
энциклопедия 0 0
явление 2,407945608651872 0,0052148253571237075
являться 0,3424903089467759 0,0005562917849703994
язык 0 0
январь 0,6733445532637655 0,004010173300433904
ярославский 3,2188758248682006 0,0034855179478811052
ясный 4,605170185988092 0,0024933244103887884
