абдель 3,912023005428146 0,003026710255650403
абулафий 3,912023005428146 0,003026710255650403
авангардистский 4,605170185988092 0,0017814971705950064
августа 0,843970070294529 0,0006529749093187845
адмирал 3,2188758248682006 0,0024904261701107935
азарий 3,912023005428146 0,003026710255650403
азербайджанский 1,6607312068216509 0,000642449209602186
азия 1,5141277326297755 0,0017572082003440334
айон 3,912023005428146 0,003026710255650403
акан 4,605170185988092 0,0035629943411900128
акатс 4,605170185988092 0,0035629943411900128
алжир 3,506557897319982 0,008139012527628584
али 2,407945608651872 0,0018630140105623766
алфавит 0 0
аль 2,207274913189721 0,002561634328653448
америка 1,4271163556401458 0,0033124557577720983
амин 3,912023005428146 0,003026710255650403
амхарский 4,605170185988092 0,0035629943411900128
анвар 3,912023005428146 0,003026710255650403
англ 1,0498221244986776 0,0008122414889738318
английский 0,37106368139083196 0,0004306348333355883
англия 2,120263536200091 0,0016404360047969756
англо 2,995732273553991 0,0046355625122692316
англоюжноафриканец 4,605170185988092 0,0035629943411900128
ангола 4,605170185988092 0,0071259886823800255
ангольский 4,605170185988092 0,0017814971705950064
андрей 1,2039728043259361 0,0046575350264059425
апрель 0 0
араб 2,8134107167600364 0,002176720090336585
арабский 0,38566248081198473 0,0004475773471705819
артефакт 3,912023005428146 0,0015133551278252015
археологический 2,995732273553991 0,0011588906280673079
архив 0,3011050927839216 0,0011648166065142036
ас 2,995732273553991 0,0034766718842019232
атлантический 1,9661128563728327 0,003042340976979238
африка 1,5606477482646683 0,09901208151466369
африкаанс 3,506557897319982 0,004069506263814292
африканистика 4,605170185988092 0,005344491511785019
африканский 2,120263536200091 0,016404360047969756
базилик 3,2188758248682006 0,0024904261701107935
баман 4,605170185988092 0,0035629943411900128
банжул 3,912023005428146 0,003026710255650403
батис 4,605170185988092 0,0035629943411900128
бегун 3,912023005428146 0,0015133551278252015
белый 1,6094379124341003 0,0024904261701107935
бен 2,407945608651872 0,005589042031687129
бенин 3,2188758248682006 0,00747127851033238
берег 1,6094379124341003 0,0012452130850553968
береговой 3,2188758248682006 0,0012452130850553968
берет 4,605170185988092 0,0017814971705950064
бисау 4,605170185988092 0,010688983023570037
бог 2,0402208285265546 0,0007892537054261333
богоматерь 2,995732273553991 0,0011588906280673079
боевой 1,8971199848858813 0,000733895545410399
болгарский 1,9661128563728327 0,0007605852442448095
болотистый 4,605170185988092 0,0017814971705950064
большинство 1,7147984280919266 0,0006633649625113836
большой 1,1086626245216111 0,0004288830268942403
борисович 2,8134107167600364 0,00435344018067317
ботсвана 3,912023005428146 0,009080130766951208
браслет 4,605170185988092 0,0017814971705950064
брать 3,506557897319982 0,0013565020879380974
британский 1,5141277326297755 0,0005857360667813445
буаячий 4,605170185988092 0,0035629943411900128
бур 3,912023005428146 0,003026710255650403
буркина 3,2188758248682006 0,00747127851033238
бурский 3,912023005428146 0,003026710255650403
бурунди 3,912023005428146 0,006053420511300806
бушмен 4,605170185988092 0,0035629943411900128
бывший 2,8134107167600364 0,0010883600451682925
быстротечный 4,605170185988092 0,0017814971705950064
быть 1,9661128563728327 0,0007605852442448095
век 0,5108256237659907 0,001383280219095526
великобритания 1,6607312068216509 0,000642449209602186
велосипед 3,912023005428146 0,0015133551278252015
венд 4,605170185988092 0,0035629943411900128
верд 4,605170185988092 0,010688983023570037
верить 3,2188758248682006 0,0012452130850553968
верование 4,605170185988092 0,0017814971705950064
версия 0 0
ветвь 2,995732273553991 0,0011588906280673079
ветеринарный 4,605170185988092 0,0017814971705950064
вздох 4,605170185988092 0,0017814971705950064
вид 1,0498221244986776 0,0008122414889738318
викиновость 1,0216512475319812 0,0007904458394831575
википедия 0 0
викисклад 0,5798184952529422 0,0004486023174104001
викисловарь 1,4271163556401458 0,0005520759596286831
викитек 1,1394342831883648 0,0004407869567459825
викицитатник 0,9675840262617057 0,0003743071668323813
викторий 2,659260036932778 0,004114909148058457
винодел 4,605170185988092 0,0017814971705950064
виноделие 3,912023005428146 0,0015133551278252015
вица 2,659260036932778 0,0010287272870146142
вклад 0 0
включить 2,995732273553991 0,0011588906280673079
владеть 3,506557897319982 0,002713004175876195
власть 1,4696759700589417 0,000568540027102105
внука 3,506557897319982 0,0013565020879380974
вод 1,8971199848858813 0,000733895545410399
вода 2,659260036932778 0,0010287272870146142
водопад 3,506557897319982 0,002713004175876195
военный 1,0498221244986776 0,0004061207444869159
возвращение 2,659260036932778 0,0010287272870146142
вознесение 4,605170185988092 0,0035629943411900128
возобновление 4,605170185988092 0,0017814971705950064
воинский 2,659260036932778 0,0010287272870146142
война 0,7133498878774648 0,0024836166309080013
войско 1,7719568419318754 0,0013709530691929403
войти 2,5257286443082556 0,000977071042285592
волоф 4,605170185988092 0,0035629943411900128
воскресить 4,605170185988092 0,0017814971705950064
восток 0,7985076962177716 0,0009267013882604699
восточный 0,9162907318741551 0,00389910949733683
всемирный 1,6607312068216509 0,000642449209602186
вулкан 2,8134107167600364 0,002176720090336585
вулканический 3,2188758248682006 0,0012452130850553968
входить 1,2378743560016172 0,00047886822282461013
выбор 2,120263536200091 0,0016404360047969756
выпустить 2,5257286443082556 0,000977071042285592
вырасти 3,912023005428146 0,0015133551278252015
вырос 3,506557897319982 0,0013565020879380974
вьетнамский 1,6094379124341003 0,0006226065425276984
габон 3,506557897319982 0,008139012527628584
гай 2,995732273553991 0,0023177812561346158
галина 3,2188758248682006 0,0024904261701107935
гамаль 4,605170185988092 0,0035629943411900128
гамбия 3,506557897319982 0,020347531319071462
гана 3,2188758248682006 0,00747127851033238
ганнибал 4,605170185988092 0,0035629943411900128
ганнон 4,605170185988092 0,0017814971705950064
гвинейский 3,506557897319982 0,0013565020879380974
гвинея 3,2188758248682006 0,022413835530997142
географический 2,302585092994046 0,0008907485852975032
география 0,083381608939051 0,0001935356493749733
геология 2,659260036932778 0,0010287272870146142
гласить 3,506557897319982 0,0013565020879380974
глиняный 4,605170185988092 0,0017814971705950064
го 2,0402208285265546 0,0007892537054261333
год 0,6348782724359695 0,0009824035163419258
гоминид 4,605170185988092 0,0017814971705950064
гореть 3,2188758248682006 0,0012452130850553968
горилла 3,506557897319982 0,002713004175876195
город 0,3424903089467759 0,0006624570772664911
государственность 3,506557897319982 0,0013565020879380974
государство 0,6733445532637655 0,003907221779093417
гоять 4,605170185988092 0,0035629943411900128
греческий 1,4271163556401458 0,0005520759596286831
д 1,5141277326297755 0,0035144164006880667
давид 3,506557897319982 0,0013565020879380974
дал 2,407945608651872 0,0009315070052811883
далья 0,3566749439387324 0,00013797870171711117
данный 0,1508228897345837 5,83454118895875E-05
дата 2,302585092994046 0,0017814971705950064
два 0 0
де 1,1394342831883648 0,0004407869567459825
девочка 3,2188758248682006 0,0012452130850553968
действие 1,8325814637483102 0,0014178579990315745
действовать 2,120263536200091 0,0008202180023984878
декабрь 0 0
декада 4,605170185988092 0,0035629943411900128
дементьева 1,9661128563728327 0,001521170488489619
демократический 1,9661128563728327 0,003802926221224048
день 1,3862943611198906 0,0005362840855396095
деревня 1,8325814637483102 0,0007089289995157872
дерево 1,7147984280919266 0,0006633649625113836
десятка 2,995732273553991 0,0011588906280673079
джагбуб 4,605170185988092 0,0035629943411900128
джаллоу 4,605170185988092 0,0035629943411900128
джибути 4,605170185988092 0,010688983023570037
джон 2,302585092994046 0,0035629943411900128
джонсон 3,912023005428146 0,003026710255650403
диалект 3,506557897319982 0,002713004175876195
динка 4,605170185988092 0,0035629943411900128
диоп 3,912023005428146 0,0015133551278252015
дипломатический 2,659260036932778 0,0010287272870146142
длина 2,5257286443082556 0,000977071042285592
длиться 2,995732273553991 0,0011588906280673079
дмитрия 2,120263536200091 0,0016404360047969756
добавить 1,0498221244986776 0,0012183622334607477
добродей 4,605170185988092 0,0035629943411900128
дождь 3,912023005428146 0,0015133551278252015
доказывать 4,605170185988092 0,0017814971705950064
долгий 2,995732273553991 0,0011588906280673079
должный 2,5257286443082556 0,000977071042285592
долина 2,120263536200091 0,0032808720095939513
дом 1,3470736479666094 0,0005211116626563286
древний 1,4696759700589417 0,0028427001355105256
дркий 3,912023005428146 0,0015133551278252015
дэвид 2,407945608651872 0,0009315070052811883
европа 0,8915981192837835 0,002069473390987505
европейский 1,1086626245216111 0,0008577660537884805
европеоидный 4,605170185988092 0,0017814971705950064
египет 2,302585092994046 0,011579731608867543
египетский 2,659260036932778 0,004114909148058457
егор 3,506557897319982 0,0013565020879380974
единственный 1,3470736479666094 0,0010422233253126571
елена 2,407945608651872 0,0018630140105623766
жаркое 3,506557897319982 0,0013565020879380974
железнодорожный 2,302585092994046 0,0026722457558925094
железный 1,7147984280919266 0,0006633649625113836
жемчужина 4,605170185988092 0,0017814971705950064
женщина 1,6607312068216509 0,001284898419204372
жизл 2,5257286443082556 0,007816568338284736
жизнь 1,5606477482646683 0,0006037322043577053
житель 1,7147984280919266 0,0006633649625113836
жить 1,7719568419318754 0,0006854765345964701
журнал 0 0
заключить 2,8134107167600364 0,0010883600451682925
залив 2,207274913189721 0,0017077562191022987
замбия 3,912023005428146 0,006053420511300806
занзибар 4,605170185988092 0,0035629943411900128
занзибарский 4,605170185988092 0,0035629943411900128
занимать 1,4696759700589417 0,000568540027102105
заниматься 0 0
запад 0,9162907318741551 0,0007089289995157872
западный 0,9942522733438669 0,0030769896273698007
запись 3,506557897319982 0,0013565020879380974
запрос 0,1165338162559516 0,0002254038999148
защита 2,120263536200091 0,0008202180023984878
здравоохранение 2,207274913189721 0,0017077562191022987
зимбабве 3,912023005428146 0,009080130766951208
знаете 0,06187540371808745 4,7872652779951606E-05
знак 0 0
зона 2,659260036932778 0,0010287272870146142
зулу 4,605170185988092 0,0035629943411900128
игбо 4,605170185988092 0,0035629943411900128
идрис 3,912023005428146 0,009080130766951208
избранный 0,083381608939051 0,00016127970781247775
избрать 0 0
известный 0,7765287894989963 0,0006007959686646006
издание 2,8134107167600364 0,0010883600451682925
изменение 0 0
изображение 0,06187540371808745 4,7872652779951606E-05
илла 1,3862943611198906 0,0026814204276980474
иметь 0,616186139423817 0,00023836987985447465
имма 3,912023005428146 0,003026710255650403
империя 1,2039728043259361 0,0023287675132029713
индерджит 4,605170185988092 0,0035629943411900128
индийский 2,407945608651872 0,0009315070052811883
информация 1,5606477482646683 0,0006037322043577053
исидор 3,2188758248682006 0,0024904261701107935
искать 0 0
исключение 2,659260036932778 0,0010287272870146142
искоренение 4,605170185988092 0,0017814971705950064
искусство 0,083381608939051 0,00022579159093746886
ислам 1,7147984280919266 0,0006633649625113836
исп 1,9661128563728327 0,0022817557327344286
испания 1,7147984280919266 0,0019900948875341508
испанский 0,49429632181478017 0,00019121714576974088
использование 0 0
исток 3,2188758248682006 0,0012452130850553968
история 0 0
источник 0 0
исчезать 4,605170185988092 0,0017814971705950064
италия 1,8325814637483102 0,0014178579990315745
итальянский 0,7339691750802005 0,0011357356674355135
июнь 0 0
йоруба 4,605170185988092 0,005344491511785019
кабо 3,912023005428146 0,009080130766951208
кабья 4,605170185988092 0,0035629943411900128
каир 3,506557897319982 0,006782510439690487
кайти 3,912023005428146 0,0015133551278252015
калахари 3,912023005428146 0,003026710255650403
каменный 2,995732273553991 0,0011588906280673079
камерун 3,2188758248682006 0,00747127851033238
канал 2,407945608651872 0,0018630140105623766
канар 4,605170185988092 0,0035629943411900128
карта 1,7147984280919266 0,0039801897750683015
карфаген 3,506557897319982 0,004069506263814292
карфагенский 4,605170185988092 0,008907485852975032
карфагенянин 4,605170185988092 0,0017814971705950064
катастрофа 2,5257286443082556 0,000977071042285592
категория 0 0
кенийский 4,605170185988092 0,005344491511785019
кения 3,912023005428146 0,01059348589477641
кикуйя 4,605170185988092 0,0035629943411900128
килиманджаро 4,605170185988092 0,0035629943411900128
кинематограф 1,5141277326297755 0,001171472133562689
киренаик 4,605170185988092 0,005344491511785019
китайский 1,171182981502945 0,0004530688516452399
км 0,8209805520698303 0,0022231581680807783
книга 0 0
код 0 0
кола 3,912023005428146 0,0015133551278252015
колено 3,912023005428146 0,0015133551278252015
коллекция 2,120263536200091 0,0008202180023984878
колониальный 2,659260036932778 0,0030861818610438425
колонизация 2,995732273553991 0,0023177812561346158
колония 1,8325814637483102 0,0014178579990315745
командование 2,659260036932778 0,0010287272870146142
комар 4,605170185988092 0,0017814971705950064
коморский 4,605170185988092 0,0035629943411900128
конго 2,659260036932778 0,016459636592233828
континент 2,5257286443082556 0,003908284169142368
континентальный 3,506557897319982 0,0013565020879380974
копьё 3,2188758248682006 0,0012452130850553968
король 1,7147984280919266 0,0019900948875341508
корпорация 4,605170185988092 0,0017814971705950064
кос 3,912023005428146 0,003026710255650403
костёр 3,506557897319982 0,0013565020879380974
кот 2,995732273553991 0,0069533437684038465
который 0,9162907318741551 0,001063393499273681
красное 3,912023005428146 0,0015133551278252015
красный 0,7765287894989963 0,0003003979843323003
крупнейший 1,2039728043259361 0,0013972605079217825
крупный 1,4271163556401458 0,0005520759596286831
культура 0,3566749439387324 0,0006898935085855558
культурный 1,5141277326297755 0,0005857360667813445
куний 4,605170185988092 0,0035629943411900128
леон 2,120263536200091 0,004921308014390927
лес 3,912023005428146 0,003026710255650403
леса 2,659260036932778 0,0020574545740292285
лесото 4,605170185988092 0,0071259886823800255
летний 1,7147984280919266 0,0006633649625113836
либерия 4,605170185988092 0,0267224575589251
ливиец 4,605170185988092 0,0017814971705950064
ливийский 4,605170185988092 0,0035629943411900128
ливингстон 4,605170185988092 0,0035629943411900128
ливия 3,506557897319982 0,018991029231133362
лингал 4,605170185988092 0,0035629943411900128
линия 1,8971199848858813 0,000733895545410399
литература 1,1086626245216111 0,0004288830268942403
литературный 2,659260036932778 0,0020574545740292285
личность 0,127833371509885 0,00014835594372520502
луганда 4,605170185988092 0,0035629943411900128
лумумба 4,605170185988092 0,0035629943411900128
лучший 0 0
любая 2,8134107167600364 0,0010883600451682925
мавра 4,605170185988092 0,0035629943411900128
маврикий 3,912023005428146 0,009080130766951208
мавритания 3,506557897319982 0,008139012527628584
магон 4,605170185988092 0,0071259886823800255
магриб 4,605170185988092 0,0035629943411900128
мадагаскар 4,605170185988092 0,010688983023570037
мадейр 4,605170185988092 0,0035629943411900128
май 0 0
маймин 3,2188758248682006 0,0024904261701107935
майотта 4,605170185988092 0,0035629943411900128
македонский 1,5606477482646683 0,0006037322043577053
малави 4,605170185988092 0,0071259886823800255
малагасийский 4,605170185988092 0,0035629943411900128
маленькая 2,8134107167600364 0,003265080135504878
мали 3,2188758248682006 0,00747127851033238
малый 1,9661128563728327 0,001521170488489619
мандел 4,605170185988092 0,0035629943411900128
мансур 4,605170185988092 0,0035629943411900128
марокко 3,506557897319982 0,013565020879380975
март 0 0
марта 0,3566749439387324 0,0037254249463620015
масаев 4,605170185988092 0,0017814971705950064
масай 3,912023005428146 0,003026710255650403
материал 0 0
материк 2,8134107167600364 0,0010883600451682925
матхар 4,605170185988092 0,0035629943411900128
махдь 4,605170185988092 0,0017814971705950064
медный 2,995732273553991 0,0011588906280673079
международный 0,9942522733438669 0,0007692474068424502
мекка 4,605170185988092 0,0017814971705950064
мелилья 4,605170185988092 0,0035629943411900128
мелкий 2,659260036932778 0,0010287272870146142
местность 3,506557897319982 0,0013565020879380974
место 0 0
метрополия 4,605170185988092 0,0017814971705950064
минута 2,8134107167600364 0,0010883600451682925
миро 0 0
мировой 1,2039728043259361 0,00046575350264059425
мифология 2,120263536200091 0,0016404360047969756
михайловна 3,2188758248682006 0,0024904261701107935
млн 1,8325814637483102 0,0014178579990315745
мобильный 0 0
могильник 3,506557897319982 0,0013565020879380974
мозамбик 4,605170185988092 0,014251977364760051
мой 0 0
монарх 2,995732273553991 0,0023177812561346158
монархия 2,8134107167600364 0,002176720090336585
моника 3,912023005428146 0,004540065383475604
море 1,1394342831883648 0,00176314782698393
мореплаватель 3,912023005428146 0,0015133551278252015
морской 1,6607312068216509 0,000642449209602186
моча 0,16251892949777494 6,286999206877173E-05
мочь 0,8209805520698303 0,00031759402401153975
мужавамарий 3,912023005428146 0,003026710255650403
мужчина 2,995732273553991 0,0011588906280673079
музей 1,3093333199837622 0,002532559613121397
музыка 1,2729656758128876 0,0009848864029500097
мусульманский 2,407945608651872 0,0009315070052811883
мухаммед 2,995732273553991 0,0034766718842019232
н 1,4696759700589417 0,00227416010840842
навигация 0 0
нажать 0 0
название 0 0
наименьший 3,912023005428146 0,0015133551278252015
найроби 4,605170185988092 0,010688983023570037
найти 0 0
намибия 3,912023005428146 0,009080130766951208
написать 0,9942522733438669 0,0007692474068424502
народ 1,4271163556401458 0,005520759596286831
народный 1,8325814637483102 0,0007089289995157872
население 0,5108256237659907 0,0019761145987078946
насер 3,506557897319982 0,002713004175876195
насилие 3,912023005428146 0,003026710255650403
наследие 1,5606477482646683 0,0006037322043577053
насчитать 4,605170185988092 0,0017814971705950064
наука 0,05129329438755048 3,9685334148975224E-05
находиться 0 0
национальный 0,7550225842780328 0,0002920783691597806
нация 1,9661128563728327 0,001521170488489619
начало 1,2039728043259361 0,00046575350264059425
начальный 4,605170185988092 0,0017814971705950064
начать 0,38566248081198473 0,003729811226421516
начинать 0,1508228897345837 0,000116690823779175
нгай 4,605170185988092 0,0017814971705950064
небольшой 1,9661128563728327 0,001521170488489619
негроидный 4,605170185988092 0,0017814971705950064
независимость 1,5141277326297755 0,0035144164006880667
независимый 2,207274913189721 0,0008538781095511494
некоммерческий 0 0
нельсон 4,605170185988092 0,0035629943411900128
немецкий 0,5108256237659907 0,00019761145987078944
немецко 3,912023005428146 0,0015133551278252015
немногое 3,912023005428146 0,0015133551278252015
неоккупированный 4,605170185988092 0,0017814971705950064
нигер 2,8134107167600364 0,006530160271009756
нигериец 4,605170185988092 0,0017814971705950064
нигерия 2,8134107167600364 0,011971960496851218
никто 3,506557897319982 0,0013565020879380974
нил 2,8134107167600364 0,00435344018067317
нко 4,605170185988092 0,0035629943411900128
новый 0 0
норвежский 1,7147984280919266 0,0006633649625113836
носильщик 4,605170185988092 0,0017814971705950064
носорог 4,605170185988092 0,0017814971705950064
нофрет 3,912023005428146 0,003026710255650403
ноябрь 0 0
нубия 4,605170185988092 0,0035629943411900128
нумидия 4,605170185988092 0,0035629943411900128
ньянджа 4,605170185988092 0,0035629943411900128
область 0,7765287894989963 0,0003003979843323003
обнаружить 2,407945608651872 0,0009315070052811883
обрести 4,605170185988092 0,0017814971705950064
обсуждение 0 0
общество 0,07257069283483537 0,0001122950759533236
объект 1,6607312068216509 0,000642449209602186
объявить 2,207274913189721 0,0008538781095511494
обязательный 0 0
один 0,843970070294529 0,001305949818637569
озеро 1,8325814637483102 0,002126786998547362
означать 2,0402208285265546 0,0007892537054261333
океан 1,6607312068216509 0,0038546952576131157
океания 2,659260036932778 0,0030861818610438425
окот 4,605170185988092 0,0035629943411900128
окружить 3,506557897319982 0,0013565020879380974
октябрь 0 0
описание 0 0
организация 0 0
орден 1,5141277326297755 0,0005857360667813445
оромо 4,605170185988092 0,005344491511785019
оружие 2,0402208285265546 0,0007892537054261333
освобождение 2,659260036932778 0,0010287272870146142
основатель 1,9661128563728327 0,0007605852442448095
основать 1,2729656758128876 0,0004924432014750048
основной 0 0
оставлять 1,7719568419318754 0,0006854765345964701
остров 1,2039728043259361 0,007452056042249508
островной 3,2188758248682006 0,0012452130850553968
ответственность 0 0
отдельный 0 0
отказ 0 0
относиться 1,7147984280919266 0,0006633649625113836
отношение 1,4696759700589417 0,00113708005420421
отпечаток 3,506557897319982 0,0013565020879380974
отряд 2,5257286443082556 0,000977071042285592
отсутствовать 0,05129329438755048 5,9528001223462836E-05
охраняться 4,605170185988092 0,0017814971705950064
оценивание 0,1508228897345837 0,000116690823779175
паломничество 3,2188758248682006 0,0012452130850553968
памятник 1,2039728043259361 0,00046575350264059425
парок 3,2188758248682006 0,0012452130850553968
патрис 4,605170185988092 0,0035629943411900128
первый 0 0
перейти 0 0
персоналия 0,07257069283483537 8,42213069649927E-05
петрович 2,407945608651872 0,0009315070052811883
печать 0 0
писательница 3,912023005428146 0,0015133551278252015
письменный 2,995732273553991 0,0011588906280673079
письмо 3,912023005428146 0,003026710255650403
питер 2,995732273553991 0,0023177812561346158
плач 4,605170185988092 0,0017814971705950064
плотность 2,995732273553991 0,0011588906280673079
площадь 1,07880966137193 0,002504006950959992
пн 0,127833371509885 0,0004450678311756151
побережье 1,8971199848858813 0,000733895545410399
погибнуть 1,9661128563728327 0,0007605852442448095
подборка 1,6094379124341003 0,0024904261701107935
подразделение 3,506557897319982 0,0013565020879380974
подробный 0 0
поиск 0 0
показатель 3,912023005428146 0,0015133551278252015
политик 0 0
политический 1,2039728043259361 0,0009315070052811885
полноводный 4,605170185988092 0,0017814971705950064
полный 1,6094379124341003 0,0006226065425276984
положение 2,5257286443082556 0,000977071042285592
получать 3,2188758248682006 0,0012452130850553968
получение 2,5257286443082556 0,000977071042285592
получить 0 0
полушарие 3,506557897319982 0,0013565020879380974
польский 1,2729656758128876 0,0004924432014750048
помочь 0,127833371509885 9,890396248347001E-05
помощь 0,127833371509885 4,9451981241735005E-05
помыть 4,605170185988092 0,0017814971705950064
порт 1,8325814637483102 0,0014178579990315745
портал 0 0
португалия 2,659260036932778 0,0010287272870146142
португалоязычный 4,605170185988092 0,0017814971705950064
португальский 0,49429632181478017 0,0005736514373092226
посетить 3,2188758248682006 0,0012452130850553968
последний 0 0
посмотреть 0 0
посчитать 4,605170185988092 0,0017814971705950064
поэтом 2,8134107167600364 0,0010883600451682925
правильный 3,912023005428146 0,0015133551278252015
править 0 0
правка 0 0
предлагать 0 0
предлагаться 3,506557897319982 0,0013565020879380974
представитель 2,120263536200091 0,0024606540071954635
президент 1,3093333199837622 0,001519535767872838
прекращаться 4,605170185988092 0,0017814971705950064
премия 1,8325814637483102 0,0014178579990315745
престижный 3,2188758248682006 0,0012452130850553968
привести 2,5257286443082556 0,000977071042285592
приглашать 2,5257286443082556 0,000977071042285592
пригород 3,506557897319982 0,002713004175876195
признаваться 3,506557897319982 0,0013565020879380974
примерно 2,407945608651872 0,0009315070052811883
принсипи 4,605170185988092 0,01959646887654507
принять 1,3862943611198906 0,0005362840855396095
природа 1,07880966137193 0,0008346689836533308
природный 2,407945608651872 0,0009315070052811883
приход 2,995732273553991 0,0011588906280673079
провинция 1,7147984280919266 0,0006633649625113836
проект 0 0
проживать 2,302585092994046 0,0008907485852975032
произойти 2,302585092994046 0,0008907485852975032
происхождение 1,7147984280919266 0,0006633649625113836
простираться 3,912023005428146 0,0015133551278252015
проходить 1,5141277326297755 0,001171472133562689
процесс 1,8325814637483102 0,0007089289995157872
птица 2,659260036932778 0,0010287272870146142
пунт 4,605170185988092 0,0035629943411900128
пускать 3,912023005428146 0,0015133551278252015
пустынь 2,8134107167600364 0,002176720090336585
пустыня 2,407945608651872 0,003726028021124753
путешественник 2,8134107167600364 0,003265080135504878
пять 2,659260036932778 0,0010287272870146142
раба 4,605170185988092 0,0017814971705950064
работа 0,9942522733438669 0,0011538711102636753
работорговля 3,912023005428146 0,004540065383475604
раздел 0,9675840262617057 0,0003743071668323813
разработчик 0 0
рамсес 4,605170185988092 0,0035629943411900128
раса 4,605170185988092 0,0017814971705950064
расположить 0,9162907318741551 0,0014178579990315745
расстояние 2,8134107167600364 0,0010883600451682925
регион 0,9942522733438669 0,0011538711102636753
река 1,1086626245216111 0,0038599472420481626
религия 0,083381608939051 0,0001290237662499822
рельсовый 3,912023005428146 0,0015133551278252015
респа 4,605170185988092 0,0017814971705950064
республика 0,9416085398584451 0,008742206946461386
реюньон 4,605170185988092 0,0035629943411900128
рим 2,5257286443082556 0,001954142084571184
рифтовый 3,912023005428146 0,003026710255650403
родина 1,6094379124341003 0,0006226065425276984
родиться 0,8915981192837835 0,0010347366954937525
родной 2,407945608651872 0,0018630140105623766
родс 4,605170185988092 0,0035629943411900128
родственный 0,21072103131565253 8,151683996737042E-05
рождение 2,0402208285265546 0,0007892537054261333
роман 1,4696759700589417 0,00113708005420421
романенко 2,995732273553991 0,0023177812561346158
российский 1,0498221244986776 0,0012183622334607477
россия 0,7765287894989963 0,0003003979843323003
руанда 3,2188758248682006 0,00747127851033238
рувензорский 4,605170185988092 0,0035629943411900128
руднер 3,912023005428146 0,003026710255650403
рука 2,407945608651872 0,0018630140105623766
рундить 3,912023005428146 0,003026710255650403
русский 0 0
ряд 1,6607312068216509 0,000642449209602186
сад 2,659260036932778 0,0010287272870146142
самбур 4,605170185988092 0,008907485852975032
самый 0,5447271754416719 0,0008429047202192215
сан 2,302585092994046 0,010688983023570037
санго 4,605170185988092 0,0035629943411900128
сандживан 4,605170185988092 0,0035629943411900128
сахар 3,506557897319982 0,01085201670350478
сахара 3,912023005428146 0,003026710255650403
сборник 3,506557897319982 0,0013565020879380974
свазиленд 4,605170185988092 0,0035629943411900128
сватить 4,605170185988092 0,0035629943411900128
сведение 0 0
свежий 0 0
света 2,0402208285265546 0,0015785074108522665
свободный 0 0
связать 0 0
связывать 3,912023005428146 0,0015133551278252015
святой 1,4696759700589417 0,00113708005420421
север 1,0216512475319812 0,0003952229197415788
северный 1,1086626245216111 0,0038599472420481626
сегодняшний 3,2188758248682006 0,0012452130850553968
сейшел 4,605170185988092 0,0035629943411900128
сейшельский 4,605170185988092 0,010688983023570037
сенат 3,506557897319982 0,002713004175876195
сенегал 3,2188758248682006 0,009961704680443174
сентябрь 0 0
сенусит 4,605170185988092 0,0017814971705950064
сенусь 4,605170185988092 0,005344491511785019
серекунд 3,912023005428146 0,003026710255650403
серлиф 4,605170185988092 0,0035629943411900128
сесиль 4,605170185988092 0,0035629943411900128
сесотый 4,605170185988092 0,0035629943411900128
сеть 2,5257286443082556 0,000977071042285592
сеут 4,605170185988092 0,0035629943411900128
сингх 4,605170185988092 0,0035629943411900128
сирия 2,995732273553991 0,0023177812561346158
система 0 0
сказка 2,995732273553991 0,0011588906280673079
скот 3,2188758248682006 0,0012452130850553968
скотома 3,912023005428146 0,0015133551278252015
скотт 3,2188758248682006 0,0024904261701107935
случай 0 0
случайный 0 0
смотреть 0 0
смочь 2,5257286443082556 0,000977071042285592
снижение 3,912023005428146 0,0015133551278252015
собор 1,9661128563728327 0,0007605852442448095
событие 0 0
совершить 2,407945608651872 0,0009315070052811883
совпадение 3,912023005428146 0,0015133551278252015
соглашение 2,5257286443082556 0,002931213126856776
содержание 0,1392620673335076 5,38731401677012E-05
содружество 2,659260036932778 0,0020574545740292285
соединить 3,506557897319982 0,0013565020879380974
создание 0,8675005677047231 0,0006711803231758012
создатель 2,659260036932778 0,0010287272870146142
создать 0 0
сомали 2,995732273553991 0,008112234396471154
сомалийский 4,605170185988092 0,0035629943411900128
сомалиленд 4,605170185988092 0,0035629943411900128
сообщение 3,506557897319982 0,0013565020879380974
сообщество 0 0
сооружение 2,207274913189721 0,0008538781095511494
соответствие 2,302585092994046 0,0008907485852975032
состав 1,0498221244986776 0,0004061207444869159
составлять 1,6094379124341003 0,0024904261701107935
состоять 1,7719568419318754 0,0006854765345964701
сото 3,912023005428146 0,003026710255650403
сохранение 0 0
спасение 3,506557897319982 0,0013565020879380974
специальный 2,407945608651872 0,0009315070052811883
список 0 0
спорт 0,083381608939051 0,0001290237662499822
средиземный 2,659260036932778 0,0010287272870146142
ссылаться 0 0
ссылка 0 0
станция 2,302585092994046 0,0017814971705950064
статистик 0 0
стать 0,4620354595965586 0,0005362113651023891
статья 0 0
сто 2,5257286443082556 0,000977071042285592
столица 0,7985076962177716 0,0012356018510139598
столичный 3,2188758248682006 0,0012452130850553968
страна 0,43078291609245434 0,0016664716289843495
страница 0 0
суахили 3,506557897319982 0,006782510439690487
суверенитет 3,912023005428146 0,0015133551278252015
судан 3,912023005428146 0,018160261533902416
султанат 4,605170185988092 0,0017814971705950064
сушь 3,912023005428146 0,0015133551278252015
суэцкий 4,605170185988092 0,0035629943411900128
сформировать 3,506557897319982 0,0013565020879380974
счить 4,605170185988092 0,0017814971705950064
сша 0,9675840262617057 0,0007486143336647626
сьерра 3,912023005428146 0,009080130766951208
сюд 0 0
тайский 2,407945608651872 0,0009315070052811883
танзания 3,912023005428146 0,006053420511300806
текст 0 0
территория 0,8675005677047231 0,0003355901615879006
терять 3,912023005428146 0,0015133551278252015
техника 0,06187540371808745 4,7872652779951606E-05
течь 0 0
тигринья 4,605170185988092 0,0035629943411900128
том 3,2188758248682006 0,013697343935609365
топор 4,605170185988092 0,0017814971705950064
точный 2,8134107167600364 0,0010883600451682925
трагически 4,605170185988092 0,0017814971705950064
транспорт 0,9162907318741551 0,0007089289995157872
тристан 4,605170185988092 0,0035629943411900128
трущоба 3,912023005428146 0,0015133551278252015
тсван 3,912023005428146 0,003026710255650403
тсонг 3,912023005428146 0,004540065383475604
тумбук 4,605170185988092 0,0035629943411900128
тунис 3,912023005428146 0,009080130766951208
тутанхамон 4,605170185988092 0,0035629943411900128
тыс 1,6607312068216509 0,000642449209602186
увидеть 2,659260036932778 0,0010287272870146142
уганда 4,605170185988092 0,010688983023570037
угнетение 4,605170185988092 0,0017814971705950064
удалов 3,912023005428146 0,003026710255650403
узбекский 3,912023005428146 0,0015133551278252015
указатель 0 0
указать 2,407945608651872 0,0009315070052811883
украинский 1,07880966137193 0,0004173344918266654
украсть 3,912023005428146 0,0015133551278252015
улучшение 1,4271163556401458 0,0005520759596286831
умереть 2,8134107167600364 0,003265080135504878
упоминание 2,8134107167600364 0,0010883600451682925
уровень 2,0402208285265546 0,0007892537054261333
условие 0 0
усталый 4,605170185988092 0,0017814971705950064
установить 1,7719568419318754 0,0006854765345964701
участвовать 1,8971199848858813 0,000733895545410399
участие 0 0
участник 0 0
участница 1,7147984280919266 0,0026534598500455343
фасо 3,2188758248682006 0,00747127851033238
фат 4,605170185988092 0,0035629943411900128
фауна 2,8134107167600364 0,0010883600451682925
фашизм 3,2188758248682006 0,0012452130850553968
фашист 4,605170185988092 0,0017814971705950064
февраль 0 0
федерация 1,4271163556401458 0,0011041519192573662
фиговый 4,605170185988092 0,0017814971705950064
физический 2,120263536200091 0,0008202180023984878
философия 0,09431067947124142 7,296764369148272E-05
флаг 0,8675005677047231 0,0010067704847637018
фольклор 3,506557897319982 0,0013565020879380974
форум 0 0
фр 2,407945608651872 0,0027945210158435646
франция 1,3093333199837622 0,003039071535745676
французский 0,23572233352106994 0,00018237704721165953
фула 3,912023005428146 0,003026710255650403
хадашт 3,2188758248682006 0,004980852340221587
хаим 3,912023005428146 0,003026710255650403
хатшепсут 4,605170185988092 0,0035629943411900128
хауса 3,912023005428146 0,003026710255650403
хирург 4,605170185988092 0,0017814971705950064
храм 1,2729656758128876 0,0004924432014750048
христианский 2,659260036932778 0,0010287272870146142
хх 1,2729656758128876 0,0004924432014750048
цар 3,912023005428146 0,0015133551278252015
центральноафриканский 4,605170185988092 0,016033474535355058
центральный 1,2729656758128876 0,0014773296044250145
церковь 1,4271163556401458 0,0005520759596286831
цивилизация 2,659260036932778 0,0020574545740292285
цодить 3,912023005428146 0,003026710255650403
чадо 4,605170185988092 0,012470480194165044
часть 0,5978370007556204 0,0006938147010703524
чвь 4,605170185988092 0,0035629943411900128
чел 2,0402208285265546 0,0007892537054261333
человеческий 2,407945608651872 0,0009315070052811883
человечество 2,5257286443082556 0,000977071042285592
черепок 4,605170185988092 0,0017814971705950064
численность 1,9661128563728327 0,0022817557327344286
читать 0 0
шаблон 0 0
шалый 3,912023005428146 0,003026710255650403
шведский 1,7147984280919266 0,0006633649625113836
шехзан 4,605170185988092 0,0035629943411900128
шон 3,506557897319982 0,002713004175876195
э 2,0402208285265546 0,003157014821704533
эв 4,605170185988092 0,0035629943411900128
эволюция 3,2188758248682006 0,0024904261701107935
эква 4,605170185988092 0,0017814971705950064
экваториальный 3,506557897319982 0,006782510439690487
экологический 2,995732273553991 0,0011588906280673079
экономика 0,7550225842780328 0,0005841567383195612
элеазар 3,912023005428146 0,003026710255650403
элемент 0,19845093872383823 0,00015354037812289223
элена 3,912023005428146 0,003026710255650403
элиуда 4,605170185988092 0,0035629943411900128
эмигрировать 3,912023005428146 0,0015133551278252015
эмир 3,912023005428146 0,0015133551278252015
энциклопедия 0 0
эпарс 4,605170185988092 0,0035629943411900128
эритрея 4,605170185988092 0,010688983023570037
этап 2,407945608651872 0,0009315070052811883
эфиопия 3,912023005428146 0,015133551278252015
эхнатон 4,605170185988092 0,0035629943411900128
юар 3,506557897319982 0,004069506263814292
юг 1,0216512475319812 0,0007904458394831575
южный 1,171182981502945 0,009514445884550037
юнеско 2,0402208285265546 0,0015785074108522665
яак 3,912023005428146 0,003026710255650403
являться 0,3424903089467759 0,001192422739079684
язык 0 0
японский 1,4696759700589417 0,000568540027102105
