аббасидский 4,605170185988092 0,008282680190626064
абд 4,605170185988092 0,008282680190626064
аваг 4,605170185988092 0,008282680190626064
август 0 0
агарянский 4,605170185988092 0,004141340095313032
агджакал 4,605170185988092 0,008282680190626064
азия 1,5141277326297755 0,0027232513176794525
акроинон 4,605170185988092 0,008282680190626064
ала 3,506557897319982 0,012613517616258929
александрович 1,6607312068216509 0,0014934633154870963
алфавит 0 0
аль 2,207274913189721 0,02381951345168764
аморий 4,605170185988092 0,008282680190626064
анакопийский 4,605170185988092 0,008282680190626064
аналогия 4,605170185988092 0,004141340095313032
андалус 3,912023005428146 0,00703601259969091
андалусия 3,506557897319982 0,006306758808129464
античный 2,8134107167600364 0,00506009121719431
аппарат 2,995732273553991 0,0026940038431240926
апрель 0 0
ар 3,506557897319982 0,006306758808129464
араб 2,8134107167600364 0,0075901368257914655
арабо 3,506557897319982 0,006306758808129464
арабский 0,38566248081198473 0,01109820088667582
аравийский 3,506557897319982 0,006306758808129464
аравия 3,2188758248682006 0,0028946725043778785
армянский 1,8325814637483102 0,0065920196537709004
архив 0,3011050927839216 0,0010831118445464806
астроном 3,912023005428146 0,00703601259969091
астрономический 3,2188758248682006 0,008684017513133635
астрономия 2,995732273553991 0,02155203074499274
африка 1,5606477482646683 0,0028069204105479646
ахиз 4,605170185988092 0,008282680190626064
ахмад 3,506557897319982 0,006306758808129464
багдад 3,506557897319982 0,015766897020323658
багдадский 4,605170185988092 0,004141340095313032
бан 3,912023005428146 0,00703601259969091
бардуся 4,605170185988092 0,008282680190626064
билл 3,506557897319982 0,006306758808129464
бинт 3,912023005428146 0,00703601259969091
бируня 4,605170185988092 0,004141340095313032
битва 1,8971199848858813 0,0034120863037515855
благодаря 1,8325814637483102 0,0016480049134427251
больший 1,8325814637483102 0,0032960098268854502
брат 2,302585092994046 0,004141340095313032
бувайха 4,605170185988092 0,008282680190626064
валя 4,605170185988092 0,01656536038125213
вард 4,605170185988092 0,008282680190626064
васик 4,605170185988092 0,008282680190626064
васильев 2,995732273553991 0,005388007686248185
век 0,5108256237659907 0,005971882292228309
версия 0 0
взгляд 2,8134107167600364 0,002530045608597155
википедия 0 0
вклад 0 0
включать 1,9661128563728327 0,0035361742021094117
включая 2,5257286443082556 0,002271338708910302
вмест 1,8971199848858813 0,0017060431518757927
внести 2,5257286443082556 0,002271338708910302
возглавляться 3,912023005428146 0,003518006299845455
возникнуть 2,5257286443082556 0,004542677417820604
война 0,7133498878774648 0,0025660067909261323
восток 0,7985076962177716 0,0007180824606274925
востоковед 3,506557897319982 0,003153379404064732
восточный 0,9162907318741551 0,0008240024567213626
впоследствие 2,5257286443082556 0,002271338708910302
выдаваться 2,407945608651872 0,0021654187128164314
газневид 4,605170185988092 0,004141340095313032
география 0,083381608939051 0,00014996692255225
герб 0,7133498878774648 0,0012830033954630662
главное 1,7147984280919266 0,0015420849173488549
государство 0,6733445532637655 0,006055256773954726
грек 2,995732273553991 0,0026940038431240926
греция 2,0402208285265546 0,0036694619218103504
греческий 1,4271163556401458 0,0025667560353240036
далья 0,3566749439387324 0,00032075084886576654
дамаск 4,605170185988092 0,004141340095313032
два 0 0
движение 1,6094379124341003 0,0014473362521889392
декабрь 0 0
деятельность 2,120263536200091 0,0019067118131295784
джафар 4,605170185988092 0,008282680190626064
дмитрия 2,120263536200091 0,0038134236262591568
добавить 1,0498221244986776 0,0018881692886666866
договор 2,407945608651872 0,004330837425632863
доказать 3,912023005428146 0,003518006299845455
долина 2,120263536200091 0,0038134236262591568
дом 1,3470736479666094 0,002422794330875197
достижение 2,207274913189721 0,0019849594543073033
древний 1,4696759700589417 0,002643302104422557
египет 2,302585092994046 0,004141340095313032
единобожие 4,605170185988092 0,004141340095313032
естественный 3,2188758248682006 0,0028946725043778785
жанр 2,659260036932778 0,002391420896522282
жива 4,605170185988092 0,004141340095313032
журнал 0 0
завоевание 2,659260036932778 0,004782841793044564
закавказье 2,995732273553991 0,005388007686248185
закарять 4,605170185988092 0,024848040571878196
заниматься 0 0
западный 0,9942522733438669 0,0017882235132083938
запрос 0,1165338162559516 0,00020959319470494894
знаете 0,06187540371808745 0,00011128669733468967
знак 0 0
знакомство 4,605170185988092 0,004141340095313032
золотой 1,4696759700589417 0,002643302104422557
зубейд 4,605170185988092 0,008282680190626064
зухдийти 4,605170185988092 0,008282680190626064
ибн 3,506557897319982 0,031533794040647316
ибрахим 3,506557897319982 0,003153379404064732
игорь 2,5257286443082556 0,004542677417820604
избранный 0,083381608939051 0,000224950383828375
избрать 0 0
известно 3,2188758248682006 0,0028946725043778785
известный 0,7765287894989963 0,0006983172567437018
измаильтянский 4,605170185988092 0,004141340095313032
изменение 0 0
изображение 0,06187540371808745 5,5643348667344836E-05
иллюстрация 1,8325814637483102 0,0016480049134427251
именоваться 2,995732273553991 0,0026940038431240926
имерхеви 4,605170185988092 0,008282680190626064
империя 1,2039728043259361 0,0054135467820410794
имя 1,4271163556401458 0,0012833780176620018
индиец 4,605170185988092 0,004141340095313032
индийский 2,407945608651872 0,0021654187128164314
индия 2,120263536200091 0,0038134236262591568
интенсивный 4,605170185988092 0,004141340095313032
интервик 0,9675840262617057 0,0008701295200195196
ирак 3,2188758248682006 0,011578690017511514
иран 2,407945608651872 0,008661674851265726
искать 0 0
искусство 0,083381608939051 0,00014996692255225
ислам 1,7147984280919266 0,010794594421441983
исламский 3,2188758248682006 0,026052052539400905
использование 0 0
историография 2,995732273553991 0,0026940038431240926
исторический 1,2378743560016172 0,001113196363310807
история 0 0
источник 0 0
ифрикий 4,605170185988092 0,008282680190626064
июнь 0 0
кавкасидзе 4,605170185988092 0,008282680190626064
каджисциха 4,605170185988092 0,008282680190626064
кайхосрый 4,605170185988092 0,008282680190626064
календарь 2,995732273553991 0,005388007686248185
караханид 4,605170185988092 0,004141340095313032
картли 4,605170185988092 0,008282680190626064
категория 0 0
классический 2,5257286443082556 0,002271338708910302
книга 0 0
книжный 3,506557897319982 0,003153379404064732
князь 2,407945608651872 0,004330837425632863
код 0 0
колхидский 4,605170185988092 0,004141340095313032
концепция 3,2188758248682006 0,0028946725043778785
коран 3,2188758248682006 0,005789345008755757
кордовский 4,605170185988092 0,004141340095313032
корра 4,605170185988092 0,008282680190626064
крепость 1,9661128563728327 0,0035361742021094117
культура 0,3566749439387324 0,00032075084886576654
латынь 3,506557897319982 0,003153379404064732
летний 1,7147984280919266 0,0015420849173488549
литература 1,1086626245216111 0,000996998763059003
личность 0,127833371509885 0,00011495806790457284
лонготхеви 4,605170185988092 0,008282680190626064
луна 2,659260036932778 0,002391420896522282
лунный 3,506557897319982 0,003153379404064732
лучший 0 0
май 0 0
мамиконянин 4,605170185988092 0,008282680190626064
мамун 4,605170185988092 0,008282680190626064
маронитский 3,912023005428146 0,00703601259969091
март 0 0
математик 4,605170185988092 0,004141340095313032
математический 3,506557897319982 0,003153379404064732
материал 0 0
международный 0,9942522733438669 0,0008941117566041969
место 0 0
миро 0 0
мнить 4,605170185988092 0,004141340095313032
мобильный 0 0
моисеев 4,605170185988092 0,004141340095313032
мой 0 0
монета 2,5257286443082556 0,004542677417820604
мотивированный 4,605170185988092 0,004141340095313032
моча 0,16251892949777494 0,0001461501164548336
мудрость 3,912023005428146 0,00703601259969091
мус 3,2188758248682006 0,011578690017511514
мусульманский 2,407945608651872 0,006496256138449295
мухаммад 3,2188758248682006 0,0028946725043778785
мухаммед 2,995732273553991 0,008082011529372279
мухранский 4,605170185988092 0,008282680190626064
навигация 0 0
нагорье 3,912023005428146 0,00703601259969091
нажать 0 0
название 0 0
называться 1,9661128563728327 0,0017680871010547058
наивысший 3,912023005428146 0,003518006299845455
найти 0 0
наклон 3,912023005428146 0,003518006299845455
написать 0,9942522733438669 0,0008941117566041969
народ 1,4271163556401458 0,0012833780176620018
наследие 1,5606477482646683 0,0014034602052739823
наследник 3,912023005428146 0,003518006299845455
наука 0,05129329438755048 0,00018450825319262765
научный 1,6094379124341003 0,0014473362521889392
находиться 0 0
начало 1,2039728043259361 0,002165418712816432
начать 0,38566248081198473 0,006936375554172387
начинать 0,1508228897345837 0,0002712641901701146
небольшой 1,9661128563728327 0,0017680871010547058
некоммерческий 0 0
несколький 2,659260036932778 0,002391420896522282
низменность 3,912023005428146 0,00703601259969091
никей 4,605170185988092 0,008282680190626064
николай 1,5141277326297755 0,0013616256588397263
новый 0 0
ноябрь 0 0
область 0,7765287894989963 0,0006983172567437018
образ 1,7147984280919266 0,0015420849173488549
образование 0,7339691750802005 0,000660044222194425
обсерватория 3,2188758248682006 0,0028946725043778785
обсуждение 0 0
общеисламский 4,605170185988092 0,004141340095313032
общество 0,07257069283483537 0,000130522828839632
общий 1,3470736479666094 0,0012113971654375984
община 2,8134107167600364 0,0075901368257914655
объяснение 3,506557897319982 0,003153379404064732
обязательный 0 0
овладение 4,605170185988092 0,004141340095313032
огромный 2,8134107167600364 0,002530045608597155
означать 2,0402208285265546 0,0018347309609051752
около 4,605170185988092 0,008282680190626064
октябрь 0 0
омар 3,912023005428146 0,00703601259969091
омейядский 4,605170185988092 0,008282680190626064
описание 0 0
организация 0 0
осада 2,8134107167600364 0,01012018243438862
османский 2,407945608651872 0,006496256138449295
основать 1,2729656758128876 0,0011447533055871293
основной 0 0
ответственность 0 0
отдельный 0 0
отказ 0 0
открытие 2,5257286443082556 0,004542677417820604
отсутствовать 0,05129329438755048 0,00013838118989447073
оценивание 0,1508228897345837 0,0002712641901701146
палестина 3,506557897319982 0,006306758808129464
панаскерть 4,605170185988092 0,008282680190626064
первоначальный 2,302585092994046 0,004141340095313032
первый 0 0
перевод 1,7147984280919266 0,0030841698346977097
перейти 0 0
период 1,3093333199837622 0,002354916043136263
персидский 1,5606477482646683 0,0014034602052739823
персоналия 0,07257069283483537 0,000130522828839632
петерек 4,605170185988092 0,008282680190626064
печать 0 0
пиренейский 3,506557897319982 0,003153379404064732
пн 0,127833371509885 0,00045983227161829136
повеление 3,912023005428146 0,003518006299845455
подложность 4,605170185988092 0,004141340095313032
подробный 0 0
познание 4,605170185988092 0,004141340095313032
поиск 0 0
покровитель 2,995732273553991 0,0026940038431240926
политик 0 0
полный 1,6094379124341003 0,0014473362521889392
половина 2,207274913189721 0,0039699189086146065
полуостров 1,9661128563728327 0,007072348404218823
получить 0 0
помочь 0,127833371509885 0,00011495806790457284
помощь 0,127833371509885 0,00011495806790457284
портал 0 0
последний 0 0
последующий 2,8134107167600364 0,002530045608597155
посмотреть 0 0
поэзия 3,912023005428146 0,003518006299845455
праведный 3,912023005428146 0,010554018899536366
правило 1,4696759700589417 0,0013216510522112786
править 0 0
правка 0 0
практически 3,2188758248682006 0,0028946725043778785
предлагать 0 0
представитель 2,120263536200091 0,0038134236262591568
представлять 1,6607312068216509 0,0014934633154870963
прикаспийский 4,605170185988092 0,004141340095313032
приходиться 2,659260036932778 0,004782841793044564
причина 2,407945608651872 0,0021654187128164314
проект 0 0
проживать 2,302585092994046 0,002070670047656516
проповедник 3,2188758248682006 0,0028946725043778785
пророк 2,995732273553991 0,005388007686248185
протогосударственный 4,605170185988092 0,004141340095313032
птолемей 4,605170185988092 0,004141340095313032
развитие 0,9416085398584451 0,0025403108089706253
разработать 2,5257286443082556 0,002271338708910302
разработка 1,07880966137193 0,002910457719528588
разработчик 0 0
район 1,171182981502945 0,0010532221056681161
ранний 1,8971199848858813 0,0017060431518757927
распад 3,2188758248682006 0,0028946725043778785
расположить 0,9162907318741551 0,0008240024567213626
расцвет 2,995732273553991 0,0026940038431240926
рахман 3,912023005428146 0,00703601259969091
результат 1,4696759700589417 0,002643302104422557
религиозный 2,120263536200091 0,0019067118131295784
религия 0,083381608939051 0,00014996692255225
родственный 0,21072103131565253 0,00018949733031983142
российский 1,0498221244986776 0,0009440846443333433
рост 3,2188758248682006 0,005789345008755757
русский 0 0
русь 2,8134107167600364 0,002530045608597155
сабит 4,605170185988092 0,008282680190626064
саманид 4,605170185988092 0,004141340095313032
саргис 4,605170185988092 0,008282680190626064
сасанид 3,912023005428146 0,00703601259969091
сатль 4,605170185988092 0,008282680190626064
сведение 0 0
свежий 0 0
свободный 0 0
связать 0 0
северный 1,1086626245216111 0,001993997526118006
сентябрь 0 0
синда 4,605170185988092 0,008282680190626064
сирия 2,995732273553991 0,005388007686248185
система 0 0
слово 1,5606477482646683 0,0014034602052739823
случай 0 0
случайный 0 0
смерть 1,8325814637483102 0,0016480049134427251
смотреть 0 0
событие 0 0
современный 1,0216512475319812 0,0009187511218812782
содержание 0,1392620673335076 0,00012523567206250684
создать 0 0
сообщество 0 0
составить 2,407945608651872 0,004330837425632863
сохранение 0 0
сохранить 3,506557897319982 0,003153379404064732
сочинение 3,2188758248682006 0,0028946725043778785
список 0 0
спорт 0,083381608939051 0,00014996692255225
средневековый 2,659260036932778 0,007174262689566847
средневековье 2,8134107167600364 0,017710319260180084
среднее 2,120263536200091 0,0038134236262591568
средний 1,8971199848858813 0,0034120863037515855
ссылаться 0 0
ссылка 0 0
стадия 4,605170185988092 0,004141340095313032
становиться 2,5257286443082556 0,002271338708910302
старорусский 3,912023005428146 0,003518006299845455
статистик 0 0
стать 0,4620354595965586 0,0004154995140256822
статья 0 0
столица 0,7985076962177716 0,0007180824606274925
страница 0 0
суперрелигиозный 4,605170185988092 0,004141340095313032
существование 2,5257286443082556 0,002271338708910302
считаться 1,5141277326297755 0,0013616256588397263
сюд 0 0
такой 1,7147984280919266 0,0030841698346977097
тамта 4,605170185988092 0,008282680190626064
тарик 4,605170185988092 0,008282680190626064
тбилиси 3,912023005428146 0,00703601259969091
текст 0 0
теократический 4,605170185988092 0,004141340095313032
теория 1,8971199848858813 0,0017060431518757927
территория 0,8675005677047231 0,002340379229419217
техника 0,06187540371808745 0,00011128669733468967
течь 0 0
тимурид 4,605170185988092 0,004141340095313032
титул 2,659260036932778 0,002391420896522282
трепидация 4,605170185988092 0,004141340095313032
третий 1,7147984280919266 0,0015420849173488549
тухарися 4,605170185988092 0,008282680190626064
указатель 0 0
умар 4,605170185988092 0,008282680190626064
умереть 2,8134107167600364 0,00506009121719431
умма 4,605170185988092 0,008282680190626064
условие 0 0
усман 3,912023005428146 0,003518006299845455
участие 0 0
участник 0 0
ученик 3,912023005428146 0,003518006299845455
фаза 4,605170185988092 0,004141340095313032
фазари 4,605170185988092 0,008282680190626064
фатимидский 4,605170185988092 0,008282680190626064
февраль 0 0
ферганя 4,605170185988092 0,008282680190626064
философия 0,09431067947124142 0,0002544352863432772
философский 2,8134107167600364 0,002530045608597155
форум 0 0
хаббаш 4,605170185988092 0,008282680190626064
хабиб 4,605170185988092 0,008282680190626064
хади 4,605170185988092 0,008282680190626064
хазарский 3,912023005428146 0,00703601259969091
халиф 4,605170185988092 0,03727206085781729
халифат 3,506557897319982 0,12298179675852453
хамрийти 4,605170185988092 0,008282680190626064
характер 2,5257286443082556 0,002271338708910302
хасиб 4,605170185988092 0,008282680190626064
хиджаз 4,605170185988092 0,004141340095313032
хорезмь 4,605170185988092 0,008282680190626064
хороший 0,7985076962177716 0,001436164921254985
христов 3,912023005428146 0,003518006299845455
хроник 3,2188758248682006 0,005789345008755757
хулагуид 4,605170185988092 0,004141340095313032
царевич 3,506557897319982 0,006306758808129464
царство 2,659260036932778 0,007174262689566847
частность 2,659260036932778 0,002391420896522282
часть 0,5978370007556204 0,0010752464042367274
человек 1,1394342831883648 0,0010246711179751483
читать 0 0
шаблон 0 0
шахиншах 4,605170185988092 0,008282680190626064
экватор 4,605170185988092 0,004141340095313032
эклиптика 4,605170185988092 0,004141340095313032
эмират 3,912023005428146 0,00703601259969091
энциклопедия 0 0
эпоха 2,120263536200091 0,0019067118131295784
являться 0,3424903089467759 0,00030799488214638124
ядро 3,912023005428146 0,003518006299845455
язык 0 0
якуб 4,605170185988092 0,008282680190626064
январь 0,6733445532637655 0,0006055256773954726
