абердин 4,605170185988092 0,0034405455255794486
август 0 0
августа 0,843970070294529 0,0006305342325696892
авиабаза 3,912023005428146 0,0029226918232559927
авиационный 2,302585092994046 0,0008601363813948622
авиация 2,120263536200091 0,0023760891328353656
автор 1,7147984280919266 0,001921701637757109
агат 3,912023005428146 0,0029226918232559927
азербайджанский 1,6607312068216509 0,0006203702677705084
акт 2,8134107167600364 0,023121044366350693
ала 3,506557897319982 0,002619766826537155
алан 3,506557897319982 0,002619766826537155
алфавит 0 0
альбом 3,2188758248682006 0,0012024190604662684
альфреда 3,506557897319982 0,002619766826537155
американский 1,4271163556401458 0,000533102859783394
англ 1,0498221244986776 0,002745145637463856
английский 0,37106368139083196 0,004851411598311213
англиканский 3,506557897319982 0,0013098834132685775
англия 2,120263536200091 0,0253449507502439
англо 2,995732273553991 0,0022381264651131797
англонормандский 4,605170185988092 0,0034405455255794486
англосаксонский 4,605170185988092 0,0034405455255794486
андрей 1,2039728043259361 0,0008994940637474309
анна 1,9661128563728327 0,0014688926831324862
анстер 4,605170185988092 0,0034405455255794486
ап 4,605170185988092 0,006881091051158897
апон 3,912023005428146 0,0029226918232559927
апохромат 4,605170185988092 0,0017202727627897243
апрель 0 0
арабский 0,38566248081198473 0,00014406517774074887
армстронг 3,912023005428146 0,0029226918232559927
арсенич 1,5606477482646683 0,0023319353728272966
артур 2,995732273553991 0,0044762529302263595
архив 0,3011050927839216 0,0008998284431346183
архитектор 2,5257286443082556 0,0018869844186090816
архитектура 1,1086626245216111 0,0008282873548910057
астрид 4,605170185988092 0,0034405455255794486
астрон 3,912023005428146 0,0014613459116279964
астрономия 2,995732273553991 0,0011190632325565899
баз 2,5257286443082556 0,0009434922093045408
базар 3,506557897319982 0,002619766826537155
байрон 4,605170185988092 0,0034405455255794486
бакалавр 3,506557897319982 0,0013098834132685775
барбара 3,912023005428146 0,0029226918232559927
барон 3,506557897319982 0,002619766826537155
басистый 4,605170185988092 0,0017202727627897243
батя 4,605170185988092 0,0017202727627897243
баулч 3,912023005428146 0,0029226918232559927
безземельный 4,605170185988092 0,0034405455255794486
безуспешный 3,506557897319982 0,0013098834132685775
белфаст 4,605170185988092 0,0034405455255794486
белый 1,6094379124341003 0,0012024190604662684
бен 2,407945608651872 0,0017989881274948613
бенгальский 2,120263536200091 0,0007920297109451219
бенджамин 3,2188758248682006 0,0036072571813988057
бернерс 4,605170185988092 0,0034405455255794486
бествик 4,605170185988092 0,0034405455255794486
беттань 4,605170185988092 0,0034405455255794486
бизнесмен 3,912023005428146 0,0014613459116279964
билль 4,605170185988092 0,005160818288369173
бирмингем 3,506557897319982 0,002619766826537155
блейк 4,605170185988092 0,006881091051158897
блэкпула 3,912023005428146 0,0029226918232559927
бойд 4,605170185988092 0,0034405455255794486
болото 2,995732273553991 0,0022381264651131797
болтон 3,506557897319982 0,00523953365307431
большой 1,1086626245216111 0,0012424310323365087
бомон 4,605170185988092 0,0034405455255794486
бондарь 2,207274913189721 0,0016490660539332995
борнмут 3,912023005428146 0,0029226918232559927
брайтон 3,912023005428146 0,0058453836465119854
брат 2,302585092994046 0,0008601363813948622
бридж 4,605170185988092 0,0017202727627897243
бристоль 3,912023005428146 0,0029226918232559927
британия 3,912023005428146 0,0029226918232559927
британский 1,5141277326297755 0,013574548219318123
бронзовый 2,8134107167600364 0,0010509565621068496
брэдфорд 3,912023005428146 0,0029226918232559927
брюс 3,912023005428146 0,0058453836465119854
буша 4,605170185988092 0,0034405455255794486
бывший 2,8134107167600364 0,0010509565621068496
былой 3,912023005428146 0,0014613459116279964
бэзил 4,605170185988092 0,0034405455255794486
бэйла 4,605170185988092 0,0034405455255794486
бэк 4,605170185988092 0,0017202727627897243
бэпти 4,605170185988092 0,0034405455255794486
бэтмен 4,605170185988092 0,0017202727627897243
валлийский 4,605170185988092 0,010321636576738347
вальтер 3,506557897319982 0,002619766826537155
вариант 3,506557897319982 0,0013098834132685775
век 0,5108256237659907 0,00019082018071198758
велик 3,2188758248682006 0,002404838120932537
великий 1,0216512475319812 0,0007632807228479502
великобритания 1,6607312068216509 0,09677776177219931
величайший 3,912023005428146 0,0014613459116279964
вернуть 3,2188758248682006 0,0012024190604662684
вероятно 3,912023005428146 0,0014613459116279964
версия 0 0
вес 2,5257286443082556 0,0018869844186090816
видеоклип 4,605170185988092 0,0017202727627897243
вики 1,6094379124341003 0,0012024190604662684
викиновость 1,0216512475319812 0,0007632807228479502
википедия 0 0
викисклад 0,5798184952529422 0,00021659263924278752
викисловарь 1,4271163556401458 0,000533102859783394
викитек 1,1394342831883648 0,00042563850698108514
викицитатник 0,9675840262617057 0,00036144341660878065
викторианский 3,912023005428146 0,014613459116279962
викторий 2,659260036932778 0,007946985541823767
вильгельм 3,2188758248682006 0,004809676241865074
винни 3,912023005428146 0,0029226918232559927
вирджиния 4,605170185988092 0,0034405455255794486
вклад 0 0
включать 1,9661128563728327 0,0007344463415662431
владелец 3,2188758248682006 0,002404838120932537
влиятельный 3,2188758248682006 0,0012024190604662684
военный 1,0498221244986776 0,0003921636624948366
возвращение 2,659260036932778 0,0009933731927279708
воздушный 2,0402208285265546 0,0007621295586576596
возможно 2,407945608651872 0,0008994940637474307
возобновить 4,605170185988092 0,0017202727627897243
война 0,7133498878774648 0,002664736226662177
вокалист 4,605170185988092 0,0034405455255794486
волейболист 3,912023005428146 0,0014613459116279964
волна 2,995732273553991 0,0011190632325565899
вольность 4,605170185988092 0,0034405455255794486
вплавить 4,605170185988092 0,0017202727627897243
второй 1,2378743560016172 0,0009248220814356498
вулф 4,605170185988092 0,0034405455255794486
вуттон 4,605170185988092 0,0034405455255794486
высший 2,302585092994046 0,0008601363813948622
гай 2,995732273553991 0,0022381264651131797
галерея 3,2188758248682006 0,002404838120932537
ганноверский 4,605170185988092 0,0034405455255794486
гейнсборо 4,605170185988092 0,0034405455255794486
гендель 4,605170185988092 0,0034405455255794486
генри 2,995732273553991 0,008952505860452719
генрих 2,5257286443082556 0,0056609532558272455
география 0,083381608939051 0,00034262147864384053
георг 3,506557897319982 0,006549417066342887
герберт 3,506557897319982 0,00523953365307431
германский 2,5257286443082556 0,0018869844186090816
гершель 4,605170185988092 0,0034405455255794486
гилберт 3,912023005428146 0,0029226918232559927
гитарист 4,605170185988092 0,0017202727627897243
гиффорд 4,605170185988092 0,0034405455255794486
глазго 4,605170185988092 0,0034405455255794486
гоблин 4,605170185988092 0,0034405455255794486
год 0,6348782724359695 0,00047432071156964476
голубь 3,506557897319982 0,002619766826537155
гордон 3,506557897319982 0,002619766826537155
город 0,3424903089467759 0,000255876211390942
государственный 0,7765287894989963 0,0014503712915558391
государство 0,6733445532637655 0,00025152953054305774
гражданский 1,5141277326297755 0,0016968185274147654
гранж 4,605170185988092 0,0017202727627897243
графиня 4,605170185988092 0,0034405455255794486
графство 2,8134107167600364 0,0010509565621068496
грифида 4,605170185988092 0,0034405455255794486
грузинский 1,8325814637483102 0,000684565358142813
группа 1,4696759700589417 0,0032940066568373744
гулдинг 4,605170185988092 0,0034405455255794486
далья 0,3566749439387324 0,00013323681133310886
данди 4,605170185988092 0,0034405455255794486
даниель 4,605170185988092 0,006881091051158897
данный 0,1508228897345837 5,6340265123116806E-05
дарвин 3,506557897319982 0,002619766826537155
два 0 0
дважда 2,302585092994046 0,0008601363813948622
дворец 1,9661128563728327 0,0007344463415662431
дворянский 4,605170185988092 0,0017202727627897243
де 1,1394342831883648 0,0008512770139621703
дебютировать 4,605170185988092 0,0017202727627897243
декабрь 0 0
дело 2,120263536200091 0,0031681188437804875
день 1,3862943611198906 0,0005178537023234556
дефо 4,605170185988092 0,0034405455255794486
джейкоб 3,912023005428146 0,004384037734883989
джейми 3,912023005428146 0,0029226918232559927
джеймс 2,5257286443082556 0,0037739688372181632
джек 3,2188758248682006 0,004809676241865074
джексон 3,912023005428146 0,0029226918232559927
джо 3,912023005428146 0,0029226918232559927
джозеф 2,8134107167600364 0,002101913124213699
джон 2,302585092994046 0,012041909339528069
джордж 2,407945608651872 0,007195952509979445
джоша 3,912023005428146 0,0029226918232559927
джуд 4,605170185988092 0,0034405455255794486
дизайн 2,995732273553991 0,0044762529302263595
дизайнер 3,506557897319982 0,002619766826537155
дикинсон 4,605170185988092 0,010321636576738347
диккенс 4,605170185988092 0,006881091051158897
династия 2,0402208285265546 0,0015242591173153192
дирдный 4,605170185988092 0,0034405455255794486
добиться 2,995732273553991 0,0011190632325565899
дойль 4,605170185988092 0,0034405455255794486
документ 2,8134107167600364 0,003152869686320549
доллонд 4,605170185988092 0,0034405455255794486
дом 1,3470736479666094 0,0015096081224877955
дополнить 1,5141277326297755 0,0011312123516098436
дорога 1,5606477482646683 0,0005829838432068242
дорсет 4,605170185988092 0,0034405455255794486
дочерний 2,995732273553991 0,0011190632325565899
древнеанглийский 4,605170185988092 0,0034405455255794486
другой 2,5257286443082556 0,0009434922093045408
дуврский 4,605170185988092 0,0017202727627897243
дэвид 2,407945608651872 0,0017989881274948613
дэниел 3,2188758248682006 0,002404838120932537
европа 0,8915981192837835 0,002664469538390089
европейский 1,1086626245216111 0,0008282873548910057
единый 2,407945608651872 0,0008994940637474307
елизавета 2,995732273553991 0,0022381264651131797
жаклин 3,506557897319982 0,002619766826537155
железный 1,7147984280919266 0,0006405672125857029
журнал 0 0
завоевание 2,659260036932778 0,0019867463854559416
завоеватель 4,605170185988092 0,0034405455255794486
закон 1,9661128563728327 0,0014688926831324862
замок 2,5257286443082556 0,0037739688372181632
занимать 1,4696759700589417 0,0005490011094728957
заниматься 0 0
западный 0,9942522733438669 0,0007428108131071102
запрет 3,2188758248682006 0,0012024190604662684
защита 2,120263536200091 0,0007920297109451219
здравоохранение 2,207274913189721 0,0016490660539332995
зеландия 2,995732273553991 0,0011190632325565899
знаете 0,06187540371808745 4,6227421530136314E-05
знак 0 0
знаменитый 2,120263536200091 0,0007920297109451219
значение 1,9661128563728327 0,0014688926831324862
значимость 2,995732273553991 0,0011190632325565899
золотой 1,4696759700589417 0,0010980022189457915
зритель 3,506557897319982 0,0013098834132685775
иврит 1,6607312068216509 0,0006203702677705084
играть 2,120263536200091 0,0007920297109451219
игрок 2,407945608651872 0,0035979762549897226
избавиться 4,605170185988092 0,0017202727627897243
избранный 0,083381608939051 0,00015573703574720023
избрать 0 0
известность 3,506557897319982 0,003929650239805732
известный 0,7765287894989963 0,0005801485166223357
издатель 4,605170185988092 0,0017202727627897243
изменение 0 0
измерение 3,506557897319982 0,0013098834132685775
изображение 0,06187540371808745 9,245484306027263E-05
изобретатель 2,659260036932778 0,0019867463854559416
именование 4,605170185988092 0,0017202727627897243
иметься 1,4271163556401458 0,001066205719566788
империя 1,2039728043259361 0,0017989881274948617
интерьер 3,506557897319982 0,003929650239805732
иоанн 3,506557897319982 0,002619766826537155
иорверт 4,605170185988092 0,0034405455255794486
ипсуич 4,605170185988092 0,0034405455255794486
ирландия 2,8134107167600364 0,011560522183175347
ирландский 3,2188758248682006 0,002404838120932537
исаак 3,2188758248682006 0,004809676241865074
искать 0 0
искусство 0,083381608939051 6,22948142988801E-05
исп 1,9661128563728327 0,0007344463415662431
испанский 0,49429632181478017 0,0005539368567218306
исполнять 2,995732273553991 0,0011190632325565899
использование 0 0
использовать 1,4271163556401458 0,000533102859783394
история 0 0
источник 0 0
итальянский 0,7339691750802005 0,00027417600862166626
итог 2,8134107167600364 0,0010509565621068496
июнь 0 0
йорк 2,8134107167600364 0,002101913124213699
кавендиш 4,605170185988092 0,0034405455255794486
казань 4,605170185988092 0,0017202727627897243
кайкос 4,605170185988092 0,0034405455255794486
кале 4,605170185988092 0,0034405455255794486
канал 2,407945608651872 0,0008994940637474307
кардифф 3,912023005428146 0,0029226918232559927
карл 1,9661128563728327 0,0014688926831324862
карлайл 3,506557897319982 0,002619766826537155
карьер 2,407945608651872 0,0008994940637474307
категория 0 0
качество 1,5606477482646683 0,0017489515296204728
квакер 4,605170185988092 0,0034405455255794486
кг 3,2188758248682006 0,0012024190604662684
кей 3,912023005428146 0,0029226918232559927
кейли 4,605170185988092 0,0034405455255794486
кейт 3,912023005428146 0,0029226918232559927
кельтский 3,506557897319982 0,00523953365307431
кеннингтон 4,605170185988092 0,005160818288369173
кетлторп 4,605170185988092 0,0034405455255794486
кино 2,5257286443082556 0,0009434922093045408
китайский 1,171182981502945 0,00043749831210420064
клайв 4,605170185988092 0,006881091051158897
клан 4,605170185988092 0,0034405455255794486
классический 2,5257286443082556 0,0018869844186090816
клаузный 4,605170185988092 0,0034405455255794486
клерк 4,605170185988092 0,010321636576738347
клип 4,605170185988092 0,0017202727627897243
клэптон 4,605170185988092 0,0034405455255794486
клэр 3,912023005428146 0,0029226918232559927
книга 0 0
ковентри 3,506557897319982 0,002619766826537155
код 0 0
коканасига 4,605170185988092 0,0034405455255794486
колин 4,605170185988092 0,0034405455255794486
колиндейл 4,605170185988092 0,0034405455255794486
коллектив 3,2188758248682006 0,0012024190604662684
команда 2,207274913189721 0,0008245330269666497
коммерческий 3,2188758248682006 0,0012024190604662684
композитор 2,659260036932778 0,0019867463854559416
конан 3,912023005428146 0,0029226918232559927
коннери 4,605170185988092 0,0034405455255794486
консервативный 4,605170185988092 0,0034405455255794486
констебл 4,605170185988092 0,0034405455255794486
конституция 1,2729656758128876 0,0014265584712135461
конуэю 4,605170185988092 0,0017202727627897243
концертный 3,506557897319982 0,0013098834132685775
корнуолла 4,605170185988092 0,0034405455255794486
королева 2,659260036932778 0,007946985541823767
королевский 2,5257286443082556 0,0018869844186090816
королевство 1,6094379124341003 0,0012024190604662684
король 1,7147984280919266 0,005124537700685623
корона 3,2188758248682006 0,0060120953023313425
короновать 4,605170185988092 0,0017202727627897243
короноваться 4,605170185988092 0,0017202727627897243
котс 4,605170185988092 0,0034405455255794486
кочегар 4,605170185988092 0,0017202727627897243
красный 0,7765287894989963 0,0005801485166223357
крейсер 3,506557897319982 0,0013098834132685775
крикет 4,605170185988092 0,006881091051158897
кристиан 3,2188758248682006 0,002404838120932537
кристь 3,2188758248682006 0,002404838120932537
кромвель 3,912023005428146 0,0029226918232559927
крона 3,912023005428146 0,0029226918232559927
кроуфорд 4,605170185988092 0,0034405455255794486
крупный 1,4271163556401458 0,000533102859783394
куин 4,605170185988092 0,0017202727627897243
культура 0,3566749439387324 0,0009326576793317619
ла 2,120263536200091 0,0015840594218902437
ламберт 3,912023005428146 0,0029226918232559927
ланкастер 3,912023005428146 0,0029226918232559927
ланселот 3,912023005428146 0,0029226918232559927
лейбористский 4,605170185988092 0,0034405455255794486
леннон 4,605170185988092 0,0034405455255794486
леруикский 4,605170185988092 0,0034405455255794486
ливерпуль 3,912023005428146 0,0029226918232559927
лидс 3,506557897319982 0,002619766826537155
линдгрный 4,605170185988092 0,0034405455255794486
личность 0,127833371509885 9,550494696293238E-05
лливелина 4,605170185988092 0,0034405455255794486
ллойд 3,912023005428146 0,0029226918232559927
ломбард 3,912023005428146 0,0029226918232559927
лонгобарди 4,605170185988092 0,005160818288369173
лондон 2,120263536200091 0,0031681188437804875
лорд 3,506557897319982 0,003929650239805732
лоу 4,605170185988092 0,0034405455255794486
лоуренс 3,912023005428146 0,0029226918232559927
лох 4,605170185988092 0,006881091051158897
лучший 0 0
львиный 4,605170185988092 0,0034405455255794486
льюис 3,506557897319982 0,002619766826537155
любая 2,8134107167600364 0,0010509565621068496
май 0 0
майкл 2,995732273553991 0,0022381264651131797
макгиверна 4,605170185988092 0,0034405455255794486
макгрегор 4,605170185988092 0,0034405455255794486
маккартня 4,605170185988092 0,0034405455255794486
максвелл 4,605170185988092 0,006881091051158897
манчестер 3,506557897319982 0,003929650239805732
манчестерский 4,605170185988092 0,0034405455255794486
манша 4,605170185988092 0,0034405455255794486
маргарет 3,912023005428146 0,0029226918232559927
марджери 4,605170185988092 0,005160818288369173
марк 1,3862943611198906 0,002071414809293822
март 0 0
марта 0,3566749439387324 0,003064446660661504
массовый 2,0402208285265546 0,0015242591173153192
мастер 2,5257286443082556 0,0018869844186090816
материал 0 0
меркьюри 4,605170185988092 0,0034405455255794486
мерси 4,605170185988092 0,0034405455255794486
мерфи 4,605170185988092 0,008601363813948621
место 0 0
месторождение 3,506557897319982 0,002619766826537155
метать 3,912023005428146 0,0058453836465119854
метро 3,2188758248682006 0,004809676241865074
мидлсбро 3,912023005428146 0,0029226918232559927
министр 2,120263536200091 0,0023760891328353656
мио 4,605170185988092 0,006881091051158897
миро 0 0
мировой 1,2039728043259361 0,0017989881274948617
миттный 4,605170185988092 0,0034405455255794486
мифология 2,120263536200091 0,0023760891328353656
мобильный 0 0
мода 3,506557897319982 0,002619766826537155
модерн 3,506557897319982 0,002619766826537155
мой 0 0
монарх 2,995732273553991 0,005595316162782949
монархия 2,8134107167600364 0,004203826248427398
монета 2,5257286443082556 0,0037739688372181632
монсеррат 3,912023005428146 0,0029226918232559927
море 1,1394342831883648 0,0017025540279243406
мост 2,302585092994046 0,0008601363813948622
мот 3,912023005428146 0,004384037734883989
моча 0,16251892949777494 6,070934983107021E-05
мочь 0,8209805520698303 0,000306679324643194
музей 1,3093333199837622 0,001956418856905136
музыка 1,2729656758128876 0,002377597452022577
музыкальный 2,207274913189721 0,0008245330269666497
музыкант 2,995732273553991 0,007833442627896129
мумия 4,605170185988092 0,0034405455255794486
мур 3,506557897319982 0,002619766826537155
навигация 0 0
нажать 0 0
название 0 0
найти 0 0
наполеоновский 3,912023005428146 0,0029226918232559927
население 0,5108256237659907 0,00038164036142397515
настоятель 3,912023005428146 0,0014613459116279964
насчитывать 2,659260036932778 0,0009933731927279708
натсфорд 4,605170185988092 0,0034405455255794486
наука 0,05129329438755048 7,664295014949642E-05
научный 1,6094379124341003 0,0012024190604662684
находиться 0 0
национальный 0,7550225842780328 0,000282040561926796
начать 0,38566248081198473 0,0028813035548149774
начинать 0,1508228897345837 0,00011268053024623361
невис 4,605170185988092 0,0034405455255794486
неделя 1,5141277326297755 0,0005656061758049218
недоставать 1,07880966137193 0,0032239362312198134
некоммерческий 0 0
немецкий 0,5108256237659907 0,00019082018071198758
неоготика 3,912023005428146 0,0029226918232559927
непроверенный 1,9661128563728327 0,0014688926831324862
несса 4,605170185988092 0,0034405455255794486
нефтяной 3,2188758248682006 0,002404838120932537
низкий 2,8134107167600364 0,0010509565621068496
нил 2,8134107167600364 0,002101913124213699
новый 0 0
норвежский 1,7147984280919266 0,0006405672125857029
норидж 3,912023005428146 0,0029226918232559927
норман 3,506557897319982 0,002619766826537155
нормандский 3,912023005428146 0,0029226918232559927
норманн 4,605170185988092 0,0034405455255794486
нортгемптон 3,912023005428146 0,0029226918232559927
ноябрь 0 0
нужный 2,995732273553991 0,0011190632325565899
ньюкасл 3,506557897319982 0,002619766826537155
ньютон 3,506557897319982 0,002619766826537155
облегчение 4,605170185988092 0,0017202727627897243
обогнуть 4,605170185988092 0,0017202727627897243
образование 0,7339691750802005 0,0008225280258649988
обсуждение 0 0
общество 0,07257069283483537 0,00016265377549832361
община 2,8134107167600364 0,004203826248427398
объявить 2,207274913189721 0,0008245330269666497
обязанность 2,995732273553991 0,0011190632325565899
обязательный 0 0
оксфордшир 4,605170185988092 0,005160818288369173
октябрь 0 0
оливер 3,2188758248682006 0,007214514362797611
олимпиада 2,8134107167600364 0,0010509565621068496
оперный 4,605170185988092 0,0017202727627897243
описание 0 0
оптический 4,605170185988092 0,0017202727627897243
организация 0 0
организовать 1,9661128563728327 0,0007344463415662431
оскар 2,5257286443082556 0,0018869844186090816
основной 0 0
особый 2,207274913189721 0,0016490660539332995
остров 1,2039728043259361 0,0035979762549897235
островной 3,2188758248682006 0,0012024190604662684
ответственность 0 0
отдельный 0 0
отказ 0 0
отказаться 2,8134107167600364 0,0010509565621068496
открыть 2,0402208285265546 0,0007621295586576596
относиться 1,7147984280919266 0,0006405672125857029
отсутствовать 0,05129329438755048 0,0008813939267192089
оуэн 3,912023005428146 0,0029226918232559927
оценивание 0,1508228897345837 0,00011268053024623361
па 4,605170185988092 0,0034405455255794486
павильон 4,605170185988092 0,0017202727627897243
палата 2,8134107167600364 0,008407652496854797
палтнить 4,605170185988092 0,0034405455255794486
памятник 1,2039728043259361 0,0008994940637474309
парламент 1,4271163556401458 0,004797925738050546
партия 1,8325814637483102 0,002738261432571252
певец 3,912023005428146 0,0029226918232559927
пенни 4,605170185988092 0,0034405455255794486
первый 0 0
перевод 1,7147984280919266 0,0006405672125857029
перевозка 3,912023005428146 0,0014613459116279964
переименовать 3,506557897319982 0,0013098834132685775
перейти 0 0
перенаправление 2,995732273553991 0,0022381264651131797
перечислить 4,605170185988092 0,0017202727627897243
период 1,3093333199837622 0,000978209428452568
перси 4,605170185988092 0,0034405455255794486
персидский 1,5606477482646683 0,0005829838432068242
персоналия 0,07257069283483537 0,00013554481291526966
песня 2,207274913189721 0,002473599080899949
петер 3,506557897319982 0,006549417066342887
печать 0 0
пианист 4,605170185988092 0,0017202727627897243
пилот 3,506557897319982 0,002619766826537155
писатель 2,207274913189721 0,003298132107866599
питер 2,995732273553991 0,0022381264651131797
питерборый 3,912023005428146 0,0029226918232559927
планета 2,659260036932778 0,0019867463854559416
плантагенет 4,605170185988092 0,0034405455255794486
плаццотто 2,995732273553991 0,0022381264651131797
плимут 3,912023005428146 0,0029226918232559927
плодотворный 4,605170185988092 0,0017202727627897243
пн 0,127833371509885 4,775247348146619E-05
повесть 3,506557897319982 0,0013098834132685775
повешение 4,605170185988092 0,0034405455255794486
подробный 0 0
пожизненный 3,912023005428146 0,0029226918232559927
поиск 0 0
показать 1,2729656758128876 0,0009510389808090308
покинуть 2,8134107167600364 0,002101913124213699
поклонник 3,2188758248682006 0,0012024190604662684
пол 2,659260036932778 0,006953612349095795
политик 0 0
получить 0 0
польский 1,2729656758128876 0,0004755194904045154
помочь 0,127833371509885 4,775247348146619E-05
помощь 0,127833371509885 4,775247348146619E-05
популярность 2,659260036932778 0,0019867463854559416
поработать 4,605170185988092 0,0017202727627897243
портал 0 0
портсмут 3,912023005428146 0,0029226918232559927
португальский 0,49429632181478017 0,00018464561890727687
поскольку 2,5257286443082556 0,0009434922093045408
последний 0 0
посмотреть 0 0
постепенный 3,506557897319982 0,0013098834132685775
постройка 3,912023005428146 0,0014613459116279964
потребоваться 3,506557897319982 0,0013098834132685775
потрошение 4,605170185988092 0,0034405455255794486
потрошитель 4,605170185988092 0,0034405455255794486
правило 1,4696759700589417 0,0005490011094728957
правительство 1,5606477482646683 0,0011659676864136483
править 0 0
правка 0 0
право 0,843970070294529 0,0012610684651393784
праздник 1,4271163556401458 0,001066205719566788
предлагать 0 0
предлагаться 3,506557897319982 0,0013098834132685775
предоставлять 3,506557897319982 0,0013098834132685775
предпочесть 4,605170185988092 0,0017202727627897243
председатель 2,659260036932778 0,0009933731927279708
представлять 1,6607312068216509 0,0006203702677705084
прежде 2,659260036932778 0,0009933731927279708
премьер 2,0402208285265546 0,002286388675972979
препятствие 4,605170185988092 0,0017202727627897243
преступник 3,912023005428146 0,0014613459116279964
преступность 3,506557897319982 0,002619766826537155
принимать 2,302585092994046 0,0008601363813948622
принц 3,2188758248682006 0,0012024190604662684
природа 1,07880966137193 0,0012089760867074301
пристлеть 4,605170185988092 0,0034405455255794486
притязание 3,912023005428146 0,0029226918232559927
приходиться 2,659260036932778 0,0009933731927279708
пробыть 3,506557897319982 0,0013098834132685775
провал 4,605170185988092 0,0017202727627897243
проведение 2,8134107167600364 0,0010509565621068496
проверить 1,9661128563728327 0,0014688926831324862
продюсер 3,506557897319982 0,003929650239805732
проект 0 0
производитель 2,8134107167600364 0,0010509565621068496
пролив 3,506557897319982 0,003929650239805732
промышленный 2,5257286443082556 0,0009434922093045408
проституция 3,506557897319982 0,002619766826537155
процесс 1,8325814637483102 0,000684565358142813
пуританин 4,605170185988092 0,0034405455255794486
путь 2,120263536200091 0,0007920297109451219
пух 3,912023005428146 0,0029226918232559927
пьеса 3,506557897319982 0,0013098834132685775
пэр 4,605170185988092 0,008601363813948621
работа 0,9942522733438669 0,0003714054065535551
работать 1,7147984280919266 0,0006405672125857029
радиоведущий 4,605170185988092 0,0017202727627897243
разный 2,0402208285265546 0,0007621295586576596
разработчик 0 0
расти 3,912023005428146 0,0014613459116279964
революция 2,120263536200091 0,0015840594218902437
рединг 3,912023005428146 0,0029226918232559927
резерфорд 4,605170185988092 0,0034405455255794486
результат 1,4696759700589417 0,0005490011094728957
рейтинг 3,2188758248682006 0,0012024190604662684
река 1,1086626245216111 0,0008282873548910057
религия 0,083381608939051 0,00015573703574720023
римский 2,407945608651872 0,0017989881274948613
рис 3,912023005428146 0,0029226918232559927
рич 3,912023005428146 0,0029226918232559927
ричард 2,659260036932778 0,0019867463854559416
роберта 2,207274913189721 0,003298132107866599
робинсон 3,506557897319982 0,002619766826537155
родиться 0,8915981192837835 0,0016652934614938056
роза 2,8134107167600364 0,002101913124213699
рок 2,995732273553991 0,007833442627896129
роль 2,120263536200091 0,0007920297109451219
роман 1,4696759700589417 0,0005490011094728957
рональд 4,605170185988092 0,0034405455255794486
рувик 3,912023005428146 0,0014613459116279964
руперт 3,912023005428146 0,0029226918232559927
русский 0 0
руэла 4,605170185988092 0,0034405455255794486
рыболов 4,605170185988092 0,0017202727627897243
рыцарь 3,2188758248682006 0,0012024190604662684
рэй 2,995732273553991 0,0022381264651131797
саакян 3,912023005428146 0,0029226918232559927
саймон 4,605170185988092 0,0034405455255794486
салливан 4,605170185988092 0,0034405455255794486
самый 0,5447271754416719 0,0006104525686682913
сандерленд 3,912023005428146 0,0029226918232559927
сановник 4,605170185988092 0,0017202727627897243
саутгемптон 3,912023005428146 0,0029226918232559927
сборная 2,120263536200091 0,0007920297109451219
св 3,506557897319982 0,002619766826537155
сведение 0 0
свежий 0 0
свободный 0 0
связать 0 0
святой 1,4696759700589417 0,0016470033284186872
священник 2,8134107167600364 0,003152869686320549
сделать 2,120263536200091 0,0007920297109451219
северн 4,605170185988092 0,0034405455255794486
северный 1,1086626245216111 0,0037272930970095254
седьмой 3,506557897319982 0,0013098834132685775
сей 2,995732273553991 0,0011190632325565899
селларс 4,605170185988092 0,0034405455255794486
сентябрь 0 0
сепаратизм 3,2188758248682006 0,002404838120932537
сербский 1,7147984280919266 0,0006405672125857029
сердце 2,8134107167600364 0,002101913124213699
середина 2,120263536200091 0,0007920297109451219
сидней 2,995732273553991 0,0022381264651131797
сила 0,9416085398584451 0,0014069608365460517
символ 0,9416085398584451 0,0007034804182730258
симмонс 4,605170185988092 0,0034405455255794486
симонс 4,605170185988092 0,0034405455255794486
система 0 0
сказка 2,995732273553991 0,0011190632325565899
скандинавский 4,605170185988092 0,0017202727627897243
скидка 4,605170185988092 0,0017202727627897243
скотт 3,2188758248682006 0,004809676241865074
слава 2,302585092994046 0,0008601363813948622
следовать 1,4271163556401458 0,000533102859783394
слово 1,5606477482646683 0,0005829838432068242
служить 2,0402208285265546 0,0007621295586576596
случай 0 0
случайный 0 0
смотреть 0 0
снискать 4,605170185988092 0,0017202727627897243
снять 2,302585092994046 0,0008601363813948622
собрание 1,9661128563728327 0,0029377853662649724
событие 0 0
совет 2,302585092994046 0,0008601363813948622
советско 2,995732273553991 0,0011190632325565899
современный 1,0216512475319812 0,0003816403614239751
содержание 0,1392620673335076 5,2021691196678224E-05
соединение 3,912023005428146 0,0058453836465119854
создание 0,8675005677047231 0,0006481139840901929
создать 0 0
солнечный 2,995732273553991 0,0011190632325565899
сольный 3,912023005428146 0,0029226918232559927
сообщество 0 0
соответствие 2,302585092994046 0,0017202727627897243
соответствовать 2,5257286443082556 0,0018869844186090816
состав 1,0498221244986776 0,0007843273249896732
состязание 3,912023005428146 0,0014613459116279964
сотня 2,659260036932778 0,0009933731927279708
сотрудничество 2,995732273553991 0,0022381264651131797
сохранение 0 0
спад 4,605170185988092 0,0017202727627897243
список 0 0
спорт 0,083381608939051 0,00015573703574720023
спортивный 2,302585092994046 0,0034405455255794486
спортсмен 2,207274913189721 0,0016490660539332995
ссср 1,4271163556401458 0,000533102859783394
ссылаться 0 0
ссылка 0 0
стабильный 1,4271163556401458 0,001066205719566788
станция 2,302585092994046 0,0034405455255794486
статистик 0 0
статистика 4,605170185988092 0,0017202727627897243
стать 0,4620354595965586 0,0005177834810570325
статья 0 0
степс 4,605170185988092 0,005160818288369173
стерлинг 3,506557897319982 0,002619766826537155
стерлингшир 4,605170185988092 0,005160818288369173
стивенсон 4,605170185988092 0,0034405455255794486
стиль 2,0402208285265546 0,0015242591173153192
стоволд 4,605170185988092 0,0034405455255794486
столетний 3,506557897319982 0,002619766826537155
стотт 4,605170185988092 0,0034405455255794486
страна 0,43078291609245434 0,0011264401989716773
страница 0 0
стюарт 3,2188758248682006 0,002404838120932537
судья 2,995732273553991 0,0011190632325565899
суинфорд 4,605170185988092 0,0034405455255794486
суонси 3,912023005428146 0,0029226918232559927
существовать 1,4271163556401458 0,000533102859783394
сценарист 4,605170185988092 0,0017202727627897243
сыграть 3,2188758248682006 0,0012024190604662684
сьюэлла 3,912023005428146 0,0029226918232559927
сэйла 4,605170185988092 0,0034405455255794486
сюд 0 0
тавариш 3,912023005428146 0,0029226918232559927
тайна 3,506557897319982 0,002619766826537155
тарра 4,605170185988092 0,005160818288369173
таун 3,912023005428146 0,0029226918232559927
творческий 3,2188758248682006 0,0012024190604662684
театр 1,9661128563728327 0,0029377853662649724
текст 0 0
тело 2,120263536200091 0,0007920297109451219
тема 0,7550225842780328 0,000282040561926796
темза 4,605170185988092 0,0034405455255794486
теодор 3,912023005428146 0,0029226918232559927
теркс 4,605170185988092 0,0034405455255794486
терминология 3,2188758248682006 0,0012024190604662684
терри 3,2188758248682006 0,002404838120932537
терять 3,912023005428146 0,0014613459116279964
техника 0,06187540371808745 9,245484306027263E-05
течь 0 0
теять 4,605170185988092 0,0034405455255794486
ти 3,2188758248682006 0,002404838120932537
тим 3,912023005428146 0,0029226918232559927
тинмут 4,605170185988092 0,0034405455255794486
толкин 4,605170185988092 0,0034405455255794486
томас 2,407945608651872 0,0035979762549897226
тренер 2,8134107167600364 0,0010509565621068496
трон 3,2188758248682006 0,0036072571813988057
тхэквондист 4,605170185988092 0,0034405455255794486
тхэквондо 3,912023005428146 0,004384037734883989
тьюринг 4,605170185988092 0,0034405455255794486
тэтчер 4,605170185988092 0,0034405455255794486
тюдор 4,605170185988092 0,0034405455255794486
уайльда 4,605170185988092 0,0034405455255794486
убийство 3,2188758248682006 0,002404838120932537
убирать 4,605170185988092 0,0017202727627897243
уильям 2,302585092994046 0,010321636576738347
уинстон 3,912023005428146 0,0029226918232559927
указатель 0 0
украинский 1,07880966137193 0,0004029920289024767
умер 2,659260036932778 0,0009933731927279708
унция 4,605170185988092 0,0017202727627897243
уорик 4,605170185988092 0,0034405455255794486
уорксоп 4,605170185988092 0,0034405455255794486
управление 2,302585092994046 0,0017202727627897243
уран 3,912023005428146 0,0029226918232559927
уровень 2,0402208285265546 0,0007621295586576596
условие 0 0
успех 2,8134107167600364 0,0010509565621068496
успешный 2,120263536200091 0,0007920297109451219
устояться 4,605170185988092 0,0017202727627897243
устройство 1,3470736479666094 0,0015096081224877955
участие 0 0
участник 0 0
участница 1,7147984280919266 0,0025622688503428117
участок 2,5257286443082556 0,0018869844186090816
уэббер 4,605170185988092 0,0034405455255794486
уэйн 3,912023005428146 0,0029226918232559927
уэллс 4,605170185988092 0,0034405455255794486
уэльс 3,2188758248682006 0,010821771544196416
файл 1,5141277326297755 0,0011312123516098436
фарадя 4,605170185988092 0,0034405455255794486
фарль 4,605170185988092 0,0034405455255794486
февраль 0 0
фехтовальщик 4,605170185988092 0,0034405455255794486
физический 2,120263536200091 0,0007920297109451219
философ 2,5257286443082556 0,0018869844186090816
философия 0,09431067947124142 7,045997719181279E-05
филфолд 4,605170185988092 0,0034405455255794486
фильм 1,6094379124341003 0,0012024190604662684
финансовый 2,995732273553991 0,0011190632325565899
фицджеральд 3,912023005428146 0,0058453836465119854
фон 1,9661128563728327 0,0014688926831324862
форум 0 0
франк 2,995732273553991 0,0022381264651131797
французский 0,23572233352106994 0,0002641639897509189
фредди 4,605170185988092 0,0034405455255794486
фредерика 2,995732273553991 0,0044762529302263595
фридрих 2,995732273553991 0,0022381264651131797
фронтмен 4,605170185988092 0,005160818288369173
фрэнсис 3,506557897319982 0,002619766826537155
фунт 2,995732273553991 0,0044762529302263595
футбол 1,7719568419318754 0,0006619188800642045
футболист 1,8971199848858813 0,002834695532141773
фэйлзуорт 4,605170185988092 0,0034405455255794486
характер 2,5257286443082556 0,0009434922093045408
хартия 4,605170185988092 0,0034405455255794486
хау 4,605170185988092 0,0034405455255794486
хеви 4,605170185988092 0,0034405455255794486
хейза 3,506557897319982 0,002619766826537155
херфорд 4,605170185988092 0,0034405455255794486
хилла 3,912023005428146 0,004384037734883989
хит 3,912023005428146 0,0014613459116279964
хичкок 4,605170185988092 0,0034405455255794486
холмс 3,506557897319982 0,002619766826537155
холст 3,912023005428146 0,0029226918232559927
хопкинс 4,605170185988092 0,0034405455255794486
хороший 0,7985076962177716 0,000596569067028593
хоу 3,912023005428146 0,0029226918232559927
художник 1,9661128563728327 0,0022033390246987295
хх 1,2729656758128876 0,0009510389808090308
хэви 4,605170185988092 0,0034405455255794486
церковь 1,4271163556401458 0,002132411439133576
чарльз 3,2188758248682006 0,004809676241865074
частичный 2,659260036932778 0,0009933731927279708
частность 2,659260036932778 0,0009933731927279708
часть 0,5978370007556204 0,00022332349673351529
чемпионат 1,4696759700589417 0,0016470033284186872
черчилль 3,912023005428146 0,0029226918232559927
четвертование 4,605170185988092 0,0034405455255794486
чешский 1,3862943611198906 0,0005178537023234556
читать 0 0
шаблон 0 0
шамансемный 2,8134107167600364 0,004203826248427398
шамоли 3,912023005428146 0,0029226918232559927
шекспир 4,605170185988092 0,0034405455255794486
шиллинг 4,605170185988092 0,0034405455255794486
широкий 2,207274913189721 0,0016490660539332995
широчайший 4,605170185988092 0,0017202727627897243
шон 3,506557897319982 0,00523953365307431
шотландия 3,506557897319982 0,026197668265371548
шотландский 3,506557897319982 0,009169183892880042
шрапнель 4,605170185988092 0,0034405455255794486
эван 4,605170185988092 0,0034405455255794486
эдинбург 4,605170185988092 0,0034405455255794486
эдуарда 2,995732273553991 0,007833442627896129
эколог 4,605170185988092 0,0017202727627897243
экономика 0,7550225842780328 0,001974283933487572
экспериментировать 4,605170185988092 0,0017202727627897243
эксперт 4,605170185988092 0,0017202727627897243
эктон 4,605170185988092 0,0034405455255794486
электростанция 3,506557897319982 0,002619766826537155
элемент 0,19845093872383823 0,00014826368227406668
элиза 3,912023005428146 0,0029226918232559927
элтон 4,605170185988092 0,0034405455255794486
эми 3,506557897319982 0,002619766826537155
эмма 2,995732273553991 0,0022381264651131797
энджел 3,912023005428146 0,0029226918232559927
эндрю 3,912023005428146 0,0058453836465119854
энергетический 3,912023005428146 0,0029226918232559927
энтони 3,912023005428146 0,0058453836465119854
энциклопедия 0 0
энцо 2,8134107167600364 0,002101913124213699
эпоха 2,120263536200091 0,0015840594218902437
эрик 3,506557897319982 0,002619766826537155
эрнест 2,995732273553991 0,0022381264651131797
юридический 3,506557897319982 0,0013098834132685775
юрист 2,5257286443082556 0,0009434922093045408
являться 0,3424903089467759 0,000127938105695471
язык 0 0
яков 2,8134107167600364 0,002101913124213699
японский 1,4696759700589417 0,0005490011094728957
