август 0 0
ага 3,912023005428146 0,007112769100778447
административный 0,7133498878774648 0,0012969997961408452
акакус 4,605170185988092 0,0041865183508982655
алжир 3,506557897319982 0,3729702490785799
алжирец 4,605170185988092 0,008373036701796531
алжиро 4,605170185988092 0,008373036701796531
алжирский 4,605170185988092 0,020932591754491324
али 2,407945608651872 0,004378082924821585
алфавит 0 0
аль 2,207274913189721 0,004013227114890402
антиправительственный 4,605170185988092 0,0041865183508982655
апрель 0 0
араб 2,8134107167600364 0,005115292212290975
арабский 0,38566248081198473 0,0014024090211344899
арест 3,2188758248682006 0,0029262507498801823
ариобарзан 4,605170185988092 0,008373036701796531
армия 1,7719568419318754 0,004832609568905115
архив 0,3011050927839216 0,0010949276101233512
африка 1,5606477482646683 0,007093853401203038
африканский 2,120263536200091 0,00578253691690934
афро 4,605170185988092 0,008373036701796531
ахмед 3,2188758248682006 0,01170500299952073
баг 4,605170185988092 0,008373036701796531
баз 2,5257286443082556 0,004592233898742283
башир 4,605170185988092 0,008373036701796531
безвозвратный 4,605170185988092 0,0041865183508982655
белла 3,912023005428146 0,01778192275194612
бен 2,407945608651872 0,010945207312053963
битие 4,605170185988092 0,008373036701796531
больший 1,8325814637483102 0,0033319662977242003
большой 1,1086626245216111 0,002015750226402929
брекар 4,605170185988092 0,008373036701796531
буарак 4,605170185988092 0,008373036701796531
валюта 1,5141277326297755 0,0013764797569361595
васильев 2,995732273553991 0,005446785951916347
величина 2,659260036932778 0,0024175091244843434
версия 0 0
викиновость 1,0216512475319812 0,0009287738613927102
википедия 0 0
викисклад 0,5798184952529422 0,0005271077229572201
викитек 1,1394342831883648 0,001035849348353059
викицитатник 0,9675840262617057 0,0008796218420560961
вклад 0 0
власть 1,4696759700589417 0,002672138127379894
внука 3,506557897319982 0,019126679439927175
вод 1,8971199848858813 0,0017246545317144376
воевать 2,995732273553991 0,0027233929759581735
военачальник 2,407945608651872 0,004378082924821585
военный 1,0498221244986776 0,0028631512486327576
война 0,7133498878774648 0,004539499286492958
войско 1,7719568419318754 0,001610869856301705
вооружить 3,912023005428146 0,0035563845503892235
восток 0,7985076962177716 0,0021777482624121044
вплоть 2,659260036932778 0,0024175091244843434
вскор 2,995732273553991 0,0027233929759581735
встретить 2,995732273553991 0,0027233929759581735
второй 1,2378743560016172 0,0022506806472756677
вывести 2,995732273553991 0,0027233929759581735
вынудить 2,302585092994046 0,0020932591754491327
гала 4,605170185988092 0,008373036701796531
гасдрубать 4,605170185988092 0,008373036701796531
географический 2,302585092994046 0,0041865183508982655
география 0,083381608939051 0,00030320585068745816
герб 0,7133498878774648 0,0012969997961408452
год 0,6348782724359695 0,0005771620658508814
город 0,3424903089467759 0,00031135482631525083
государственный 0,7765287894989963 0,0014118705263618115
государство 0,6733445532637655 0,0006121314120579686
граничить 1,1394342831883648 0,001035849348353059
группа 1,4696759700589417 0,002672138127379894
далья 0,3566749439387324 0,0006484998980704226
данный 0,1508228897345837 0,0004113351538215919
два 0 0
дважда 2,302585092994046 0,0020932591754491327
декабрь 0 0
деление 0,9675840262617057 0,0017592436841121922
джазаир 4,605170185988092 0,0041865183508982655
динар 3,506557897319982 0,012751119626618115
доброволец 3,506557897319982 0,0031877799066545288
договоренность 4,605170185988092 0,0041865183508982655
доля 3,506557897319982 0,0031877799066545288
домашний 2,302585092994046 0,0020932591754491327
достичь 2,659260036932778 0,0024175091244843434
европейский 1,1086626245216111 0,0010078751132014646
египет 2,302585092994046 0,0041865183508982655
египетский 2,659260036932778 0,004835018248968687
жертва 2,407945608651872 0,0021890414624107925
жизнь 1,5606477482646683 0,0014187706802406075
житель 1,7147984280919266 0,0015589076619017515
журнал 0 0
завершиться 2,8134107167600364 0,0025576461061454876
заниматься 0 0
запад 0,9162907318741551 0,0024989747232931504
западный 0,9942522733438669 0,0027115971091196374
записаться 4,605170185988092 0,008373036701796531
запрос 0,1165338162559516 0,000211879665919912
зидана 4,605170185988092 0,008373036701796531
зинедин 4,605170185988092 0,008373036701796531
знаете 0,06187540371808745 0,00011250073403288628
знак 0 0
игорь 2,5257286443082556 0,004592233898742283
играть 2,120263536200091 0,0019275123056364464
избранный 0,083381608939051 0,00030320585068745816
избрать 0 0
изгнание 3,2188758248682006 0,0029262507498801823
изменение 0 0
изображение 0,06187540371808745 0,00022500146806577257
искать 0 0
искусство 0,083381608939051 0,00015160292534372908
испанский 0,49429632181478017 0,00044936029255889106
исполнять 2,995732273553991 0,0027233929759581735
использование 0 0
история 0 0
источник 0 0
итальянский 0,7339691750802005 0,0006672447046183641
итой 4,605170185988092 0,0041865183508982655
июль 0,9162907318741551 0,0008329915744310501
июнь 0 0
кабилия 4,605170185988092 0,008373036701796531
камарад 3,2188758248682006 0,005852501499760365
карта 1,7147984280919266 0,02182470726662452
категория 0 0
кебир 3,506557897319982 0,0063755598133090575
кишлак 4,605170185988092 0,0041865183508982655
клуб 1,7719568419318754 0,00322173971260341
км 0,8209805520698303 0,0007463459564271185
книга 0 0
код 0 0
колебаться 4,605170185988092 0,0041865183508982655
коллекция 2,120263536200091 0,0019275123056364464
колонист 4,605170185988092 0,0041865183508982655
команда 2,207274913189721 0,002006613557445201
континент 2,5257286443082556 0,0022961169493711416
королевство 1,6094379124341003 0,0029262507498801823
крупный 1,4271163556401458 0,0012973785051274053
культура 0,3566749439387324 0,0006484998980704226
ливия 3,506557897319982 0,012751119626618115
личность 0,127833371509885 0,00011621215591807727
лучший 0 0
мавретание 4,605170185988092 0,008373036701796531
мавритания 3,506557897319982 0,012751119626618115
магний 4,605170185988092 0,0041865183508982655
май 0 0
мали 3,2188758248682006 0,0029262507498801823
марокко 3,506557897319982 0,012751119626618115
маронитский 3,912023005428146 0,007112769100778447
марсельский 4,605170185988092 0,0041865183508982655
март 0 0
марта 0,3566749439387324 0,0003242499490352113
массив 4,605170185988092 0,008373036701796531
массинисса 4,605170185988092 0,008373036701796531
материал 0 0
медиафайл 1,6094379124341003 0,0014631253749400911
мерс 3,506557897319982 0,0063755598133090575
местный 1,8971199848858813 0,0017246545317144376
место 0 0
миллион 2,659260036932778 0,004835018248968687
мирный 2,8134107167600364 0,0025576461061454876
миро 0 0
мировой 1,2039728043259361 0,002189041462410793
мнение 2,995732273553991 0,0027233929759581735
мобильный 0 0
мой 0 0
мол 4,605170185988092 0,008373036701796531
море 1,1394342831883648 0,001035849348353059
морской 1,6607312068216509 0,0015097556425651372
моча 0,16251892949777494 0,00014774448136161357
мочь 0,8209805520698303 0,0007463459564271185
мятеж 3,506557897319982 0,0031877799066545288
н 1,4696759700589417 0,002672138127379894
навигация 0 0
нажать 0 0
название 0 0
найти 0 0
население 0,5108256237659907 0,0027863215841781312
наука 0,05129329438755048 0,00018652107050018356
находиться 0 0
национальный 0,7550225842780328 0,0006863841675254844
начать 0,38566248081198473 0,005259033829254337
начаться 2,207274913189721 0,002006613557445201
начинать 0,1508228897345837 0,0004113351538215919
независимость 1,5141277326297755 0,008258878541616959
некоммерческий 0 0
немецкий 0,5108256237659907 0,0004643869306963552
несмотря 2,302585092994046 0,0020932591754491327
нечитаемый 1,5606477482646683 0,004256312040721823
нигер 2,8134107167600364 0,0025576461061454876
новость 1,4271163556401458 0,0012973785051274053
новый 0 0
ноябрь 0 0
оазис 3,912023005428146 0,007112769100778447
обретение 3,506557897319982 0,0063755598133090575
обсуждение 0 0
общество 0,07257069283483537 0,00026389342849031047
обязанность 2,995732273553991 0,0027233929759581735
обязательный 0 0
огонь 2,302585092994046 0,0020932591754491327
окончание 2,659260036932778 0,0024175091244843434
октябрь 0 0
олимпик 3,912023005428146 0,007112769100778447
омываться 2,302585092994046 0,0020932591754491327
описание 0 0
организация 0 0
оригинальный 2,0402208285265546 0,0018547462077514133
освободить 3,2188758248682006 0,0029262507498801823
освобождение 2,659260036932778 0,0024175091244843434
основать 1,2729656758128876 0,0011572415234662615
основной 0 0
остров 1,2039728043259361 0,0010945207312053964
ответственность 0 0
отдельный 0 0
отказ 0 0
отношение 1,4696759700589417 0,002672138127379894
отряд 2,5257286443082556 0,0022961169493711416
отсидеть 4,605170185988092 0,0041865183508982655
отслужить 4,605170185988092 0,0041865183508982655
отсутствовать 0,05129329438755048 0,00027978160575027535
оценивание 0,1508228897345837 0,00027422343588106126
оценка 2,302585092994046 0,0020932591754491327
партизанский 3,912023005428146 0,0035563845503892235
первый 0 0
переворот 2,5257286443082556 0,0022961169493711416
переговорный 4,605170185988092 0,0041865183508982655
передача 3,2188758248682006 0,0029262507498801823
перейти 0 0
период 1,3093333199837622 0,0011903030181670566
персоналия 0,07257069283483537 0,00032986678561288806
печать 0 0
пн 0,127833371509885 0,0005810607795903863
победа 1,8971199848858813 0,0017246545317144376
победить 2,5257286443082556 0,0022961169493711416
подписание 3,506557897319982 0,0031877799066545288
подпольный 4,605170185988092 0,0041865183508982655
подробный 0 0
поиск 0 0
покинуть 2,8134107167600364 0,005115292212290975
политик 0 0
политический 1,2039728043259361 0,0010945207312053964
полный 1,6094379124341003 0,0014631253749400911
получить 0 0
получиться 4,605170185988092 0,0041865183508982655
пользоваться 1,9661128563728327 0,0017873753239753024
помочь 0,127833371509885 0,00023242431183615454
помощь 0,127833371509885 0,00011621215591807727
популярность 2,659260036932778 0,0024175091244843434
поровна 4,605170185988092 0,0041865183508982655
портал 0 0
португальский 0,49429632181478017 0,00044936029255889106
посадить 4,605170185988092 0,0041865183508982655
последний 0 0
посмотреть 0 0
поставить 2,302585092994046 0,0020932591754491327
потенциальный 1,5141277326297755 0,004129439270808479
потеря 2,8134107167600364 0,0025576461061454876
пояс 2,120263536200091 0,0019275123056364464
правительство 1,5606477482646683 0,0014187706802406075
править 0 0
правка 0 0
право 0,843970070294529 0,0023017365553487158
правый 2,995732273553991 0,0027233929759581735
предлагать 0 0
председатель 2,659260036932778 0,0024175091244843434
президент 1,3093333199837622 0,002380606036334113
прекращение 4,605170185988092 0,0041865183508982655
пресечение 4,605170185988092 0,0041865183508982655
привести 2,5257286443082556 0,0022961169493711416
признать 1,7147984280919266 0,0015589076619017515
примерно 2,407945608651872 0,0021890414624107925
природа 1,07880966137193 0,0019614721115853275
присутствие 3,2188758248682006 0,0029262507498801823
проголосовать 3,912023005428146 0,0035563845503892235
проект 0 0
прожить 3,2188758248682006 0,0029262507498801823
произошеть 3,912023005428146 0,0035563845503892235
протяжение 2,302585092994046 0,0020932591754491327
процесс 1,8325814637483102 0,0033319662977242003
разделиться 4,605170185988092 0,0041865183508982655
разный 2,0402208285265546 0,0018547462077514133
разработчик 0 0
разрешить 3,912023005428146 0,0035563845503892235
ранея 2,5257286443082556 0,0022961169493711416
расположить 0,9162907318741551 0,0008329915744310501
регулярный 2,5257286443082556 0,0022961169493711416
религия 0,083381608939051 0,00015160292534372908
референдум 2,659260036932778 0,004835018248968687
римлянин 3,912023005428146 0,007112769100778447
родина 1,6094379124341003 0,0014631253749400911
родиться 0,8915981192837835 0,0016210874896068791
родственный 0,21072103131565253 0,000383129147846641
русский 0 0
самоопределение 4,605170185988092 0,012559555052694796
самый 0,5447271754416719 0,0004952065231287927
сахар 3,506557897319982 0,012751119626618115
сбежать 4,605170185988092 0,0041865183508982655
сборная 2,120263536200091 0,003855024611272893
сборный 2,659260036932778 0,0024175091244843434
сведение 0 0
свежий 0 0
свободный 0 0
связать 0 0
север 1,0216512475319812 0,0009287738613927102
северный 1,1086626245216111 0,0010078751132014646
сентябрь 0 0
сепаратизм 3,2188758248682006 0,005852501499760365
сербский 1,7147984280919266 0,0015589076619017515
сила 0,9416085398584451 0,004280038817538387
символ 0,9416085398584451 0,0017120155270153546
синий 4,605170185988092 0,008373036701796531
система 0 0
сифакс 4,605170185988092 0,008373036701796531
случай 0 0
случайный 0 0
смотреть 0 0
событие 0 0
совет 2,302585092994046 0,0020932591754491327
соглашение 2,5257286443082556 0,0022961169493711416
содержание 0,1392620673335076 0,00012660187939409783
создание 0,8675005677047231 0,0007886368797315665
создать 0 0
сообщество 0 0
соответствие 2,302585092994046 0,0020932591754491327
состав 1,0498221244986776 0,0019087674990885047
составить 2,407945608651872 0,004378082924821585
составлять 1,6094379124341003 0,0014631253749400911
сохранение 0 0
союз 1,4696759700589417 0,001336069063689947
список 0 0
спорт 0,083381608939051 0,00015160292534372908
средиземный 2,659260036932778 0,0024175091244843434
ссылаться 0 0
ссылка 0 0
старейшина 4,605170185988092 0,0041865183508982655
статистик 0 0
стать 0,4620354595965586 0,0004200322359968715
статья 0 0
столица 0,7985076962177716 0,0007259160874707014
сторона 1,7719568419318754 0,001610869856301705
страна 0,43078291609245434 0,00039162083281132215
страница 0 0
схватить 4,605170185988092 0,0041865183508982655
счёт 2,995732273553991 0,0027233929759581735
сюд 0 0
тадрарт 4,605170185988092 0,008373036701796531
текст 0 0
территория 0,8675005677047231 0,0007886368797315665
техника 0,06187540371808745 0,00022500146806577257
течь 0 0
тихея 4,605170185988092 0,008373036701796531
транспорт 0,9162907318741551 0,0016659831488621002
туат 4,605170185988092 0,008373036701796531
тунис 3,912023005428146 0,014225538201556894
тушканчик 4,605170185988092 0,008373036701796531
тыс 1,6607312068216509 0,0030195112851302743
тюрьма 2,8134107167600364 0,0025576461061454876
указатель 0 0
украинский 1,07880966137193 0,0009807360557926637
условие 0 0
устраиваться 4,605170185988092 0,0041865183508982655
участие 0 0
участник 0 0
февраль 0 0
философия 0,09431067947124142 0,00017147396267498438
флаг 0,8675005677047231 0,001577273759463133
фно 4,605170185988092 0,0041865183508982655
форум 0 0
фото 2,5257286443082556 0,0022961169493711416
фр 2,407945608651872 0,0021890414624107925
франций 1,7147984280919266 0,003117815323803503
франция 1,3093333199837622 0,0035709090545011702
француз 2,8134107167600364 0,0025576461061454876
французский 0,23572233352106994 0,0019286372742632998
фрг 3,912023005428146 0,007112769100778447
фронт 2,120263536200091 0,0019275123056364464
футбол 1,7719568419318754 0,00322173971260341
футболист 1,8971199848858813 0,0017246545317144376
футбольный 1,9661128563728327 0,003574750647950605
хадашт 3,2188758248682006 0,03511500899856219
хадж 3,912023005428146 0,007112769100778447
ход 1,6607312068216509 0,0015097556425651372
хранилище 2,302585092994046 0,0020932591754491327
хроник 3,2188758248682006 0,005852501499760365
царь 2,120263536200091 0,003855024611272893
цель 1,7719568419318754 0,00322173971260341
цитата 1,4271163556401458 0,0012973785051274053
часовой 2,407945608651872 0,0021890414624107925
часть 0,5978370007556204 0,0005434881825051095
че 2,407945608651872 0,004378082924821585
чел 2,0402208285265546 0,0018547462077514133
чемпионат 1,4696759700589417 0,001336069063689947
черный 3,506557897319982 0,0031877799066545288
число 1,3470736479666094 0,0024492248144847443
читать 0 0
шаблон 0 0
шарль 3,2188758248682006 0,005852501499760365
швейцария 2,995732273553991 0,0027233929759581735
штык 4,605170185988092 0,0041865183508982655
экономика 0,7550225842780328 0,0027455366701019377
элемент 0,19845093872383823 0,0003608198885887968
эль 2,407945608651872 0,004378082924821585
эмиль 2,995732273553991 0,005446785951916347
энциклопедия 0 0
юго 1,171182981502945 0,0031941354040989412
явиться 3,506557897319982 0,0031877799066545288
явка 3,912023005428146 0,0035563845503892235
являться 0,3424903089467759 0,00031135482631525083
язык 0 0
январь 0,6733445532637655 0,003060657060289843
