абель 3,912023005428146 0,005047771619907285
август 0 0
австралиец 4,605170185988092 0,002971077539347156
австралийский 3,506557897319982 0,02940984042913533
австралия 2,5257286443082556 0,293310423209991
автоматически 3,912023005428146 0,0025238858099536424
автор 1,7147984280919266 0,0011063215665109204
аделаида 4,605170185988092 0,008913232618041469
административный 0,7133498878774648 0,0027613544046869603
администратор 4,605170185988092 0,005942155078694312
аднан 3,506557897319982 0,0045245908352515895
адрияна 4,605170185988092 0,005942155078694312
алфавит 0 0
алюминий 4,605170185988092 0,002971077539347156
аналогичный 2,995732273553991 0,001932730499067091
англ 1,0498221244986776 0,0013546091929015195
английский 0,37106368139083196 0,003351542928691386
англо 2,995732273553991 0,001932730499067091
андрей 1,2039728043259361 0,0031070265918088672
анодировать 4,605170185988092 0,002971077539347156
антарктика 2,659260036932778 0,003431303273461649
апрель 0 0
арабский 0,38566248081198473 0,00024881450374966756
армянский 1,8325814637483102 0,0011823106217731033
архив 0,3011050927839216 0,0019426135018317523
барон 3,506557897319982 0,0045245908352515895
баррель 4,605170185988092 0,002971077539347156
баррой 3,912023005428146 0,0025238858099536424
безгражданство 2,659260036932778 0,003431303273461649
бернхард 4,605170185988092 0,005942155078694312
би 4,605170185988092 0,002971077539347156
биллитон 4,605170185988092 0,002971077539347156
бог 2,0402208285265546 0,0013162715022751966
большинство 1,7147984280919266 0,0011063215665109204
большой 1,1086626245216111 0,0007152662093687814
бомбардировка 3,506557897319982 0,0022622954176257947
бондарь 2,207274913189721 0,0028480966621802855
брайль 4,605170185988092 0,005942155078694312
брайс 4,605170185988092 0,005942155078694312
брисбен 4,605170185988092 0,005942155078694312
британский 1,5141277326297755 0,0019537132033932585
бруни 3,912023005428146 0,005047771619907285
важнейший 2,5257286443082556 0,0016295023511666165
вандальный 3,506557897319982 0,0022622954176257947
варианта 2,407945608651872 0,003107026591808867
ведение 2,8134107167600364 0,0018151036882322815
век 0,5108256237659907 0,00032956491855870367
великобритания 1,6607312068216509 0,005357197441360164
венгерский 1,9661128563728327 0,0012684599073373114
версия 0 0
верховенство 4,605170185988092 0,002971077539347156
викиновость 1,0216512475319812 0,0006591298371174072
википедия 0 0
викисклад 0,5798184952529422 0,0007481528971005706
викитек 1,1394342831883648 0,0007351188923795902
викицитатник 0,9675840262617057 0,0006242477588785198
викторий 2,659260036932778 0,006862606546923298
вклад 0 0
внешний 1,3862943611198906 0,0008943834587870262
вносить 2,659260036932778 0,0017156516367308244
войти 2,5257286443082556 0,0016295023511666165
вопрос 2,8134107167600364 0,0018151036882322815
восточный 0,9162907318741551 0,0005911553108865516
впоследствие 2,5257286443082556 0,0016295023511666165
выдаваться 2,407945608651872 0,0015535132959044334
вьетнамский 1,6094379124341003 0,0010383470402800647
га 3,2188758248682006 0,004153388161120259
газ 3,506557897319982 0,0022622954176257947
газа 3,2188758248682006 0,0020766940805601293
галпилить 4,605170185988092 0,005942155078694312
гвинея 3,2188758248682006 0,004153388161120259
генерал 1,8325814637483102 0,0023646212435462065
геноцид 3,2188758248682006 0,0020766940805601293
география 0,083381608939051 0,0001613837592368729
герб 0,7133498878774648 0,0018409029364579736
гимн 1,2378743560016172 0,0015972572335504738
глава 2,120263536200091 0,0013679119588387684
главное 1,7147984280919266 0,0011063215665109204
голубой 3,2188758248682006 0,0020766940805601293
гор 1,5141277326297755 0,0009768566016966293
горе 3,912023005428146 0,0025238858099536424
гореть 3,2188758248682006 0,0020766940805601293
горнодобывающий 3,912023005428146 0,0025238858099536424
горный 1,8971199848858813 0,0012239483773457298
город 0,3424903089467759 0,00022096148964308122
государственный 0,7765287894989963 0,0035069042106406286
государство 0,6733445532637655 0,0008688316816306651
готовый 3,912023005428146 0,0025238858099536424
гражданский 1,5141277326297755 0,0019537132033932585
граница 1,4271163556401458 0,0018414404588905108
графство 2,8134107167600364 0,0018151036882322815
грузинский 1,8325814637483102 0,0011823106217731033
губернатор 2,8134107167600364 0,003630207376464563
далья 0,3566749439387324 0,0004602257341144934
данный 0,1508228897345837 9,730509015134432E-05
дарвин 3,506557897319982 0,0045245908352515895
два 0 0
декабрь 0 0
деление 0,9675840262617057 0,0037454865532711187
демократический 1,9661128563728327 0,002536919814674623
деятельность 2,120263536200091 0,0013679119588387684
дикин 3,912023005428146 0,005047771619907285
добавить 1,0498221244986776 0,0006773045964507598
добавлять 1,7719568419318754 0,0022863959250733878
добыть 3,912023005428146 0,0025238858099536424
добыча 2,8134107167600364 0,0018151036882322815
доллар 2,302585092994046 0,005942155078694312
доминик 2,995732273553991 0,003865460998134182
доминион 4,605170185988092 0,002971077539347156
домонить 4,605170185988092 0,005942155078694312
дональдсон 4,605170185988092 0,005942155078694312
дополнительный 3,912023005428146 0,0025238858099536424
дополнять 2,207274913189721 0,0014240483310901427
дорога 1,5606477482646683 0,0010068695150094635
друг 2,659260036932778 0,0017156516367308244
дэвид 2,407945608651872 0,003107026591808867
дэниел 3,2188758248682006 0,004153388161120259
елизавета 2,995732273553991 0,003865460998134182
жак 2,995732273553991 0,003865460998134182
железный 1,7147984280919266 0,0022126431330218408
живопись 2,659260036932778 0,0017156516367308244
жизл 2,5257286443082556 0,003259004702333233
журнал 0 0
зависимый 3,506557897319982 0,0022622954176257947
законодательство 3,506557897319982 0,0045245908352515895
занести 2,5257286443082556 0,0016295023511666165
занимать 1,4696759700589417 0,0009481780451993172
заниматься 0 0
западный 0,9942522733438669 0,004490171557036819
здание 1,8325814637483102 0,0011823106217731033
здравоохранение 2,207274913189721 0,0028480966621802855
зеленый 4,605170185988092 0,002971077539347156
знаете 0,06187540371808745 7,98392306039838E-05
знак 0 0
знать 3,2188758248682006 0,0020766940805601293
иврит 1,6607312068216509 0,0010714394882720328
избранный 0,083381608939051 0,0001613837592368729
избрать 0 0
известный 0,7765287894989963 0,0005009863158058041
извинить 4,605170185988092 0,005942155078694312
изменение 0 0
изображение 0,06187540371808745 0,00019959807650995952
иметь 0,616186139423817 0,0007950788895791187
иметься 1,4271163556401458 0,0009207202294452554
империя 1,2039728043259361 0,0015535132959044336
инвалидность 2,8134107167600364 0,003630207376464563
индийский 2,407945608651872 0,0015535132959044334
индонезия 3,2188758248682006 0,0020766940805601293
информация 1,5606477482646683 0,0010068695150094635
искать 0 0
исключение 2,659260036932778 0,0017156516367308244
исландия 3,912023005428146 0,007571657429860928
испанский 0,49429632181478017 0,00031890085278372916
использование 0 0
использоваться 1,4696759700589417 0,0009481780451993172
исправлять 2,207274913189721 0,0014240483310901427
история 0 0
источник 0 0
итальянский 0,7339691750802005 0,0004735285000517423
июнь 0 0
к 2,5257286443082556 0,0016295023511666165
каббина 4,605170185988092 0,002971077539347156
канада 2,659260036932778 0,005146954910192473
канберра 4,605170185988092 0,011884310157388623
карта 1,7147984280919266 0,0033189646995327613
картина 2,302585092994046 0,001485538769673578
категория 0 0
катонавал 4,605170185988092 0,005942155078694312
квартира 3,912023005428146 0,0025238858099536424
квентин 4,605170185988092 0,005942155078694312
квинсленд 4,605170185988092 0,011884310157388623
кейлеб 3,912023005428146 0,005047771619907285
кеш 3,506557897319982 0,0022622954176257947
китайский 1,171182981502945 0,0007556019235502872
км 0,8209805520698303 0,0005296648723031164
книга 0 0
кобдный 4,605170185988092 0,005942155078694312
коглан 4,605170185988092 0,005942155078694312
код 0 0
кола 3,912023005428146 0,005047771619907285
коллекция 2,120263536200091 0,0013679119588387684
колония 1,8325814637483102 0,0011823106217731033
компания 2,407945608651872 0,0015535132959044334
конвенция 2,120263536200091 0,005471647835355074
конституционный 2,659260036932778 0,003431303273461649
конституция 1,2729656758128876 0,001642536355887597
континент 2,5257286443082556 0,008147511755833083
кос 3,912023005428146 0,0025238858099536424
космос 3,912023005428146 0,005047771619907285
крайний 2,5257286443082556 0,0016295023511666165
красная 2,207274913189721 0,0014240483310901427
красный 0,7765287894989963 0,0005009863158058041
крупнейший 1,2039728043259361 0,0023302699438566507
крупный 1,4271163556401458 0,0009207202294452554
культура 0,3566749439387324 0,0004602257341144934
купер 4,605170185988092 0,011884310157388623
кэтрин 3,506557897319982 0,0045245908352515895
лаисениа 4,605170185988092 0,005942155078694312
лат 1,8325814637483102 0,0011823106217731033
либеральный 3,2188758248682006 0,004153388161120259
линда 4,605170185988092 0,005942155078694312
личность 0,127833371509885 0,00016494628581920645
лондон 2,120263536200091 0,002735823917677537
лучший 0 0
любовь 3,506557897319982 0,0022622954176257947
любой 2,8134107167600364 0,0018151036882322815
май 0 0
мак 3,912023005428146 0,005047771619907285
малкольм 3,912023005428146 0,005047771619907285
март 0 0
марта 0,3566749439387324 0,0034516930058587007
материал 0 0
материковый 3,506557897319982 0,0045245908352515895
медиафайл 1,6094379124341003 0,0010383470402800647
медь 4,605170185988092 0,002971077539347156
международный 0,9942522733438669 0,0012829061591533766
мелкий 2,659260036932778 0,0017156516367308244
мельбурн 4,605170185988092 0,01485538769673578
меря 3,2188758248682006 0,0020766940805601293
местный 1,8971199848858813 0,0024478967546914597
место 0 0
миллион 2,659260036932778 0,0017156516367308244
министр 2,120263536200091 0,002735823917677537
миро 0 0
мицудзи 4,605170185988092 0,005942155078694312
многое 2,995732273553991 0,001932730499067091
многочисленный 2,659260036932778 0,0017156516367308244
мобильный 0 0
мой 0 0
монархия 2,8134107167600364 0,003630207376464563
морской 1,6607312068216509 0,0010714394882720328
мохамед 3,2188758248682006 0,004153388161120259
моча 0,16251892949777494 0,00010485092225662899
мощность 3,912023005428146 0,0025238858099536424
музей 1,3093333199837622 0,0016894623483661448
навигация 0 0
наградить 3,506557897319982 0,0022622954176257947
нажать 0 0
название 0 0
найти 0 0
написать 0,9942522733438669 0,0006414530795766883
направление 1,8325814637483102 0,0011823106217731033
например 1,9661128563728327 0,002536919814674623
наряд 3,2188758248682006 0,0020766940805601293
население 0,5108256237659907 0,0016478245927935185
наука 0,05129329438755048 6,618489598393611E-05
находиться 0 0
национальный 0,7550225842780328 0,0009742226893910101
начать 0,38566248081198473 0,007464435112490027
небольшой 1,9661128563728327 0,002536919814674623
недоставать 1,07880966137193 0,0006960062331431806
некоммерческий 0 0
немецкий 0,5108256237659907 0,00032956491855870367
необходимо 2,8134107167600364 0,0018151036882322815
нефть 3,912023005428146 0,005047771619907285
нидерланд 2,207274913189721 0,0028480966621802855
николай 1,5141277326297755 0,0019537132033932585
новость 1,4271163556401458 0,0009207202294452554
новый 0 0
норма 3,506557897319982 0,0022622954176257947
норфолк 3,506557897319982 0,0045245908352515895
норфолкский 3,506557897319982 0,011311477088128973
ноябрь 0 0
нужный 2,995732273553991 0,001932730499067091
оборона 2,302585092994046 0,002971077539347156
обоять 4,605170185988092 0,002971077539347156
образование 0,7339691750802005 0,0009470570001034846
образовать 1,6607312068216509 0,0021428789765440656
обсуждение 0 0
общественный 2,302585092994046 0,002971077539347156
общество 0,07257069283483537 9,36396036578521E-05
объединение 2,207274913189721 0,0014240483310901427
обязательный 0 0
один 0,843970070294529 0,0005444968195448574
одноименный 4,605170185988092 0,002971077539347156
океан 1,6607312068216509 0,004285757953088131
океания 2,659260036932778 0,006862606546923298
октябрь 0 0
описание 0 0
оранжевый 4,605170185988092 0,002971077539347156
организация 0 0
орден 1,5141277326297755 0,0019537132033932585
оригинальный 2,0402208285265546 0,0013162715022751966
основать 1,2729656758128876 0,001642536355887597
основной 0 0
основный 1,8325814637483102 0,0011823106217731033
особый 2,207274913189721 0,0014240483310901427
оставаться 2,5257286443082556 0,0016295023511666165
остальной 2,995732273553991 0,001932730499067091
остров 1,2039728043259361 0,0062140531836177345
ответственность 0 0
отдельный 0 0
отказ 0 0
откатывать 3,912023005428146 0,0025238858099536424
отменить 3,912023005428146 0,0025238858099536424
отметить 2,659260036932778 0,0017156516367308244
отношение 1,4696759700589417 0,0009481780451993172
отпатрулировать 2,207274913189721 0,004272144993270428
оценивать 4,605170185988092 0,002971077539347156
оценка 2,302585092994046 0,001485538769673578
очередь 2,995732273553991 0,001932730499067091
очистить 2,995732273553991 0,001932730499067091
ошибка 1,7147984280919266 0,0011063215665109204
пакт 2,659260036932778 0,003431303273461649
панель 3,912023005428146 0,0025238858099536424
папуа 4,605170185988092 0,005942155078694312
параграф 4,605170185988092 0,002971077539347156
паркс 4,605170185988092 0,005942155078694312
парламент 1,4271163556401458 0,0036828809177810217
партия 1,8325814637483102 0,0023646212435462065
первый 0 0
перевести 1,7719568419318754 0,0011431979625366939
перейти 0 0
персоналия 0,07257069283483537 0,0001872792073157042
перт 3,912023005428146 0,007571657429860928
перу 2,995732273553991 0,003865460998134182
печать 0 0
пи 4,605170185988092 0,002971077539347156
писать 2,0402208285265546 0,0013162715022751966
площадь 1,07880966137193 0,0006960062331431806
пн 0,127833371509885 0,0004948388574576194
побережье 1,8971199848858813 0,0012239483773457298
подземный 3,506557897319982 0,0045245908352515895
подкатегория 2,995732273553991 0,003865460998134182
подробный 0 0
пожар 3,2188758248682006 0,004153388161120259
поиск 0 0
показатель 3,912023005428146 0,0025238858099536424
показать 1,2729656758128876 0,001642536355887597
политик 0 0
политический 1,2039728043259361 0,0015535132959044336
получить 0 0
полушарие 3,506557897319982 0,0022622954176257947
польский 1,2729656758128876 0,0008212681779437985
помещаться 4,605170185988092 0,002971077539347156
помочь 0,127833371509885 8,247314290960323E-05
портал 0 0
португальский 0,49429632181478017 0,00031890085278372916
последний 0 0
посмотреть 0 0
правительство 1,5606477482646683 0,002013739030018927
править 0 0
правка 0 0
право 0,843970070294529 0,0038114777368140024
правопорядок 4,605170185988092 0,005942155078694312
предлагать 0 0
предшествовать 3,506557897319982 0,0022622954176257947
премьер 2,0402208285265546 0,0026325430045503933
примечательный 2,0402208285265546 0,0039488145068255895
принадлежать 2,407945608651872 0,0015535132959044334
природа 1,07880966137193 0,0013920124662863613
природный 2,407945608651872 0,0015535132959044334
приход 2,995732273553991 0,001932730499067091
продать 3,2188758248682006 0,0020766940805601293
продолжаться 2,995732273553991 0,001932730499067091
проект 0 0
проживать 2,302585092994046 0,001485538769673578
промышленность 2,659260036932778 0,0017156516367308244
просьба 2,207274913189721 0,0014240483310901427
протокол 2,407945608651872 0,006214053183617734
пятьдесят 3,912023005428146 0,0025238858099536424
развитие 0,9416085398584451 0,0006074893805538355
раздел 0,9675840262617057 0,0012484955177570396
разработчик 0 0
расположить 0,9162907318741551 0,0011823106217731033
регион 0,9942522733438669 0,0006414530795766883
регулярный 2,5257286443082556 0,0016295023511666165
рейнольдс 4,605170185988092 0,005942155078694312
рекорд 2,5257286443082556 0,0016295023511666165
решение 2,407945608651872 0,0015535132959044334
родственный 0,21072103131565253 0,0002718981049234226
руда 3,912023005428146 0,005047771619907285
русский 0 0
ряд 1,6607312068216509 0,0010714394882720328
саед 3,912023005428146 0,005047771619907285
самоуправление 3,912023005428146 0,005047771619907285
самый 0,5447271754416719 0,0003514368873817238
сведение 0 0
свежий 0 0
свободный 0 0
свой 1,4696759700589417 0,0009481780451993172
связать 0 0
северный 1,1086626245216111 0,0028610648374751257
сентябрь 0 0
сервер 3,506557897319982 0,0022622954176257947
сидней 2,995732273553991 0,005798191497201273
сила 0,9416085398584451 0,002429957522215342
символ 0,9416085398584451 0,0018224681416615066
система 0 0
сланцевый 4,605170185988092 0,002971077539347156
следить 3,912023005428146 0,0025238858099536424
следовать 1,4271163556401458 0,0009207202294452554
слепой 3,912023005428146 0,0025238858099536424
слово 1,5606477482646683 0,0010068695150094635
случай 0 0
случайный 0 0
смотреть 0 0
снимок 3,2188758248682006 0,004153388161120259
событие 0 0
содержаться 3,912023005428146 0,0025238858099536424
создавать 2,120263536200091 0,0013679119588387684
создать 0 0
сокращение 2,302585092994046 0,002971077539347156
сообщество 0 0
соответствовать 2,5257286443082556 0,0016295023511666165
состояние 1,7147984280919266 0,0022126431330218408
состоять 1,7719568419318754 0,0034295938876100812
сотня 2,659260036932778 0,0017156516367308244
сохранение 0 0
союз 1,4696759700589417 0,0018963560903986344
список 0 0
ссылаться 0 0
ссылка 0 0
стабильный 1,4271163556401458 0,0009207202294452554
ставить 2,407945608651872 0,0015535132959044334
статистик 0 0
статус 1,4271163556401458 0,0018414404588905108
стать 0,4620354595965586 0,00029808739328810233
статья 0 0
стилистика 2,207274913189721 0,0014240483310901427
столица 0,7985076962177716 0,0010303325112487375
столичный 3,2188758248682006 0,006230082241680388
страна 0,43078291609245434 0,0013896223099756592
страница 0 0
стюарт 3,2188758248682006 0,004153388161120259
судоустройство 4,605170185988092 0,005942155078694312
сухопутный 2,659260036932778 0,0017156516367308244
существовать 1,4271163556401458 0,0018414404588905108
сша 0,9675840262617057 0,003121238794392599
сэм 4,605170185988092 0,005942155078694312
сэн 4,605170185988092 0,005942155078694312
сюд 0 0
тасман 4,605170185988092 0,005942155078694312
тасмания 4,605170185988092 0,017826465236082938
текст 0 0
территориальный 2,407945608651872 0,003107026591808867
территория 0,8675005677047231 0,012872589069166858
техника 0,06187540371808745 7,98392306039838E-05
течь 0 0
тимоти 4,605170185988092 0,005942155078694312
тихий 3,2188758248682006 0,0020766940805601293
тоня 2,995732273553991 0,003865460998134182
точка 2,207274913189721 0,0014240483310901427
транспорт 0,9162907318741551 0,0023646212435462065
требовать 1,4696759700589417 0,0009481780451993172
уайза 4,605170185988092 0,005942155078694312
увидеть 2,659260036932778 0,0017156516367308244
угль 4,605170185988092 0,002971077539347156
указатель 0 0
указать 2,407945608651872 0,0015535132959044334
украинский 1,07880966137193 0,0006960062331431806
улучшать 2,0402208285265546 0,0013162715022751966
уоттс 3,912023005428146 0,005047771619907285
условие 0 0
устройство 1,3470736479666094 0,001738159545763367
участие 0 0
уэльс 3,2188758248682006 0,008306776322240517
факультативный 2,407945608651872 0,006214053183617734
февраль 0 0
федеральный 2,0402208285265546 0,0039488145068255895
федерация 1,4271163556401458 0,0018414404588905108
фиолетовый 3,506557897319982 0,0022622954176257947
флаг 0,8675005677047231 0,0022387111424638016
форум 0 0
франция 1,3093333199837622 0,005068387045098434
французский 0,23572233352106994 0,00015207892485230318
фредерика 2,995732273553991 0,001932730499067091
фуамат 4,605170185988092 0,005942155078694312
футболист 1,8971199848858813 0,0012239483773457298
харбор 3,912023005428146 0,0025238858099536424
хартля 4,605170185988092 0,005942155078694312
ходжич 4,605170185988092 0,005942155078694312
хороший 0,7985076962177716 0,0005151662556243687
хранилище 2,302585092994046 0,001485538769673578
художник 1,9661128563728327 0,0012684599073373114
целый 1,7719568419318754 0,0011431979625366939
цитата 1,4271163556401458 0,0009207202294452554
человек 1,1394342831883648 0,0014702377847591805
чешский 1,3862943611198906 0,0008943834587870262
чили 2,659260036932778 0,003431303273461649
численность 1,9661128563728327 0,0012684599073373114
число 1,3470736479666094 0,0008690797728816835
читать 0 0
шаблон 0 0
шамансемный 2,8134107167600364 0,003630207376464563
шведский 1,7147984280919266 0,0011063215665109204
шестой 3,506557897319982 0,0022622954176257947
шесть 3,506557897319982 0,0022622954176257947
шрифт 4,605170185988092 0,002971077539347156
штаб 3,506557897319982 0,0022622954176257947
штат 1,7147984280919266 0,009956894098598285
эбботта 4,605170185988092 0,005942155078694312
эйхвальд 4,605170185988092 0,005942155078694312
эйч 4,605170185988092 0,002971077539347156
экономика 0,7550225842780328 0,0019484453787820201
элемент 0,19845093872383823 0,0002560657273855977
эмануэла 4,605170185988092 0,005942155078694312
эндрю 3,912023005428146 0,005047771619907285
энциклопедия 0 0
юг 1,0216512475319812 0,0006591298371174072
южноафриканский 3,912023005428146 0,0025238858099536424
южный 1,171182981502945 0,007556019235502871
являться 0,3424903089467759 0,0015467304275015687
язык 0 0
яй 1,7147984280919266 0,0022126431330218408
январь 0,6733445532637655 0,0008688316816306651
японский 1,4696759700589417 0,0009481780451993172
