аарон 2,995732273553991 0,003965231334949028
август 0 0
августа 0,843970070294529 0,0005585506752445593
автомобильный 2,659260036932778 0,0035198676862114864
административный 0,7133498878774648 0,0009442089846161016
айун 4,605170185988092 0,006095526387806872
алек 4,605170185988092 0,006095526387806872
алфавит 0 0
альбера 3,2188758248682006 0,002130295052857843
американский 1,4271163556401458 0,0009444846827532401
амисс 4,605170185988092 0,006095526387806872
апрель 0 0
арабский 0,38566248081198473 0,00025523658558040024
арестовать 3,2188758248682006 0,002130295052857843
арсенич 1,5606477482646683 0,010328575435239367
архив 0,3011050927839216 0,0027898552607378575
архитектура 1,1086626245216111 0,0014674554924177514
атлантический 1,9661128563728327 0,002602399545165894
африка 1,5606477482646683 0,019624293326954798
африканский 2,120263536200091 0,002806437506552073
аэропорт 2,120263536200091 0,002806437506552073
бак 4,605170185988092 0,006095526387806872
бакота 4,605170185988092 0,006095526387806872
банту 4,605170185988092 0,006095526387806872
батек 4,605170185988092 0,006095526387806872
бекал 4,605170185988092 0,006095526387806872
бернара 3,912023005428146 0,002589029123380639
богатый 3,2188758248682006 0,002130295052857843
болото 2,995732273553991 0,003965231334949028
бонго 4,605170185988092 0,02133434235732405
брис 4,605170185988092 0,006095526387806872
бупендза 4,605170185988092 0,006095526387806872
бывший 2,8134107167600364 0,0018619528237988328
быть 1,9661128563728327 0,001301199772582947
валюта 1,5141277326297755 0,002004139950535772
ввс 3,2188758248682006 0,002130295052857843
версия 0 0
верховный 2,407945608651872 0,003187221189479645
викиновость 1,0216512475319812 0,0006761424536942298
википедия 0 0
викисклад 0,5798184952529422 0,00038373163153735415
викисловар 1,8325814637483102 0,0012128269118122502
викитек 1,1394342831883648 0,0007540928412894538
викицитатник 0,9675840262617057 0,0006403600438528827
вица 2,659260036932778 0,007039735372422973
вклад 0 0
вмс 3,2188758248682006 0,002130295052857843
внешний 1,3862943611198906 0,0036698725641823708
внутренний 2,120263536200091 0,002806437506552073
вод 1,8971199848858813 0,0012555393678927076
военный 1,0498221244986776 0,0027791452667072867
воздушный 2,0402208285265546 0,0013502454192763432
возраст 2,120263536200091 0,0014032187532760365
война 0,7133498878774648 0,0009442089846161016
войско 1,7719568419318754 0,002345409453251986
вооружить 3,912023005428146 0,002589029123380639
восток 0,7985076962177716 0,0005284630683109012
всемирный 1,6607312068216509 0,002198188228751358
выбор 2,120263536200091 0,002806437506552073
габон 3,506557897319982 0,4687787526529691
габонский 4,605170185988092 0,02133434235732405
габонско 4,605170185988092 0,012191052775613744
гвинея 3,2188758248682006 0,008521180211431372
география 0,083381608939051 0,0003310983809624791
геология 2,659260036932778 0,0035198676862114864
герб 0,7133498878774648 0,0018884179692322033
гимн 1,2378743560016172 0,001638483594972359
гнассингб 4,605170185988092 0,006095526387806872
год 0,6348782724359695 0,00042017092815087325
гондж 4,605170185988092 0,006095526387806872
горилла 3,506557897319982 0,004641373788643258
горнодобывающий 3,912023005428146 0,005178058246761278
город 0,3424903089467759 0,0006799939952616331
государственный 0,7765287894989963 0,0071948398762316
государство 0,6733445532637655 0,001336885281132559
гражданин 2,659260036932778 0,0017599338431057432
граница 1,4271163556401458 0,0018889693655064802
граничить 1,1394342831883648 0,0007540928412894538
грузинский 1,8325814637483102 0,0024256538236245005
группа 1,4696759700589417 0,0009726512045393393
далья 0,3566749439387324 0,0002360522461540254
дама 3,506557897319982 0,004641373788643258
данный 0,1508228897345837 9,981660472176287E-05
два 0 0
девственный 3,912023005428146 0,002589029123380639
декабрь 0 0
деление 0,9675840262617057 0,0012807200877057653
деятель 1,5141277326297755 0,001002069975267886
дзюдо 3,506557897319982 0,004641373788643258
долговечный 4,605170185988092 0,003047763193903436
дорога 1,5606477482646683 0,00309857263057181
жан 2,659260036932778 0,0035198676862114864
железнодорожный 2,302585092994046 0,001523881596951718
железный 1,7147984280919266 0,0011348765242170263
жертва 2,407945608651872 0,0015936105947398226
жорж 3,506557897319982 0,006962060682964888
жульен 4,605170185988092 0,006095526387806872
журнал 0 0
заверить 4,605170185988092 0,003047763193903436
заговорщик 4,605170185988092 0,006095526387806872
законодательный 2,407945608651872 0,0015936105947398226
занимать 1,4696759700589417 0,0009726512045393393
заниматься 0 0
занятие 3,506557897319982 0,002320686894321629
запад 0,9162907318741551 0,0012128269118122502
западный 0,9942522733438669 0,0013160188925795723
запрос 0,1165338162559516 0,00015424727499133237
здравоохранение 2,207274913189721 0,002921608091581365
земноводный 3,912023005428146 0,002589029123380639
знаете 0,06187540371808745 8,18999387400231E-05
знак 0 0
игра 1,5606477482646683 0,0010328575435239367
избранный 0,083381608939051 0,0002207322539749861
избрать 0 0
изменение 0 0
изображение 0,06187540371808745 0,00020474984685005777
ильяс 4,605170185988092 0,006095526387806872
иностранный 2,995732273553991 0,001982615667474514
интернет 1,6607312068216509 0,004396376457502716
информация 1,5606477482646683 0,0010328575435239367
искандар 4,605170185988092 0,006095526387806872
искать 0 0
ископаемое 4,605170185988092 0,006095526387806872
искусство 0,083381608939051 0,00011036612698749305
ислам 1,7147984280919266 0,0022697530484340526
испанский 0,49429632181478017 0,00032713191384168113
использование 0 0
иссоз 4,605170185988092 0,006095526387806872
история 0 0
источник 0 0
июль 0,9162907318741551 0,0006064134559061251
июнь 0 0
йембит 4,605170185988092 0,006095526387806872
камерун 3,2188758248682006 0,004260590105715686
камерунский 4,605170185988092 0,006095526387806872
карта 1,7147984280919266 0,0022697530484340526
категория 0 0
кб 3,2188758248682006 0,004260590105715686
кинематограф 1,5141277326297755 0,002004139950535772
климат 2,302585092994046 0,003047763193903436
км 0,8209805520698303 0,0005433359047450895
книга 0 0
код 0 0
коджо 4,605170185988092 0,006095526387806872
коллекция 2,120263536200091 0,0014032187532760365
колония 1,8325814637483102 0,0012128269118122502
конго 2,659260036932778 0,007039735372422973
конституционный 2,659260036932778 0,007039735372422973
конституция 1,2729656758128876 0,0033698628082406024
континент 2,5257286443082556 0,0016715609823350467
кориско 4,605170185988092 0,006095526387806872
крис 3,912023005428146 0,005178058246761278
кристьян 4,605170185988092 0,006095526387806872
культура 0,3566749439387324 0,0014163134769241523
кухня 2,302585092994046 0,003047763193903436
кфа 4,605170185988092 0,009143289581710307
лаба 4,605170185988092 0,006095526387806872
леон 2,120263536200091 0,002806437506552073
леса 2,659260036932778 0,0017599338431057432
либревиль 4,605170185988092 0,015238815969517181
литература 1,1086626245216111 0,0014674554924177514
личность 0,127833371509885 0,00016920366844458637
лор 4,605170185988092 0,006095526387806872
лучший 0 0
май 0 0
маканить 4,605170185988092 0,006095526387806872
мари 3,506557897319982 0,004641373788643258
марк 1,3862943611198906 0,0009174681410455927
марка 1,3470736479666094 0,000891511348753547
март 0 0
марта 0,3566749439387324 0,0009442089846161016
массовый 2,0402208285265546 0,0013502454192763432
материал 0 0
мба 4,605170185988092 0,012191052775613744
медиафайл 1,6094379124341003 0,0010651475264289215
медик 4,605170185988092 0,003047763193903436
международный 0,9942522733438669 0,0006580094462897861
меза 4,605170185988092 0,006095526387806872
местный 1,8971199848858813 0,0012555393678927076
место 0 0
миграция 4,605170185988092 0,006095526387806872
министр 2,120263536200091 0,004209656259828109
миро 0 0
мировой 1,2039728043259361 0,0015936105947398228
мисси 4,605170185988092 0,006095526387806872
млекопитающее 3,2188758248682006 0,004260590105715686
мобильный 0 0
мой 0 0
молодой 2,5257286443082556 0,0016715609823350467
момент 2,0402208285265546 0,0013502454192763432
морской 1,6607312068216509 0,0032972823431270367
моча 0,16251892949777494 0,00010755720019707143
мочь 0,8209805520698303 0,0005433359047450895
музыка 1,2729656758128876 0,0016849314041203012
навигация 0 0
нажать 0 0
название 0 0
найти 0 0
направить 2,995732273553991 0,001982615667474514
народ 1,4271163556401458 0,005666908096519441
население 0,5108256237659907 0,001690356134235575
наследие 1,5606477482646683 0,0020657150870478733
наука 0,05129329438755048 0,0002036795276805446
находиться 0 0
национальный 0,7550225842780328 0,0014990521196784237
начинать 0,1508228897345837 0,00019963320944352573
нгондет 4,605170185988092 0,006095526387806872
неизменный 4,605170185988092 0,003047763193903436
некоммерческий 0 0
несколький 2,659260036932778 0,0017599338431057432
нечитаемый 1,5606477482646683 0,00309857263057181
нигер 2,8134107167600364 0,005585858471396498
нигерия 2,8134107167600364 0,005585858471396498
нког 4,605170185988092 0,006095526387806872
новость 1,4271163556401458 0,0009444846827532401
новый 0 0
ноябрь 0 0
обитать 3,506557897319982 0,002320686894321629
обойтись 4,605170185988092 0,003047763193903436
образование 0,7339691750802005 0,0009715012244608875
обсуждение 0 0
общество 0,07257069283483537 0,00019211301875535507
объект 1,6607312068216509 0,001099094114375679
обязательный 0 0
один 0,843970070294529 0,0005585506752445593
океан 1,6607312068216509 0,002198188228751358
октябрь 0 0
олимпиада 2,8134107167600364 0,0018619528237988328
олимпийский 1,7719568419318754 0,001172704726625993
ольга 2,659260036932778 0,0035198676862114864
омар 3,912023005428146 0,010356116493522556
омывать 4,605170185988092 0,003047763193903436
ондимба 4,605170185988092 0,009143289581710307
операция 1,9661128563728327 0,002602399545165894
описание 0 0
орган 1,9661128563728327 0,001301199772582947
организация 0 0
оригинальный 2,0402208285265546 0,0013502454192763432
орунг 4,605170185988092 0,006095526387806872
осматривать 4,605170185988092 0,003047763193903436
основной 0 0
оспаривать 3,912023005428146 0,002589029123380639
остаться 2,8134107167600364 0,0018619528237988328
остров 1,2039728043259361 0,0007968052973699114
ответственность 0 0
отдельный 0 0
отказ 0 0
отношение 1,4696759700589417 0,003890604818157357
отсутствовать 0,05129329438755048 0,001968902100911931
офицер 2,8134107167600364 0,0037239056475976656
официальный 1,07880966137193 0,0007139706561031966
охота 3,506557897319982 0,002320686894321629
оценивание 0,1508228897345837 0,00019963320944352573
парк 1,6094379124341003 0,0010651475264289215
парламент 1,4271163556401458 0,0018889693655064802
парламентский 2,995732273553991 0,003965231334949028
партия 1,8325814637483102 0,0024256538236245005
паспорт 3,912023005428146 0,005178058246761278
первый 0 0
переворот 2,5257286443082556 0,015044048841015421
перейти 0 0
персоналия 0,07257069283483537 0,00024014127344419383
печать 0 0
пигмей 4,605170185988092 0,006095526387806872
площадь 1,07880966137193 0,0007139706561031966
пн 0,127833371509885 0,00033840733688917274
подробный 0 0
поиск 0 0
полезный 2,5257286443082556 0,0033431219646700935
политик 0 0
политически 4,605170185988092 0,003047763193903436
политический 1,2039728043259361 0,0015936105947398228
получить 0 0
поль 2,8134107167600364 0,007447811295195331
польский 1,2729656758128876 0,0008424657020601506
помочь 0,127833371509885 8,460183422229319E-05
помощь 0,127833371509885 0,00033840733688917274
попытка 2,407945608651872 0,003187221189479645
порт 1,8325814637483102 0,0024256538236245005
портал 0 0
португальский 0,49429632181478017 0,00032713191384168113
последний 0 0
посмотреть 0 0
потенциальный 1,5141277326297755 0,0030062099258036574
почта 1,6094379124341003 0,005325737632144607
почтовый 1,5606477482646683 0,0010328575435239367
поэт 1,8971199848858813 0,0012555393678927076
пояс 2,120263536200091 0,0014032187532760365
правительство 1,5606477482646683 0,0020657150870478733
править 0 0
правка 0 0
право 0,843970070294529 0,0011171013504891185
праздник 1,4271163556401458 0,0018889693655064802
предлагать 0 0
предъявлять 4,605170185988092 0,003047763193903436
президент 1,3093333199837622 0,013864548722528257
премьер 2,0402208285265546 0,0027004908385526863
пресмыкаться 3,912023005428146 0,005178058246761278
пресс 3,506557897319982 0,004641373788643258
претензия 4,605170185988092 0,003047763193903436
призвать 3,2188758248682006 0,002130295052857843
принадлежность 3,506557897319982 0,002320686894321629
природа 1,07880966137193 0,0014279413122063932
приходиться 2,659260036932778 0,0017599338431057432
проект 0 0
произошеть 3,912023005428146 0,002589029123380639
промышленность 2,659260036932778 0,007039735372422973
просмотр 1,2729656758128876 0,0008424657020601506
птица 2,659260036932778 0,0035198676862114864
пэйнчик 3,912023005428146 0,005178058246761278
радио 2,995732273553991 0,003965231334949028
раздел 0,9675840262617057 0,0006403600438528827
разработка 1,07880966137193 0,0021419119683095894
разработчик 0 0
рапонд 4,605170185988092 0,006095526387806872
распутить 4,605170185988092 0,003047763193903436
ребенка 4,605170185988092 0,003047763193903436
река 1,1086626245216111 0,0014674554924177514
религия 0,083381608939051 0,0002207322539749861
рельеф 2,8134107167600364 0,0037239056475976656
реми 3,506557897319982 0,004641373788643258
республика 0,9416085398584451 0,0018695073590836101
референдум 2,659260036932778 0,0035198676862114864
родственный 0,21072103131565253 0,00027891599115241895
рождение 2,0402208285265546 0,0013502454192763432
роза 2,8134107167600364 0,0037239056475976656
русский 0 0
рыба 2,5257286443082556 0,0033431219646700935
самый 0,5447271754416719 0,0014420309078535325
сведение 0 0
свежий 0 0
свободный 0 0
связать 0 0
связь 1,6607312068216509 0,0032972823431270367
север 1,0216512475319812 0,0006761424536942298
северо 1,6094379124341003 0,0010651475264289215
сельский 1,6607312068216509 0,002198188228751358
сенат 3,506557897319982 0,004641373788643258
сентябрь 0 0
сила 0,9416085398584451 0,004362183837861757
силва 4,605170185988092 0,006095526387806872
символ 0,9416085398584451 0,002492676478778147
система 0 0
словарь 2,407945608651872 0,0015936105947398226
случай 0 0
случайный 0 0
смерть 1,8325814637483102 0,0012128269118122502
смить 2,659260036932778 0,0017599338431057432
смотреть 0 0
собирательство 4,605170185988092 0,003047763193903436
собрание 1,9661128563728327 0,002602399545165894
событие 0 0
совершить 2,407945608651872 0,0015936105947398226
содержание 0,1392620673335076 9,2165497904373E-05
создать 0 0
сообщество 0 0
сохранение 0 0
сохранять 3,912023005428146 0,002589029123380639
список 0 0
спокойствие 4,605170185988092 0,003047763193903436
спорт 0,083381608939051 0,0002207322539749861
средство 1,9661128563728327 0,001301199772582947
ссылаться 0 0
ссылка 0 0
стабильный 1,4271163556401458 0,0018889693655064802
статистик 0 0
статья 0 0
столица 0,7985076962177716 0,0010569261366218023
страна 0,43078291609245434 0,0011403915713896872
страница 0 0
строй 1,5606477482646683 0,0020657150870478733
суахили 3,506557897319982 0,002320686894321629
суд 2,8134107167600364 0,007447811295195331
сухопутный 2,659260036932778 0,0035198676862114864
существовать 1,4271163556401458 0,0009444846827532401
считаться 1,5141277326297755 0,002004139950535772
сюд 0 0
тезаурус 2,995732273553991 0,001982615667474514
текст 0 0
телевидение 1,8325814637483102 0,0024256538236245005
телефонный 3,912023005428146 0,005178058246761278
тема 0,7550225842780328 0,0009993680797856159
территориальный 2,407945608651872 0,0015936105947398226
территория 0,8675005677047231 0,0011482469460022808
техника 0,06187540371808745 8,18999387400231E-05
течь 0 0
тоголезский 4,605170185988092 0,003047763193903436
торговля 2,8134107167600364 0,0037239056475976656
транспорт 0,9162907318741551 0,0018192403677183755
требоваться 3,2188758248682006 0,002130295052857843
тропикал 4,605170185988092 0,006095526387806872
тропический 3,506557897319982 0,002320686894321629
тунгуй 4,605170185988092 0,006095526387806872
туризм 1,4696759700589417 0,0019453024090786786
указатель 0 0
украинский 1,07880966137193 0,0007139706561031966
улучшать 2,0402208285265546 0,0013502454192763432
условие 0 0
устройство 1,3470736479666094 0,001783022697507094
участие 0 0
участник 0 0
фанг 4,605170185988092 0,006095526387806872
фархадович 4,605170185988092 0,006095526387806872
фауна 2,8134107167600364 0,0037239056475976656
февраль 0 0
философия 0,09431067947124142 0,0001248321369573017
флаг 0,8675005677047231 0,0022964938920045615
флор 2,5257286443082556 0,0033431219646700935
фо 4,605170185988092 0,006095526387806872
форум 0 0
фр 2,407945608651872 0,004780831784219467
франк 2,995732273553991 0,005947847002423542
франций 1,7147984280919266 0,0011348765242170263
франция 1,3093333199837622 0,001733068590316032
французский 0,23572233352106994 0,0024960670657426334
хадж 3,912023005428146 0,007767087370141918
ход 1,6607312068216509 0,001099094114375679
хозяйство 1,7719568419318754 0,002345409453251986
хранилище 2,302585092994046 0,001523881596951718
центральный 1,2729656758128876 0,0016849314041203012
цитата 1,4271163556401458 0,0009444846827532401
часовой 2,407945608651872 0,0015936105947398226
чемпионат 1,4696759700589417 0,0019453024090786786
чиновник 4,605170185988092 0,003047763193903436
читать 0 0
шаблон 0 0
шарлина 4,605170185988092 0,006095526387806872
эйадема 4,605170185988092 0,006095526387806872
экваториальный 3,506557897319982 0,013924121365929775
экономика 0,7550225842780328 0,0019987361595712318
элемент 0,19845093872383823 0,0002626749685292366
эль 2,407945608651872 0,004780831784219467
эммануэль 4,605170185988092 0,006095526387806872
энергетик 2,8134107167600364 0,0037239056475976656
энциклопедия 0 0
эфиопия 3,912023005428146 0,007767087370141918
эффа 4,605170185988092 0,006095526387806872
юг 1,0216512475319812 0,0006761424536942298
юнеско 2,0402208285265546 0,0013502454192763432
являться 0,3424903089467759 0,0006799939952616331
язык 0 0
январь 0,6733445532637655 0,0022281421352209315
