абдул 3,506557897319982 0,006463701193216556
абы 4,605170185988092 0,008488792969563303
август 0 0
августа 0,843970070294529 0,0015557051986995925
административный 0,7133498878774648 0,0013149306688985526
азия 1,5141277326297755 0,004186528292985554
александрия 3,912023005428146 0,007211102314153265
алфавит 0 0
амин 3,912023005428146 0,01442220462830653
английский 0,37106368139083196 0,00034199417639708014
андрей 1,2039728043259361 0,0022193047084349054
апрель 0 0
апрельский 4,605170185988092 0,012733189454344955
арабский 0,38566248081198473 0,00035544929107095367
армия 1,7719568419318754 0,0032662798929619825
арслан 3,506557897319982 0,006463701193216556
архив 0,3011050927839216 0,0011100648581895728
ассоциироваться 4,605170185988092 0,0042443964847816516
афгани 4,605170185988092 0,008488792969563303
афганистан 3,2188758248682006 0,3767716403301949
афганский 3,912023005428146 0,025238858099536427
бадахшан 4,605170185988092 0,0042443964847816516
бакалавр 3,506557897319982 0,003231850596608278
бактрийский 3,912023005428146 0,0036055511570766323
батальонный 4,605170185988092 0,008488792969563303
белый 1,6094379124341003 0,0029667058293716135
бенгальский 2,120263536200091 0,0019541599411982405
благодаря 1,8325814637483102 0,0016890151739615761
близ 2,5257286443082556 0,002327860501666595
борисович 2,8134107167600364 0,0051860105378065185
валуа 4,605170185988092 0,008488792969563303
валюта 1,5141277326297755 0,004186528292985554
великий 1,0216512475319812 0,001883228106049735
версия 0 0
викиновость 1,0216512475319812 0,0009416140530248675
википедия 0 0
викисклад 0,5798184952529422 0,0005343949265004075
викторович 2,207274913189721 0,0040687095174004075
вклад 0 0
внешний 1,3862943611198906 0,0025553813108200748
водворение 4,605170185988092 0,0042443964847816516
воевать 2,995732273553991 0,002761043570095844
военачальник 2,407945608651872 0,00443860941686981
война 0,7133498878774648 0,0026298613377971052
восток 0,7985076962177716 0,0014719035874981965
восточный 0,9162907318741551 0,0008445075869807881
вторжение 3,912023005428146 0,0036055511570766323
высший 2,302585092994046 0,0021221982423908258
выходец 3,2188758248682006 0,0029667058293716135
газневить 3,506557897319982 0,006463701193216556
география 0,083381608939051 0,000461096454962494
герб 0,7133498878774648 0,0026298613377971052
гильзай 4,605170185988092 0,0042443964847816516
гимн 1,2378743560016172 0,0022817960479292482
годовщина 4,605170185988092 0,0042443964847816516
город 0,3424903089467759 0,0009469778127560624
государственный 0,7765287894989963 0,0035784736843271717
государство 0,6733445532637655 0,001861782174922854
граничить 1,1394342831883648 0,0010501698462565573
граф 2,8134107167600364 0,0051860105378065185
грешнов 4,605170185988092 0,008488792969563303
далья 0,3566749439387324 0,00032873266722463815
данный 0,1508228897345837 0,0001390072716447776
дари 4,605170185988092 0,012733189454344955
два 0 0
девочка 3,2188758248682006 0,005933411658743227
девушка 3,2188758248682006 0,0029667058293716135
декабрь 0 0
деление 0,9675840262617057 0,0017835650253671994
дело 2,120263536200091 0,0019541599411982405
демократический 1,9661128563728327 0,00362417116382089
депортация 3,912023005428146 0,0036055511570766323
деревня 1,8325814637483102 0,0016890151739615761
джавад 4,605170185988092 0,008488792969563303
джирг 4,605170185988092 0,008488792969563303
диофант 4,605170185988092 0,008488792969563303
директор 3,2188758248682006 0,005933411658743227
древний 1,4696759700589417 0,0027090801291409063
дустум 4,605170185988092 0,008488792969563303
журнал 0 0
завоевание 2,659260036932778 0,0024509309096154637
заместитель 3,912023005428146 0,0036055511570766323
заниматься 0 0
запад 0,9162907318741551 0,0008445075869807881
запрос 0,1165338162559516 0,00021480887789115504
заработок 4,605170185988092 0,0042443964847816516
знаете 0,06187540371808745 0,00011405604371997688
знак 0 0
знаменитый 2,120263536200091 0,0019541599411982405
знамя 2,8134107167600364 0,0025930052689032593
золотишко 4,605170185988092 0,0042443964847816516
золото 3,2188758248682006 0,0029667058293716135
ибн 3,506557897319982 0,029086655369474506
ибрахим 3,506557897319982 0,006463701193216556
избранный 0,083381608939051 0,000230548227481247
избрать 0 0
известный 0,7765287894989963 0,0007156947368654343
изменение 0 0
изображение 0,06187540371808745 0,00017108406557996532
илла 1,3862943611198906 0,0012776906554100374
индокитай 3,2188758248682006 0,005933411658743227
интернет 1,6607312068216509 0,003061255680777237
иран 2,407945608651872 0,011096523542174525
искать 0 0
искусство 0,083381608939051 0,000461096454962494
исландский 3,506557897319982 0,006463701193216556
испанский 0,49429632181478017 0,0004555726468338988
использование 0 0
история 0 0
источник 0 0
итальянский 0,7339691750802005 0,0006764692857882033
июнь 0 0
кабул 4,605170185988092 0,016977585939126606
кабульский 4,605170185988092 0,008488792969563303
кавказ 2,8134107167600364 0,0051860105378065185
кавказский 2,995732273553991 0,005522087140191688
камбоджа 3,2188758248682006 0,008900117488114841
карзай 4,605170185988092 0,008488792969563303
карта 1,7147984280919266 0,006321837522919545
категория 0 0
кинематограф 1,5141277326297755 0,0027910188619903694
киргиз 4,605170185988092 0,0042443964847816516
китай 1,8971199848858813 0,008742488409612356
ключ 3,912023005428146 0,0036055511570766323
км 0,8209805520698303 0,0007566641032901662
книга 0 0
код 0 0
конец 1,4271163556401458 0,0013153146134932219
конституция 1,2729656758128876 0,0023464805084108527
контингент 3,506557897319982 0,006463701193216556
королевство 1,6094379124341003 0,0014833529146858068
красная 2,207274913189721 0,0020343547587002037
красный 0,7765287894989963 0,002147084210596303
крестьянский 2,995732273553991 0,002761043570095844
культура 0,3566749439387324 0,001972396003347829
легендарный 3,912023005428146 0,0036055511570766323
литература 1,1086626245216111 0,002043617741053661
лицей 4,605170185988092 0,0042443964847816516
личность 0,127833371509885 0,00011781877558514746
лойя 4,605170185988092 0,008488792969563303
лучший 0 0
май 0 0
мальчик 3,506557897319982 0,006463701193216556
марк 1,3862943611198906 0,0012776906554100374
марка 1,3470736479666094 0,0012415425326881193
марксистский 3,912023005428146 0,0036055511570766323
март 0 0
марта 0,3566749439387324 0,0029585940050217436
мартьян 4,605170185988092 0,008488792969563303
масуд 3,506557897319982 0,03231850596608278
математика 2,659260036932778 0,004901861819230927
материал 0 0
маудуд 3,912023005428146 0,007211102314153265
место 0 0
миро 0 0
мобильный 0 0
моджахед 4,605170185988092 0,012733189454344955
мой 0 0
мохаммадзай 4,605170185988092 0,008488792969563303
моча 0,16251892949777494 0,00014978703179518426
мочь 0,8209805520698303 0,0007566641032901662
музыка 1,2729656758128876 0,0023464805084108527
навигация 0 0
нажать 0 0
название 0 0
найти 0 0
написать 0,9942522733438669 0,0018327230845048238
население 0,5108256237659907 0,002354035132562169
насилие 3,912023005428146 0,0036055511570766323
настоящий 1,6094379124341003 0,0014833529146858068
наука 0,05129329438755048 0,0003309244799196805
научный 1,6094379124341003 0,0014833529146858068
находиться 0 0
национальность 3,912023005428146 0,0036055511570766323
нация 1,9661128563728327 0,001812085581910445
начальник 2,995732273553991 0,002761043570095844
начать 0,38566248081198473 0,005331739366064305
начинать 0,1508228897345837 0,0002780145432895552
небольшой 1,9661128563728327 0,001812085581910445
некоммерческий 0 0
немецкий 0,5108256237659907 0,00047080702651243386
новый 0 0
ноябрь 0 0
область 0,7765287894989963 0,0007156947368654343
обложка 3,506557897319982 0,003231850596608278
образование 0,7339691750802005 0,00202940785736461
обсуждение 0 0
общество 0,07257069283483537 0,0002675417247367203
обязательный 0 0
окончить 2,407945608651872 0,002219304708434905
октябрь 0 0
олег 2,407945608651872 0,00443860941686981
оон 3,2188758248682006 0,0029667058293716135
описание 0 0
организация 0 0
основной 0 0
ответственность 0 0
отдельный 0 0
отечественный 2,0402208285265546 0,0037607757207862758
отказ 0 0
отсутствовать 0,05129329438755048 0,00023637462851405753
официальный 1,07880966137193 0,0009942946187759725
оценивание 0,1508228897345837 0,0002780145432895552
пагман 4,605170185988092 0,0042443964847816516
пакистан 2,995732273553991 0,01380521785047922
парламент 1,4271163556401458 0,0026306292269864437
педагогический 3,506557897319982 0,003231850596608278
первый 0 0
перейти 0 0
переодевать 3,912023005428146 0,0036055511570766323
перс 3,506557897319982 0,003231850596608278
персидский 1,5606477482646683 0,0014383850214420906
персоналия 0,07257069283483537 0,00033442715592090037
песня 2,207274913189721 0,0040687095174004075
печать 0 0
племя 2,5257286443082556 0,002327860501666595
пн 0,127833371509885 0,00047127510234058984
побывать 2,8134107167600364 0,0025930052689032593
подробный 0 0
поиск 0 0
политик 0 0
получение 2,5257286443082556 0,002327860501666595
получить 0 0
поменять 4,605170185988092 0,0042443964847816516
помочь 0,127833371509885 0,00023563755117029492
помощь 0,127833371509885 0,00011781877558514746
портал 0 0
портрет 2,995732273553991 0,002761043570095844
португальский 0,49429632181478017 0,0004555726468338988
последний 0 0
посмотреть 0 0
почта 1,6094379124341003 0,0044500587440574205
почтовый 1,5606477482646683 0,0014383850214420906
появиться 1,6607312068216509 0,0015306278403886184
пояс 2,120263536200091 0,0019541599411982405
правительство 1,5606477482646683 0,0014383850214420906
править 0 0
правка 0 0
право 0,843970070294529 0,0015557051986995925
праздник 1,4271163556401458 0,0026306292269864437
праздновать 3,2188758248682006 0,0029667058293716135
предлагать 0 0
президент 1,3093333199837622 0,001206758820261532
преподаватель 2,8134107167600364 0,0025930052689032593
престиж 4,605170185988092 0,0042443964847816516
принять 1,3862943611198906 0,0012776906554100374
природа 1,07880966137193 0,001988589237551945
провинция 1,7147984280919266 0,0015804593807298862
проект 0 0
просмотр 1,2729656758128876 0,0011732402542054263
просоветский 4,605170185988092 0,0042443964847816516
проституция 3,506557897319982 0,009695551789824834
простой 3,2188758248682006 0,005933411658743227
пушту 4,605170185988092 0,016977585939126606
пуштун 4,605170185988092 0,008488792969563303
пуштунский 4,605170185988092 0,0042443964847816516
рабоча 3,506557897319982 0,003231850596608278
разведка 2,995732273553991 0,005522087140191688
разработка 1,07880966137193 0,002982883856327917
разработчик 0 0
расцвести 4,605170185988092 0,0042443964847816516
рауль 3,506557897319982 0,006463701193216556
рашид 4,605170185988092 0,008488792969563303
революция 2,120263536200091 0,007816639764792962
результат 1,4696759700589417 0,0013545400645704531
религия 0,083381608939051 0,00030739763664166267
республика 0,9416085398584451 0,00173568394443953
родиться 0,8915981192837835 0,0008217494186947313
родственный 0,21072103131565253 0,00019421293208815902
русский 0 0
саида 4,605170185988092 0,008488792969563303
саурский 4,605170185988092 0,0042443964847816516
сведение 0 0
свежий 0 0
свободный 0 0
свой 1,4696759700589417 0,0013545400645704531
связать 0 0
север 1,0216512475319812 0,0009416140530248675
сексуальный 3,506557897319982 0,003231850596608278
селевкидский 4,605170185988092 0,008488792969563303
сельский 1,6607312068216509 0,003061255680777237
семья 2,207274913189721 0,0020343547587002037
сентябрь 0 0
сила 0,9416085398584451 0,00347136788887906
символ 0,9416085398584451 0,002603525916659295
сина 4,605170185988092 0,0042443964847816516
система 0 0
следовать 1,4271163556401458 0,0013153146134932219
случай 0 0
случайный 0 0
смотреть 0 0
событие 0 0
советский 1,3470736479666094 0,0012415425326881193
современный 1,0216512475319812 0,0009416140530248675
содержание 0,1392620673335076 0,00012835213579125124
создать 0 0
сообщество 0 0
сохранение 0 0
спастись 3,912023005428146 0,0036055511570766323
список 0 0
спорт 0,083381608939051 0,00030739763664166267
способствовать 3,506557897319982 0,003231850596608278
среднее 2,120263536200091 0,0019541599411982405
ссылаться 0 0
ссылка 0 0
статистик 0 0
стать 0,4620354595965586 0,0008516782665374353
статья 0 0
степень 3,2188758248682006 0,0029667058293716135
стеречь 4,605170185988092 0,0042443964847816516
столица 0,7985076962177716 0,002207855381247295
страна 0,43078291609245434 0,0007940698914146624
страница 0 0
строй 1,5606477482646683 0,0028767700428841813
сюд 0 0
таджикистан 3,506557897319982 0,01615925298304139
тайеб 4,605170185988092 0,008488792969563303
талиб 4,605170185988092 0,0042443964847816516
талибан 3,912023005428146 0,0036055511570766323
тангкут 4,605170185988092 0,008488792969563303
текст 0 0
телевидение 1,8325814637483102 0,0033780303479231523
телесарх 4,605170185988092 0,008488792969563303
тема 0,7550225842780328 0,0013917466991300144
территория 0,8675005677047231 0,001599079387474144
техника 0,06187540371808745 0,00011405604371997688
течь 0 0
транспорт 0,9162907318741551 0,0016890151739615761
туризм 1,4696759700589417 0,0027090801291409063
туркмения 3,2188758248682006 0,005933411658743227
тюрьма 2,8134107167600364 0,0025930052689032593
увидеть 2,659260036932778 0,0024509309096154637
узбекистан 2,8134107167600364 0,0051860105378065185
указатель 0 0
университет 1,3470736479666094 0,003724627598064358
условие 0 0
успеть 3,506557897319982 0,003231850596608278
участие 0 0
участник 0 0
участница 1,7147984280919266 0,0031609187614597724
училище 3,912023005428146 0,0036055511570766323
факультет 2,5257286443082556 0,002327860501666595
фаррухзад 3,912023005428146 0,007211102314153265
февраль 0 0
физика 2,659260036932778 0,004901861819230927
философия 0,09431067947124142 0,00017384457045390122
флаг 0,8675005677047231 0,004797238162422432
форум 0 0
фотография 2,659260036932778 0,0024509309096154637
французский 0,23572233352106994 0,0002172556069318617
хаварнак 4,605170185988092 0,008488792969563303
хадашт 3,2188758248682006 0,005933411658743227
хамид 3,912023005428146 0,007211102314153265
хана 2,995732273553991 0,005522087140191688
хароть 4,605170185988092 0,0042443964847816516
харуть 4,605170185988092 0,0042443964847816516
хасидея 4,605170185988092 0,008488792969563303
хатуля 4,605170185988092 0,008488792969563303
хафизулла 4,605170185988092 0,012733189454344955
хозяйство 1,7719568419318754 0,0032662798929619825
хотеть 2,302585092994046 0,0021221982423908258
цвет 2,207274913189721 0,0040687095174004075
часовой 2,407945608651872 0,002219304708434905
часть 0,5978370007556204 0,0005510018440143966
чел 2,0402208285265546 0,0018803878603931379
число 1,3470736479666094 0,004966170130752477
читать 0 0
шаблон 0 0
шах 3,912023005428146 0,010816653471229896
экономика 0,7550225842780328 0,002783493398260029
элемент 0,19845093872383823 0,0003658081819794253
энциклопедия 0 0
эпоха 2,120263536200091 0,003908319882396481
юг 1,0216512475319812 0,0009416140530248675
язык 0 0
январь 0,6733445532637655 0,000620594058307618
