абхазия 3,912023005428146 0,00486872807147249
август 0 0
автодорога 3,912023005428146 0,00486872807147249
агонг 4,605170185988092 0,005731387910377215
администрация 3,506557897319982 0,004364104414835074
азербайджан 2,8134107167600364 0,0070028891518607
азербайджанский 1,6607312068216509 0,002066871445951028
азиатский 3,912023005428146 0,00973745614294498
азия 1,5141277326297755 0,05653246045910798
академия 2,120263536200091 0,0026387847370256266
акт 2,8134107167600364 0,00350144457593035
александр 1,3470736479666094 0,0016765073403442556
али 2,407945608651872 0,005993641838585867
алфавит 0 0
аль 2,207274913189721 0,006867687968854142
америка 1,4271163556401458 0,00532837469436271
английский 0,37106368139083196 0,00023090459327369754
андаманский 4,605170185988092 0,0028656939551886073
антарктика 2,659260036932778 0,004964393348349928
аой 4,605170185988092 0,005731387910377215
апрель 0 0
арабский 0,38566248081198473 0,000719967294608559
аравийский 3,506557897319982 0,004364104414835074
аравия 3,2188758248682006 0,016024272930271068
армения 2,8134107167600364 0,0070028891518607
армянский 1,8325814637483102 0,00114037427737916
арслан 3,506557897319982 0,004364104414835074
ассирия 3,912023005428146 0,00486872807147249
афганистан 3,2188758248682006 0,008012136465135534
африка 1,5606477482646683 0,005826936210073435
аятолла 3,912023005428146 0,00486872807147249
бакусэн 4,605170185988092 0,005731387910377215
бангладеш 3,2188758248682006 0,0120182046977033
баскетбол 2,995732273553991 0,0018641768970466652
баскетболист 3,912023005428146 0,002434364035736245
бахрейн 3,506557897319982 0,004364104414835074
бенгалия 3,506557897319982 0,004364104414835074
бенгальский 2,120263536200091 0,0013193923685128133
берег 1,6094379124341003 0,0020030341162838835
беспорядок 4,605170185988092 0,005731387910377215
бинт 3,912023005428146 0,00486872807147249
ближний 2,659260036932778 0,0033095955655666185
богатство 4,605170185988092 0,0028656939551886073
большой 1,1086626245216111 0,000689895845999758
британский 1,5141277326297755 0,0018844153486369329
бруней 4,605170185988092 0,005731387910377215
буква 3,506557897319982 0,002182052207417537
буржуазия 3,912023005428146 0,00486872807147249
бутан 2,995732273553991 0,01118506138227999
былой 3,912023005428146 0,002434364035736245
быстро 4,605170185988092 0,0028656939551886073
вавилон 3,506557897319982 0,004364104414835074
важнейший 2,5257286443082556 0,001571704196831522
валюта 1,5141277326297755 0,0018844153486369329
ввоз 4,605170185988092 0,0028656939551886073
век 0,5108256237659907 0,0009536259311126149
великий 1,0216512475319812 0,0012715012414834862
версия 0 0
верховный 2,407945608651872 0,0014984104596464667
вес 2,5257286443082556 0,003143408393663044
викиновость 1,0216512475319812 0,0012715012414834862
википедия 0 0
викисклад 0,5798184952529422 0,0003608080244262241
викисловарь 1,4271163556401458 0,0008880624490604517
викитек 1,1394342831883648 0,0007090443579267983
викицитатник 0,9675840262617057 0,0006021058035231522
вклад 0 0
влияние 2,302585092994046 0,0014328469775943037
вмест 1,8971199848858813 0,001180535149275595
военный 1,0498221244986776 0,001306561449282735
война 0,7133498878774648 0,0017756064415120466
волк 2,8134107167600364 0,00350144457593035
ворот 2,8134107167600364 0,00350144457593035
восток 0,7985076962177716 0,003478253810531675
восточный 0,9162907318741551 0,00627205852558538
время 2,407945608651872 0,0014984104596464667
входить 1,2378743560016172 0,0007703014038591271
выбираться 3,912023005428146 0,002434364035736245
выезжать 4,605170185988092 0,0028656939551886073
выпускник 3,506557897319982 0,002182052207417537
высокий 1,8971199848858813 0,001180535149275595
вьетнам 3,2188758248682006 0,008012136465135534
вьетнамский 1,6094379124341003 0,0010015170581419417
габиден 4,605170185988092 0,005731387910377215
газа 3,2188758248682006 0,004006068232567767
газневить 3,506557897319982 0,004364104414835074
гармония 3,912023005428146 0,002434364035736245
генерал 1,8325814637483102 0,00228074855475832
география 0,083381608939051 0,00020754600856017673
глава 2,120263536200091 0,0013193923685128133
глубокий 2,8134107167600364 0,001750722287965175
год 0,6348782724359695 0,000790140973784654
гонконг 3,506557897319982 0,008728208829670148
город 0,3424903089467759 0,0014918681783618118
городок 3,912023005428146 0,002434364035736245
государство 0,6733445532637655 0,0016760287573460248
гражданский 1,5141277326297755 0,0018844153486369329
график 3,912023005428146 0,00486872807147249
греческий 1,4271163556401458 0,0008880624490604517
грузин 4,605170185988092 0,005731387910377215
грузинский 1,8325814637483102 0,00114037427737916
грузия 2,8134107167600364 0,0070028891518607
гюртун 4,605170185988092 0,005731387910377215
данный 0,1508228897345837 9,385369616339993E-05
два 0 0
двусторонний 4,605170185988092 0,0028656939551886073
девять 3,912023005428146 0,002434364035736245
декабрь 0 0
дельта 3,2188758248682006 0,004006068232567767
демократический 1,9661128563728327 0,0012234678633309475
деньги 3,2188758248682006 0,0020030341162838835
джераш 3,506557897319982 0,004364104414835074
ди 2,659260036932778 0,0033095955655666185
добавить 1,0498221244986776 0,0006532807246413675
договор 2,407945608651872 0,0029968209192929333
дочерний 2,995732273553991 0,0018641768970466652
драматургия 3,912023005428146 0,002434364035736245
древний 1,4696759700589417 0,002743639023134303
евразия 3,912023005428146 0,002434364035736245
европа 0,8915981192837835 0,0033289288834490983
египет 2,302585092994046 0,0028656939551886073
единение 3,912023005428146 0,002434364035736245
ерликай 4,605170185988092 0,005731387910377215
женщина 1,6607312068216509 0,001033435722975514
житель 1,7147984280919266 0,001067080540194105
журнал 0 0
заключить 2,8134107167600364 0,001750722287965175
зал 3,2188758248682006 0,0020030341162838835
заливка 3,912023005428146 0,00973745614294498
заниматься 0 0
западный 0,9942522733438669 0,0024748034184041492
запретить 2,8134107167600364 0,001750722287965175
запрос 0,1165338162559516 0,0003625818800745227
зачинатель 3,912023005428146 0,002434364035736245
знаете 0,06187540371808745 7,700734750228681E-05
знак 0 0
золотой 1,4696759700589417 0,0018290926820895353
зульфия 3,506557897319982 0,004364104414835074
ибн 3,506557897319982 0,017456417659340296
ибрагимовна 3,506557897319982 0,004364104414835074
ибрахим 3,506557897319982 0,004364104414835074
игрок 2,407945608651872 0,0014984104596464667
избранный 0,083381608939051 0,00015565950642013255
избрать 0 0
известный 0,7765287894989963 0,0004832164215924059
изгнание 3,2188758248682006 0,004006068232567767
изделие 2,995732273553991 0,0037283537940933304
изменение 0 0
изображение 0,06187540371808745 7,700734750228681E-05
изоляция 3,912023005428146 0,002434364035736245
израиль 2,5257286443082556 0,006286816787326088
иметь 0,616186139423817 0,0003834387924230348
имя 1,4271163556401458 0,002664187347181355
индийский 2,407945608651872 0,0029968209192929333
индия 2,120263536200091 0,00791635421107688
индокитай 3,2188758248682006 0,004006068232567767
индонезия 3,2188758248682006 0,008012136465135534
интеллектуальный 4,605170185988092 0,0028656939551886073
интрига 4,605170185988092 0,0028656939551886073
иордан 3,912023005428146 0,00486872807147249
иордания 3,912023005428146 0,01947491228588996
иорданский 4,605170185988092 0,005731387910377215
ирак 3,2188758248682006 0,008012136465135534
иран 2,407945608651872 0,008990462757878799
исава 3,912023005428146 0,00486872807147249
искать 0 0
искусство 0,083381608939051 0,00010377300428008837
испанский 0,49429632181478017 0,00030758949708449296
использование 0 0
исторический 1,2378743560016172 0,0007703014038591271
история 0 0
источник 0 0
итальянский 0,7339691750802005 0,0004567325296080899
июнь 0 0
йемен 4,605170185988092 0,017194163731131643
йонгчевиват 4,605170185988092 0,005731387910377215
йорк 2,8134107167600364 0,00350144457593035
казахстан 2,5257286443082556 0,015717041968315217
казахстанский 3,912023005428146 0,00486872807147249
камбоджа 3,2188758248682006 0,008012136465135534
кан 3,912023005428146 0,00486872807147249
канавута 4,605170185988092 0,005731387910377215
капитуляция 3,506557897319982 0,004364104414835074
карабах 3,506557897319982 0,004364104414835074
карман 3,506557897319982 0,002182052207417537
катар 3,912023005428146 0,00973745614294498
категория 0 0
католицизм 2,995732273553991 0,0018641768970466652
католический 2,995732273553991 0,0018641768970466652
квалифицировать 4,605170185988092 0,0028656939551886073
кипр 4,605170185988092 0,017194163731131643
киргизия 3,506557897319982 0,008728208829670148
кит 3,506557897319982 0,002182052207417537
китаец 4,605170185988092 0,0028656939551886073
китай 1,8971199848858813 0,014166421791307142
китайский 1,171182981502945 0,0036440042983912416
км 0,8209805520698303 0,0010217555097322094
кндр 4,605170185988092 0,0028656939551886073
книга 0 0
книжный 3,506557897319982 0,004364104414835074
кнр 3,912023005428146 0,00486872807147249
кнэ 4,605170185988092 0,005731387910377215
код 0 0
колония 1,8325814637483102 0,00114037427737916
конституция 1,2729656758128876 0,0007921379438785859
конфуцианство 4,605170185988092 0,005731387910377215
конфуций 3,912023005428146 0,00486872807147249
корейский 3,2188758248682006 0,0020030341162838835
коренной 3,912023005428146 0,002434364035736245
корея 2,995732273553991 0,007456707588186661
король 1,7147984280919266 0,001067080540194105
который 0,9162907318741551 0,00057018713868958
кпк 4,605170185988092 0,0028656939551886073
красный 0,7765287894989963 0,0009664328431848118
крещение 3,506557897319982 0,002182052207417537
крупнейший 1,2039728043259361 0,0014984104596464669
крупный 1,4271163556401458 0,0008880624490604517
кувейт 3,912023005428146 0,00973745614294498
культура 0,3566749439387324 0,0008878032207560233
культурный 1,5141277326297755 0,0009422076743184664
кун 4,605170185988092 0,005731387910377215
кухня 2,302585092994046 0,0028656939551886073
ланка 3,506557897319982 0,004364104414835074
лаос 3,506557897319982 0,004364104414835074
латинизировать 4,605170185988092 0,0028656939551886073
лекарство 3,912023005428146 0,002434364035736245
ливан 2,995732273553991 0,007456707588186661
личность 0,127833371509885 7,9547835413743E-05
личный 2,5257286443082556 0,003143408393663044
лондон 2,120263536200091 0,0026387847370256266
лулув 4,605170185988092 0,005731387910377215
лунный 3,506557897319982 0,004364104414835074
лучший 0 0
май 0 0
макао 4,605170185988092 0,005731387910377215
македонский 1,5606477482646683 0,0009711560350122391
малайзия 3,912023005428146 0,014606184214417471
малайский 3,912023005428146 0,002434364035736245
маленький 2,995732273553991 0,0018641768970466652
мальдив 4,605170185988092 0,005731387910377215
марин 4,605170185988092 0,005731387910377215
март 0 0
марта 0,3566749439387324 0,0066585241556701745
маскат 4,605170185988092 0,005731387910377215
массовый 2,0402208285265546 0,002539167179248979
масуд 3,506557897319982 0,02182052207417537
материал 0 0
материк 2,8134107167600364 0,001750722287965175
маудуд 3,912023005428146 0,00486872807147249
медицинский 3,2188758248682006 0,0020030341162838835
мести 3,912023005428146 0,00486872807147249
местный 1,8971199848858813 0,001180535149275595
место 0 0
мигрант 4,605170185988092 0,0028656939551886073
миниатюрный 4,605170185988092 0,0028656939551886073
мирза 3,506557897319982 0,002182052207417537
миро 0 0
миур 4,605170185988092 0,005731387910377215
млн 1,8325814637483102 0,00342112283213748
мобильный 0 0
мой 0 0
мольер 3,912023005428146 0,002434364035736245
монарх 2,995732273553991 0,0018641768970466652
монголия 2,8134107167600364 0,0070028891518607
морской 1,6607312068216509 0,001033435722975514
москва 1,4271163556401458 0,0008880624490604517
моча 0,16251892949777494 0,00010113187896563468
мочь 0,8209805520698303 0,0005108777548661047
мустафинский 4,605170185988092 0,005731387910377215
мусульманский 2,407945608651872 0,0029968209192929333
мухаметкалиевич 4,605170185988092 0,005731387910377215
мыслитель 3,912023005428146 0,002434364035736245
мьянма 3,506557897319982 0,008728208829670148
мэи 4,605170185988092 0,005731387910377215
мюфит 4,605170185988092 0,005731387910377215
н 1,4696759700589417 0,0036581853641790706
навигация 0 0
нагорный 3,2188758248682006 0,00600910234885165
нажать 0 0
название 0 0
называть 1,6607312068216509 0,002066871445951028
называться 1,9661128563728327 0,0012234678633309475
найти 0 0
налог 3,506557897319982 0,002182052207417537
написать 0,9942522733438669 0,0006187008546010373
направляться 4,605170185988092 0,0028656939551886073
население 0,5108256237659907 0,0012715012414834866
наука 0,05129329438755048 6,383732966714434E-05
находиться 0 0
национальный 0,7550225842780328 0,0018793343728140206
начало 1,2039728043259361 0,0007492052298232334
начать 0,38566248081198473 0,007199672946085589
начинать 0,1508228897345837 0,00018770739232679986
некоммерческий 0 0
немецкий 0,5108256237659907 0,00031787531037087165
непал 3,506557897319982 0,008728208829670148
нива 4,605170185988092 0,005731387910377215
никитин 2,995732273553991 0,0018641768970466652
николаевич 1,5606477482646683 0,0009711560350122391
нкр 3,912023005428146 0,002434364035736245
новый 0 0
норвежский 1,7147984280919266 0,001067080540194105
носить 1,6094379124341003 0,0010015170581419417
ноябрь 0 0
нужда 4,605170185988092 0,0028656939551886073
нью 2,659260036932778 0,0033095955655666185
нэцкэ 4,605170185988092 0,005731387910377215
оаэ 3,912023005428146 0,0073030921072087356
облагаться 4,605170185988092 0,0028656939551886073
обложить 4,605170185988092 0,0028656939551886073
образовать 1,6607312068216509 0,001033435722975514
обсуждение 0 0
общество 0,07257069283483537 9,031822381435641E-05
обязательный 0 0
одежда 2,995732273553991 0,0018641768970466652
оказать 2,995732273553991 0,0018641768970466652
океан 1,6607312068216509 0,002066871445951028
океания 2,659260036932778 0,004964393348349928
октябрь 0 0
оман 3,912023005428146 0,00973745614294498
описание 0 0
организация 0 0
организовать 1,9661128563728327 0,0012234678633309475
орда 4,605170185988092 0,005731387910377215
осетия 3,912023005428146 0,00486872807147249
основной 0 0
оставлять 1,7719568419318754 0,0011026489371075766
остров 1,2039728043259361 0,0022476156894697
ответственность 0 0
отдельный 0 0
отказ 0 0
относиться 1,7147984280919266 0,00213416108038821
отношение 1,4696759700589417 0,0009145463410447676
отсутствовать 0,05129329438755048 0,00015959332416786085
оценивание 0,1508228897345837 0,00018770739232679986
оцук 4,605170185988092 0,005731387910377215
пакистан 2,995732273553991 0,016777592073419986
партия 1,8325814637483102 0,00114037427737916
первоначальный 2,302585092994046 0,0014328469775943037
первый 0 0
перейти 0 0
перерасти 4,605170185988092 0,0028656939551886073
персидский 1,5606477482646683 0,0009711560350122391
персоналия 0,07257069283483537 9,031822381435641E-05
пертуан 4,605170185988092 0,005731387910377215
печать 0 0
пиньинь 4,605170185988092 0,005731387910377215
площадь 1,07880966137193 0,0006713190176552147
пмжа 4,605170185988092 0,0028656939551886073
пн 0,127833371509885 0,000477287012482458
победа 1,8971199848858813 0,001180535149275595
подборка 1,6094379124341003 0,00600910234885165
подвергнуться 3,912023005428146 0,002434364035736245
подписать 2,8134107167600364 0,001750722287965175
подробный 0 0
подчинение 3,506557897319982 0,004364104414835074
поиск 0 0
политик 0 0
политический 1,2039728043259361 0,0007492052298232334
полуостров 1,9661128563728327 0,002446935726661895
получить 0 0
польский 1,2729656758128876 0,0007921379438785859
помимо 2,659260036932778 0,0016547977827833093
помочь 0,127833371509885 7,9547835413743E-05
помощь 0,127833371509885 0,000159095670827486
помпей 2,995732273553991 0,0037283537940933304
порок 3,912023005428146 0,002434364035736245
порт 1,8325814637483102 0,00114037427737916
портал 0 0
португальский 0,49429632181478017 0,00030758949708449296
поселковый 4,605170185988092 0,005731387910377215
поскольку 2,5257286443082556 0,001571704196831522
последний 0 0
посмотреть 0 0
посол 3,506557897319982 0,002182052207417537
потомок 2,659260036932778 0,0016547977827833093
пошлина 3,912023005428146 0,002434364035736245
правительство 1,5606477482646683 0,0019423120700244783
править 0 0
правка 0 0
пребывание 3,506557897319982 0,002182052207417537
превратиться 2,8134107167600364 0,001750722287965175
предлагать 0 0
предмет 2,5257286443082556 0,001571704196831522
преимущественный 2,407945608651872 0,0014984104596464667
преследование 2,995732273553991 0,0018641768970466652
признать 1,7147984280919266 0,001067080540194105
приложение 3,912023005428146 0,002434364035736245
продажа 2,659260036932778 0,0016547977827833093
проект 0 0
прожить 3,2188758248682006 0,0020030341162838835
путешественник 2,8134107167600364 0,001750722287965175
путь 2,120263536200091 0,0026387847370256266
пэйнчик 3,912023005428146 0,00973745614294498
раздел 0,9675840262617057 0,0006021058035231522
различный 1,8971199848858813 0,001180535149275595
разработчик 0 0
район 1,171182981502945 0,0007288008596782483
ранний 1,8971199848858813 0,001180535149275595
расположить 0,9162907318741551 0,00057018713868958
редкий 2,207274913189721 0,0013735375937708283
река 1,1086626245216111 0,002759583383999032
религия 0,083381608939051 0,00010377300428008837
республика 0,9416085398584451 0,0035156510511205165
республиканский 3,912023005428146 0,002434364035736245
ркк 3,2188758248682006 0,004006068232567767
родственный 0,21072103131565253 0,0001311269641043264
российский 1,0498221244986776 0,0006532807246413675
россия 0,7765287894989963 0,0028992985295544353
русский 0 0
рыбацкий 4,605170185988092 0,0028656939551886073
самый 0,5447271754416719 0,0006779429688135307
сауда 4,605170185988092 0,005731387910377215
саудовский 3,506557897319982 0,017456417659340296
сборная 2,120263536200091 0,0013193923685128133
сведение 0 0
свежий 0 0
света 2,0402208285265546 0,0012695835896244896
свободный 0 0
связать 0 0
север 1,0216512475319812 0,0012715012414834862
северный 1,1086626245216111 0,00344947922999879
сектор 3,912023005428146 0,00486872807147249
сентябрь 0 0
сиг 4,605170185988092 0,005731387910377215
сингапур 3,2188758248682006 0,008012136465135534
сирия 2,995732273553991 0,007456707588186661
система 0 0
скопировать 4,605170185988092 0,0028656939551886073
скульптура 2,995732273553991 0,0018641768970466652
слой 2,8134107167600364 0,001750722287965175
служить 2,0402208285265546 0,0012695835896244896
случай 0 0
случайный 0 0
сменный 4,605170185988092 0,0028656939551886073
смотреть 0 0
событие 0 0
советский 1,3470736479666094 0,0008382536701721278
советско 2,995732273553991 0,0018641768970466652
содержание 0,1392620673335076 8,6659656088057E-05
создать 0 0
сойти 4,605170185988092 0,0028656939551886073
сомали 2,995732273553991 0,0018641768970466652
сообщество 0 0
соответствие 2,302585092994046 0,0014328469775943037
состав 1,0498221244986776 0,0006532807246413675
соус 3,912023005428146 0,00486872807147249
сохранение 0 0
специальный 2,407945608651872 0,0014984104596464667
список 0 0
спор 2,8134107167600364 0,001750722287965175
спорт 0,083381608939051 0,00010377300428008837
средний 1,8971199848858813 0,00472214059710238
средоточие 4,605170185988092 0,0028656939551886073
ссср 1,4271163556401458 0,004440312245302259
ссылаться 0 0
ссылка 0 0
стамбек 4,605170185988092 0,005731387910377215
статистик 0 0
стать 0,4620354595965586 0,000575028574482338
статья 0 0
степь 3,506557897319982 0,004364104414835074
страна 0,43078291609245434 0,0013403326574127391
страница 0 0
ступа 2,8134107167600364 0,00350144457593035
ступить 4,605170185988092 0,0028656939551886073
суппасить 4,605170185988092 0,005731387910377215
сын 1,6607312068216509 0,002066871445951028
сэк 4,605170185988092 0,005731387910377215
сюд 0 0
табак 3,912023005428146 0,0073030921072087356
табачный 3,912023005428146 0,00486872807147249
таджикистан 3,506557897319982 0,008728208829670148
таиланд 3,506557897319982 0,008728208829670148
тайвань 3,506557897319982 0,008728208829670148
тайнан 4,605170185988092 0,0028656939551886073
такэо 4,605170185988092 0,005731387910377215
текст 0 0
территория 0,8675005677047231 0,0021593044622395096
техника 0,06187540371808745 7,700734750228681E-05
течь 0 0
тибет 3,506557897319982 0,004364104414835074
тимор 4,605170185988092 0,005731387910377215
традиционный 1,8971199848858813 0,001180535149275595
трайпипаттанапонг 4,605170185988092 0,005731387910377215
третий 1,7147984280919266 0,001067080540194105
трубка 4,605170185988092 0,0028656939551886073
турганбек 4,605170185988092 0,005731387910377215
турецкий 2,8134107167600364 0,00350144457593035
туркмения 3,2188758248682006 0,008012136465135534
турция 2,302585092994046 0,005731387910377215
узбекистан 2,8134107167600364 0,0070028891518607
уйсать 4,605170185988092 0,005731387910377215
указатель 0 0
украинский 1,07880966137193 0,0006713190176552147
улица 1,8971199848858813 0,001180535149275595
улучшение 1,4271163556401458 0,0008880624490604517
умидов 3,506557897319982 0,004364104414835074
упр 4,605170185988092 0,0028656939551886073
условие 0 0
установить 1,7719568419318754 0,0011026489371075766
участие 0 0
участник 0 0
учение 2,659260036932778 0,0016547977827833093
учиться 2,659260036932778 0,0016547977827833093
факультет 2,5257286443082556 0,003143408393663044
фаррухзад 3,912023005428146 0,00486872807147249
февраль 0 0
федерация 1,4271163556401458 0,0008880624490604517
фейсал 4,605170185988092 0,005731387910377215
филиппина 3,912023005428146 0,00973745614294498
философ 2,5257286443082556 0,001571704196831522
философия 0,09431067947124142 0,00011737483443838383
философский 2,8134107167600364 0,001750722287965175
финансовый 2,995732273553991 0,0037283537940933304
формирование 2,995732273553991 0,0018641768970466652
форум 0 0
французский 0,23572233352106994 0,0001466847128320286
фрунза 2,995732273553991 0,0037283537940933304
фу 4,605170185988092 0,0028656939551886073
фумио 4,605170185988092 0,005731387910377215
футляр 3,506557897319982 0,002182052207417537
характер 2,5257286443082556 0,001571704196831522
хаяся 4,605170185988092 0,005731387910377215
хомейн 3,912023005428146 0,00486872807147249
храм 1,2729656758128876 0,0007921379438785859
христос 2,659260036932778 0,0016547977827833093
ценность 3,2188758248682006 0,0020030341162838835
центр 0,8915981192837835 0,0011096429611496994
центральный 1,2729656758128876 0,0031685517755143436
цза 4,605170185988092 0,005731387910377215
цзихэтан 4,605170185988092 0,0028656939551886073
цивилизация 2,659260036932778 0,0016547977827833093
цо 4,605170185988092 0,005731387910377215
цушид 4,605170185988092 0,005731387910377215
цыпленка 3,912023005428146 0,00486872807147249
частичный 2,659260036932778 0,0016547977827833093
часть 0,5978370007556204 0,0003720205356288864
чел 2,0402208285265546 0,0012695835896244896
чемпионат 1,4696759700589417 0,0009145463410447676
читать 0 0
шаблон 0 0
шанхай 4,605170185988092 0,01146277582075443
шах 3,912023005428146 0,00486872807147249
шеньнун 4,605170185988092 0,005731387910377215
школа 1,8325814637483102 0,00114037427737916
шри 3,506557897319982 0,004364104414835074
э 2,0402208285265546 0,005078334358497958
элемент 0,19845093872383823 0,000246983122244976
элифаз 3,912023005428146 0,00486872807147249
эномото 4,605170185988092 0,005731387910377215
энциклопедия 0 0
этика 3,912023005428146 0,002434364035736245
юг 1,0216512475319812 0,0012715012414834862
юго 1,171182981502945 0,0014576017193564967
южный 1,171182981502945 0,008016809456460732
юк 4,605170185988092 0,005731387910377215
юкка 4,605170185988092 0,005731387910377215
являться 0,3424903089467759 0,0002131240254802588
язык 0 0
янг 3,2188758248682006 0,004006068232567767
янмирт 4,605170185988092 0,005731387910377215
янцзы 4,605170185988092 0,005731387910377215
япония 1,8971199848858813 0,008263746044929167
японский 1,4696759700589417 0,002743639023134303
