абай 4,605170185988092 0,005969112360321571
август 0 0
автомагистраль 4,605170185988092 0,0029845561801607853
автомобильный 2,659260036932778 0,0034468697821552533
агач 4,605170185988092 0,005969112360321571
административный 0,7133498878774648 0,0009246272039889369
азиатский 3,912023005428146 0,00253533571317443
азия 1,5141277326297755 0,0019625764518856454
академия 2,120263536200091 0,0027482353029165147
аккемский 4,605170185988092 0,005969112360321571
алейск 4,605170185988092 0,005969112360321571
александр 1,3470736479666094 0,003492089819744937
алексеевич 1,8971199848858813 0,002459001924673858
алтаец 4,605170185988092 0,005969112360321571
алтай 3,912023005428146 0,2509982356042686
алтайск 4,605170185988092 0,011938224720643141
алтайский 3,912023005428146 0,12676678565872151
алфавит 0 0
анатольевич 2,995732273553991 0,0038829971141334943
апрель 0 0
асфальтировать 4,605170185988092 0,0029845561801607853
афанасьевский 4,605170185988092 0,005969112360321571
ая 4,605170185988092 0,005969112360321571
барнаул 3,506557897319982 0,024998144439740636
барнаульский 3,912023005428146 0,01014134285269772
белокуриха 4,605170185988092 0,005969112360321571
белоярский 4,605170185988092 0,005969112360321571
белуха 4,605170185988092 0,011938224720643141
бийск 4,605170185988092 0,011938224720643141
бийский 4,605170185988092 0,011938224720643141
бирюзовый 4,605170185988092 0,005969112360321571
бия 4,605170185988092 0,005969112360321571
богдо 3,912023005428146 0,00507067142634886
божий 2,407945608651872 0,0031211219814022964
борис 2,5257286443082556 0,003273789558403442
борисович 2,8134107167600364 0,003646676236889224
бухтарминский 4,605170185988092 0,005969112360321571
валерьянович 3,912023005428146 0,00507067142634886
васильевич 1,8325814637483102 0,0023753486244307326
версия 0 0
википедия 0 0
викисклад 0,5798184952529422 0,0007515469802371253
вклад 0 0
владимир 1,2378743560016172 0,0032090067556749635
владимирович 2,0402208285265546 0,005288971687690355
внести 2,5257286443082556 0,001636894779201721
водохранилище 2,8134107167600364 0,003646676236889224
возвышенность 3,506557897319982 0,0045451171708619335
восток 0,7985076962177716 0,001035006735214221
восточный 0,9162907318741551 0,0005938371561076831
вуз 2,995732273553991 0,0019414985570667472
высокий 1,8971199848858813 0,002459001924673858
высочайший 3,912023005428146 0,00253533571317443
гаврилюк 4,605170185988092 0,005969112360321571
геннадия 2,995732273553991 0,0038829971141334943
географический 2,302585092994046 0,0014922780900803927
география 0,083381608939051 0,0006484635821572339
глубокий 2,8134107167600364 0,001823338118444612
гор 1,5141277326297755 0,0029438646778284683
горбун 3,912023005428146 0,00507067142634886
горнозаводский 4,605170185988092 0,0029845561801607853
горный 1,8971199848858813 0,008606506736358502
горняк 4,605170185988092 0,005969112360321571
город 0,3424903089467759 0,00044392781457780413
государственный 0,7765287894989963 0,0005032590988327908
граница 1,4271163556401458 0,0018497943689438053
григорьевич 2,407945608651872 0,006242243962804593
григорьевна 4,605170185988092 0,005969112360321571
губернатор 2,8134107167600364 0,001823338118444612
губерния 2,659260036932778 0,00517030467323288
гуртуев 4,605170185988092 0,005969112360321571
гэс 3,912023005428146 0,00507067142634886
далья 0,3566749439387324 0,00046231360199446844
данный 0,1508228897345837 9,774652607555651E-05
два 0 0
декабрь 0 0
дементьева 1,9661128563728327 0,005096857696365088
денисовый 4,605170185988092 0,005969112360321571
деомидовна 4,605170185988092 0,005969112360321571
добавить 1,0498221244986776 0,0020411318039507665
долина 2,120263536200091 0,0013741176514582574
дорога 1,5606477482646683 0,0030343118890434253
достопримечательность 1,7147984280919266 0,0022226810474295874
евгенья 2,0402208285265546 0,0026444858438451776
елена 2,407945608651872 0,0031211219814022964
журнал 0 0
завод 2,120263536200091 0,005496470605833029
зайсан 4,605170185988092 0,005969112360321571
зайсанский 4,605170185988092 0,005969112360321571
заниматься 0 0
запад 0,9162907318741551 0,0005938371561076831
западный 0,9942522733438669 0,0032218155325465553
заплавный 4,605170185988092 0,005969112360321571
заповедник 2,302585092994046 0,011938224720643141
запрос 0,1165338162559516 0,0001510483684458219
заринск 4,605170185988092 0,005969112360321571
звание 2,407945608651872 0,0031211219814022964
здание 1,8325814637483102 0,0023753486244307326
змеиногорск 4,605170185988092 0,008953668540482356
змеиногорский 4,605170185988092 0,0029845561801607853
знаете 0,06187540371808745 8,020143061320473E-05
знак 0 0
значение 1,9661128563728327 0,002548428848182544
зона 2,659260036932778 0,0034468697821552533
зыряновск 4,605170185988092 0,005969112360321571
зыряновский 4,605170185988092 0,005969112360321571
иван 1,7719568419318754 0,004593536855299742
игорный 3,912023005428146 0,00507067142634886
избранный 0,083381608939051 0,00021615452738574464
избрать 0 0
изменение 0 0
изображение 0,06187540371808745 0,0002807050071462166
изобретатель 2,659260036932778 0,0017234348910776266
икона 2,8134107167600364 0,003646676236889224
иметься 1,4271163556401458 0,0009248971844719026
империя 1,2039728043259361 0,0015605609907011486
инженер 3,2188758248682006 0,004172230492376151
интервик 0,9675840262617057 0,0006270797318611184
иркутск 3,506557897319982 0,0068176757562929
иртыш 4,605170185988092 0,005969112360321571
исидор 3,2188758248682006 0,004172230492376151
искать 0 0
искусство 0,083381608939051 0,00010807726369287232
использование 0 0
использовать 1,4271163556401458 0,0009248971844719026
история 0 0
источник 0 0
июнь 0 0
казанский 2,995732273553991 0,0038829971141334943
казахстан 2,5257286443082556 0,008184473896008605
каменогорск 3,912023005428146 0,00507067142634886
каменогорский 4,605170185988092 0,005969112360321571
каменоломня 4,605170185988092 0,005969112360321571
камень 2,5257286443082556 0,003273789558403442
карпунин 4,605170185988092 0,005969112360321571
категория 0 0
катунский 4,605170185988092 0,017907337080964713
катунь 4,605170185988092 0,011938224720643141
километр 2,5257286443082556 0,001636894779201721
китай 1,8971199848858813 0,006147504811684645
км 0,8209805520698303 0,0015962032768694044
книга 0 0
код 0 0
козьмич 4,605170185988092 0,008953668540482356
кокс 3,912023005428146 0,00507067142634886
кольчужкин 4,605170185988092 0,005969112360321571
комбинат 3,912023005428146 0,00507067142634886
коргонская 4,605170185988092 0,005969112360321571
котловина 4,605170185988092 0,0029845561801607853
кош 4,605170185988092 0,005969112360321571
краеведческий 3,912023005428146 0,00507067142634886
край 1,9661128563728327 0,05096857696365088
крепость 1,9661128563728327 0,010193715392730176
кряж 4,605170185988092 0,011938224720643141
кузбасс 4,605170185988092 0,005969112360321571
кулундинский 4,605170185988092 0,011938224720643141
культура 0,3566749439387324 0,0023115680099723424
курамжин 3,912023005428146 0,00507067142634886
ледник 3,506557897319982 0,0045451171708619335
леонид 2,8134107167600364 0,003646676236889224
личность 0,127833371509885 8,284729197011341E-05
логун 4,605170185988092 0,005969112360321571
лучший 0 0
май 0 0
майма 4,605170185988092 0,005969112360321571
маймин 3,2188758248682006 0,004172230492376151
манжерка 4,605170185988092 0,005969112360321571
маркаколь 4,605170185988092 0,011938224720643141
март 0 0
марта 0,3566749439387324 0,004623136019944685
маршрут 3,2188758248682006 0,0020861152461880755
материал 0 0
мать 2,207274913189721 0,0028610173858583552
медиафайл 1,6094379124341003 0,0010430576230940377
межгорный 4,605170185988092 0,0029845561801607853
место 0 0
миро 0 0
мифология 2,120263536200091 0,0027482353029165147
млн 1,8325814637483102 0,0011876743122153663
мобильный 0 0
моисей 2,995732273553991 0,0038829971141334943
мой 0 0
монголия 2,8134107167600364 0,014586704947556896
монета 2,5257286443082556 0,003273789558403442
морозовый 4,605170185988092 0,005969112360321571
моча 0,16251892949777494 0,00010532659073089756
музей 1,3093333199837622 0,00169712679194266
муниципальный 2,659260036932778 0,006893739564310507
навигация 0 0
награда 1,3470736479666094 0,0017460449098724686
нажать 0 0
название 0 0
найти 0 0
написание 1,9661128563728327 0,001274214424091272
написать 0,9942522733438669 0,000644363106509311
народ 1,4271163556401458 0,0009248971844719026
население 0,5108256237659907 0,0013242401134568782
наталья 2,659260036932778 0,0034468697821552533
наука 0,05129329438755048 6,648515150687036E-05
находиться 0 0
начат 4,605170185988092 0,059691123603215705
начинать 0,1508228897345837 0,00019549305215111302
некоммерческий 0 0
необходимо 2,8134107167600364 0,001823338118444612
николай 1,5141277326297755 0,0019625764518856454
новоалтайск 4,605170185988092 0,005969112360321571
новосибирск 3,2188758248682006 0,010430576230940378
новосибирский 4,605170185988092 0,0029845561801607853
новый 0 0
ноябрь 0 0
область 0,7765287894989963 0,0010065181976655817
образование 0,7339691750802005 0,002854060304913288
обсуждение 0 0
общество 0,07257069283483537 9,406441067379828E-05
обь 3,506557897319982 0,009090234341723867
обязательный 0 0
озеро 1,8325814637483102 0,010689068809938296
октябрь 0 0
олегович 3,912023005428146 0,00507067142634886
описание 0 0
оразович 4,605170185988092 0,005969112360321571
организатор 2,8134107167600364 0,001823338118444612
организация 0 0
основной 0 0
ответственность 0 0
отдельный 0 0
отказ 0 0
отсутствовать 0,05129329438755048 0,0002991831817809166
охватывать 2,995732273553991 0,0019414985570667472
оценивание 0,1508228897345837 0,00019549305215111302
павловск 4,605170185988092 0,005969112360321571
пазырыкский 4,605170185988092 0,005969112360321571
парк 1,6094379124341003 0,0020861152461880755
парыгин 4,605170185988092 0,005969112360321571
первый 0 0
перевал 3,912023005428146 0,00507067142634886
перейти 0 0
пересекать 3,506557897319982 0,0022725585854309668
персоналия 0,07257069283483537 0,00037625764269519314
петербург 2,207274913189721 0,0028610173858583552
печать 0 0
пещера 2,5257286443082556 0,003273789558403442
плато 3,506557897319982 0,0045451171708619335
плешак 3,912023005428146 0,00507067142634886
площадь 1,07880966137193 0,0013983274936771614
пн 0,127833371509885 0,0005799310437907939
подборка 1,6094379124341003 0,0020861152461880755
подробный 0 0
поиск 0 0
полиметаллический 4,605170185988092 0,005969112360321571
политик 0 0
получить 0 0
помещать 3,506557897319982 0,009090234341723867
помочь 0,127833371509885 8,284729197011341E-05
помощь 0,127833371509885 8,284729197011341E-05
портал 0 0
поселение 2,0402208285265546 0,0026444858438451776
последний 0 0
посмотреть 0 0
править 0 0
правка 0 0
право 0,843970070294529 0,0010939339861238224
праздник 1,4271163556401458 0,0018497943689438053
предгорье 3,912023005428146 0,00253533571317443
предлагать 0 0
преимущественный 2,407945608651872 0,0015605609907011482
принцесса 2,8134107167600364 0,003646676236889224
приобский 4,605170185988092 0,005969112360321571
приток 2,8134107167600364 0,001823338118444612
проект 0 0
производить 3,2188758248682006 0,0020861152461880755
производство 2,207274913189721 0,0014305086929291776
протягиваться 4,605170185988092 0,0029845561801607853
протяженность 3,912023005428146 0,00253533571317443
пункт 1,5606477482646683 0,002022874592695617
равнина 2,995732273553991 0,0019414985570667472
равнинный 3,912023005428146 0,00253533571317443
развитие 0,9416085398584451 0,0006102453271927706
разделить 2,8134107167600364 0,001823338118444612
разработчик 0 0
район 1,171182981502945 0,001518059600133435
ралли 4,605170185988092 0,005969112360321571
расположить 0,9162907318741551 0,0017815114683230496
регион 0,9942522733438669 0,002577452426037244
редкий 2,207274913189721 0,0014305086929291776
религия 0,083381608939051 0,00010807726369287232
рельеф 2,8134107167600364 0,001823338118444612
республика 0,9416085398584451 0,03173275701402407
речной 3,506557897319982 0,0022725585854309668
родственный 0,21072103131565253 0,0001365658012415117
роман 1,4696759700589417 0,0038099182632765826
романюк 4,605170185988092 0,005969112360321571
российский 1,0498221244986776 0,0047626408758851225
россия 0,7765287894989963 0,005032590988327908
рубцовск 4,605170185988092 0,005969112360321571
рудник 3,506557897319982 0,0022725585854309668
русский 0 0
рыбалко 4,605170185988092 0,005969112360321571
сагит 4,605170185988092 0,005969112360321571
садык 4,605170185988092 0,005969112360321571
салаирский 4,605170185988092 0,011938224720643141
самый 0,5447271754416719 0,0003530312219323862
санкт 2,120263536200091 0,0027482353029165147
сведение 0 0
свежий 0 0
свободный 0 0
свой 1,4696759700589417 0,0009524795658191457
связать 0 0
северноалтайский 4,605170185988092 0,008953668540482356
северо 1,6094379124341003 0,0010430576230940377
село 2,407945608651872 0,0015605609907011482
сельский 1,6607312068216509 0,002152600397694946
семинский 4,605170185988092 0,005969112360321571
сентябрь 0 0
сергей 1,8325814637483102 0,0023753486244307326
серебро 2,995732273553991 0,0038829971141334943
сереброплавильный 4,605170185988092 0,011938224720643141
сибирский 3,506557897319982 0,0045451171708619335
сибирь 2,995732273553991 0,007765994228266989
символика 2,302585092994046 0,005969112360321571
система 0 0
славгород 4,605170185988092 0,005969112360321571
следовать 1,4271163556401458 0,0009248971844719026
случай 0 0
случайный 0 0
смотреть 0 0
событие 0 0
содержание 0,1392620673335076 9,025409418892262E-05
создать 0 0
солтанович 4,605170185988092 0,005969112360321571
сообщество 0 0
сооружение 2,207274913189721 0,0028610173858583552
сохранение 0 0
список 0 0
спорт 0,083381608939051 0,00010807726369287232
ссылаться 0 0
ссылка 0 0
статистик 0 0
статья 0 0
сторона 1,7719568419318754 0,0011483842138249355
страница 0 0
субъект 2,407945608651872 0,004681682972103445
сюд 0 0
тавать 4,605170185988092 0,005969112360321571
таман 4,605170185988092 0,0029845561801607853
ташант 4,605170185988092 0,005969112360321571
текст 0 0
телецкое 4,605170185988092 0,005969112360321571
тема 0,7550225842780328 0,0004893211822929571
тематика 1,7147984280919266 0,0011113405237147937
территория 0,8675005677047231 0,0011244336587229074
техника 0,06187540371808745 8,020143061320473E-05
течь 0 0
тигирекский 4,605170185988092 0,005969112360321571
томский 4,605170185988092 0,011938224720643141
тоннель 4,605170185988092 0,0029845561801607853
точка 2,207274913189721 0,0014305086929291776
тракт 3,506557897319982 0,01590791009801677
три 3,506557897319982 0,0022725585854309668
троицкий 3,506557897319982 0,0068176757562929
туризм 1,4696759700589417 0,0038099182632765826
тыс 1,6607312068216509 0,003228900596542419
узкий 2,995732273553991 0,0019414985570667472
указатель 0 0
укок 4,605170185988092 0,011938224720643141
ул 3,506557897319982 0,0045451171708619335
условие 0 0
усть 2,995732273553991 0,011648991342400484
участие 0 0
участник 0 0
факт 2,302585092994046 0,0014922780900803927
февраль 0 0
федеральный 2,0402208285265546 0,0026444858438451776
федерация 1,4271163556401458 0,004624485922359514
философия 0,09431067947124142 0,0001222432656788612
форпост 4,605170185988092 0,005969112360321571
форум 0 0
фрол 4,605170185988092 0,014922780900803926
футболист 1,8971199848858813 0,002459001924673858
характер 2,5257286443082556 0,001636894779201721
характеризоваться 2,8134107167600364 0,001823338118444612
хороший 0,7985076962177716 0,0005175033676071105
храм 1,2729656758128876 0,001649987914209835
хребет 3,506557897319982 0,0068176757562929
центр 0,8915981192837835 0,0011556683334851374
центральный 1,2729656758128876 0,0024749818713147523
цибин 3,912023005428146 0,00507067142634886
чарыш 4,605170185988092 0,005969112360321571
чарышский 4,605170185988092 0,005969112360321571
часть 0,5978370007556204 0,0011623532095054187
чемальский 4,605170185988092 0,005969112360321571
чемать 4,605170185988092 0,005969112360321571
чик 4,605170185988092 0,0029845561801607853
читать 0 0
чтение 3,506557897319982 0,0045451171708619335
чуйский 4,605170185988092 0,020891893261125498
чумышский 4,605170185988092 0,005969112360321571
чуя 4,605170185988092 0,011938224720643141
шаблон 0 0
шаманизм 4,605170185988092 0,005969112360321571
шарип 4,605170185988092 0,005969112360321571
шарипович 4,605170185988092 0,005969112360321571
шебалино 4,605170185988092 0,005969112360321571
широкий 2,207274913189721 0,0014305086929291776
шоссе 3,506557897319982 0,0022725585854309668
шукшинский 4,605170185988092 0,005969112360321571
экономика 0,7550225842780328 0,0034252482760506998
элемент 0,19845093872383823 0,00025722739951242803
энциклопедия 0 0
этнография 3,912023005428146 0,00507067142634886
юг 1,0216512475319812 0,0013242401134568778
юго 1,171182981502945 0,001518059600133435
южноалтайский 4,605170185988092 0,008953668540482356
южный 1,171182981502945 0,0007590298000667175
юрист 2,5257286443082556 0,003273789558403442
юрьевич 2,407945608651872 0,0031211219814022964
являться 0,3424903089467759 0,00022196390728890206
язык 0 0
январь 0,6733445532637655 0,001309159857285351
яровой 4,605170185988092 0,005969112360321571
