август 0 0
агломерация 3,2188758248682006 0,004624821587454311
административный 0,7133498878774648 0,0010249279998239436
александров 3,912023005428146 0,3203811944100637
александровская 3,912023005428146 0,028103613544742428
александровский 4,605170185988092 0,01323324766088532
алфавит 0 0
апрель 0 0
архив 0,3011050927839216 0,0017304890389880552
архитектура 1,1086626245216111 0,003185812139429917
бекбулатович 4,605170185988092 0,01323324766088532
боголюбово 3,912023005428146 0,011241445417896971
василий 1,8325814637483102 0,002633019344465963
век 0,5108256237659907 0,0007339448617327453
великий 1,0216512475319812 0,0029357794469309804
великое 2,8134107167600364 0,004042256776954075
величина 2,659260036932778 0,0038207759151333014
венчаный 4,605170185988092 0,00661662383044266
версия 0 0
весь 2,659260036932778 0,019103879575666508
википедия 0 0
вклад 0 0
владимир 1,2378743560016172 0,019564106201174988
владимирский 3,2188758248682006 0,046248215874543114
ворот 2,8134107167600364 0,00808451355390815
восточный 0,9162907318741551 0,002633019344465963
впервый 1,5606477482646683 0,002242309983138891
география 0,083381608939051 0,00023960232453750286
герб 0,7133498878774648 0,002049855999647887
город 0,3424903089467759 0,005412921549446171
городской 2,120263536200091 0,006092711310919802
государь 4,605170185988092 0,01323324766088532
грозный 2,995732273553991 0,017216852146862017
губерния 2,659260036932778 0,007641551830266603
два 0 0
декабрь 0 0
день 1,3862943611198906 0,005975406728965045
добавить 1,0498221244986776 0,003016730242812292
добро 1,8325814637483102 0,002633019344465963
достопримечательность 1,7147984280919266 0,0024637908449596647
единственный 1,3470736479666094 0,001935450643630186
житель 1,7147984280919266 0,0024637908449596647
журнал 0 0
заниматься 0 0
запрос 0,1165338162559516 0,000334867288091815
знаете 0,06187540371808745 0,00017780288424737773
знак 0 0
золотой 1,4696759700589417 0,0126696204315426
иван 1,7719568419318754 0,010183660011102732
иваново 3,912023005428146 0,016862168126845458
избранный 0,083381608939051 0,0003594034868062543
избрать 0 0
изменение 0 0
изображение 0,06187540371808745 8,890144212368886E-05
иметь 0,616186139423817 0,0008853249129652542
интервик 0,9675840262617057 0,0013902069342840598
искать 0 0
искусство 0,083381608939051 0,00023960232453750286
использование 0 0
история 0 0
источник 0 0
июнь 0 0
карабаново 4,605170185988092 0,01323324766088532
категория 0 0
книга 0 0
княжество 2,5257286443082556 0,003628920465960137
князь 2,407945608651872 0,006919383932907678
код 0 0
коломна 3,912023005428146 0,016862168126845458
кольцо 3,2188758248682006 0,018499286349817245
культура 0,3566749439387324 0,0010249279998239436
личность 0,127833371509885 0,00018366863722684624
лучший 0 0
май 0 0
март 0 0
марта 0,3566749439387324 0,003074783999471831
материал 0 0
место 0 0
миро 0 0
мобильный 0 0
мой 0 0
москва 1,4271163556401458 0,012302727203794361
московский 2,207274913189721 0,006342744003418738
моча 0,16251892949777494 0,0002335042090485272
муниципальный 2,659260036932778 0,007641551830266603
муром 3,912023005428146 0,011241445417896971
навигация 0 0
нажать 0 0
название 0 0
найти 0 0
население 0,5108256237659907 0,0007339448617327453
наука 0,05129329438755048 0,00014739452410215655
находиться 0 0
начинать 0,1508228897345837 0,00043339910843271176
некоммерческий 0 0
нечитаемый 1,5606477482646683 0,006726929949416674
никитич 3,912023005428146 0,005620722708948486
новый 0 0
номинальный 4,605170185988092 0,00661662383044266
ноябрь 0 0
обзорный 2,8134107167600364 0,004042256776954075
область 0,7765287894989963 0,01004132055386633
образование 0,7339691750802005 0,002109106824943105
образовать 1,6607312068216509 0,002386108055778234
обсуждение 0 0
общество 0,07257069283483537 0,00020853647366332004
обязательный 0 0
октябрь 0 0
описание 0 0
организация 0 0
основать 1,2729656758128876 0,003657947344289907
основной 0 0
ответственность 0 0
отдельный 0 0
отказ 0 0
отсутствовать 0,05129329438755048 0,0006632753584597045
оценивание 0,1508228897345837 0,00043339910843271176
первый 0 0
перейти 0 0
персоналия 0,07257069283483537 0,0005213411841583001
печать 0 0
пн 0,127833371509885 0,0011020118233610776
подробный 0 0
пожаловать 1,7719568419318754 0,002545915002775683
поиск 0 0
политик 0 0
получить 0 0
помочь 0,127833371509885 0,0003673372744536925
помощь 0,127833371509885 0,00018366863722684624
портал 0 0
поселение 2,0402208285265546 0,00586270353024872
последний 0 0
посмотреть 0 0
потенциальный 1,5141277326297755 0,006526412640645584
править 0 0
правка 0 0
предлагать 0 0
проект 0 0
прозвать 3,912023005428146 0,005620722708948486
пункт 1,5606477482646683 0,002242309983138891
разработчик 0 0
район 1,171182981502945 0,003365468337652141
ранея 2,5257286443082556 0,003628920465960137
религия 0,083381608939051 0,00023960232453750286
рис 3,912023005428146 0,005620722708948486
родственный 0,21072103131565253 0,00030276010246501803
российский 1,0498221244986776 0,003016730242812292
россия 0,7765287894989963 0,011157022837629257
русский 0 0
русь 2,8134107167600364 0,028295797438678525
рязань 3,506557897319982 0,015114473695344749
сведение 0 0
свежий 0 0
свободный 0 0
связать 0 0
северо 1,6094379124341003 0,004624821587454311
сентябрь 0 0
симеон 3,506557897319982 0,010076315796896499
система 0 0
следовать 1,4271163556401458 0,002050454533965727
слобода 3,912023005428146 0,033724336253690916
случай 0 0
случайный 0 0
смотреть 0 0
снимок 3,2188758248682006 0,004624821587454311
собор 1,9661128563728327 0,01129949917455651
событие 0 0
содержание 0,1392620673335076 0,00020008917720331553
создать 0 0
сообщество 0 0
состав 1,0498221244986776 0,001508365121406146
сохранение 0 0
список 0 0
спорт 0,083381608939051 0,00023960232453750286
спутник 2,5257286443082556 0,007257840931920274
ссылаться 0 0
ссылка 0 0
статистик 0 0
статус 1,4271163556401458 0,002050454533965727
статья 0 0
страница 0 0
струнино 4,605170185988092 0,01323324766088532
суздаль 3,912023005428146 0,011241445417896971
сюд 0 0
татищево 4,605170185988092 0,00661662383044266
текст 0 0
техника 0,06187540371808745 0,00017780288424737773
течь 0 0
транспорт 0,9162907318741551 0,002633019344465963
троицкий 3,506557897319982 0,010076315796896499
туристический 3,2188758248682006 0,004624821587454311
тыс 1,6607312068216509 0,002386108055778234
указатель 0 0
улучшить 1,6607312068216509 0,002386108055778234
условие 0 0
успенский 3,2188758248682006 0,009249643174908622
участие 0 0
участник 0 0
февраль 0 0
философия 0,09431067947124142 0,0002710076996300041
форум 0 0
хотеть 2,302585092994046 0,00330831191522133
царь 2,120263536200091 0,006092711310919802
центр 0,8915981192837835 0,003843095341740446
церковь 1,4271163556401458 0,002050454533965727
читать 0 0
шаблон 0 0
энциклопедия 0 0
являться 0,3424903089467759 0,0004920837772223792
язык 0 0
яндекс 3,506557897319982 0,0050381578984482495
