август 0 0
августа 0,843970070294529 0,0006603834665841385
административный 0,7133498878774648 0,0016745302532334854
алфавит 0 0
амбициозность 4,605170185988092 0,0036034195508514023
амбициозный 4,605170185988092 0,0036034195508514023
америка 1,4271163556401458 0,0011166794645071565
американский 1,4271163556401458 0,0011166794645071565
аналог 3,912023005428146 0,0030610508649672502
аналогичный 2,995732273553991 0,002344078461309852
англоязычный 2,995732273553991 0,002344078461309852
апрель 0 0
арабский 0,38566248081198473 0,0003017703292738535
аргумент 3,912023005428146 0,009183152594901751
арли 4,605170185988092 0,0036034195508514023
ассамблея 4,605170185988092 0,007206839101702805
атлантический 1,9661128563728327 0,0015384294650804637
африка 1,5606477482646683 0,019538625956365175
африканский 2,120263536200091 0,0016590481503913075
аэропорт 2,120263536200091 0,0016590481503913075
базар 3,506557897319982 0,00548757104431922
белый 1,6094379124341003 0,006296705447707748
бенин 3,2188758248682006 0,015112093074498595
бобо 4,605170185988092 0,007206839101702805
большинство 1,7147984280919266 0,0013417828075836672
большой 1,1086626245216111 0,0008674981412532169
буркина 3,2188758248682006 0,2720176753409747
быть 1,9661128563728327 0,0015384294650804637
валюта 1,5141277326297755 0,0023695269681217146
введение 1,3470736479666094 0,003162144713536642
великий 1,0216512475319812 0,0015988282433990317
величина 2,659260036932778 0,002080798150964615
версия 0 0
верхний 2,407945608651872 0,009420757467339091
верховье 4,605170185988092 0,0036034195508514023
взгляд 2,8134107167600364 0,002201416836275459
викиверситет 2,659260036932778 0,002080798150964615
викиновость 1,0216512475319812 0,0007994141216995158
википедия 0 0
викисклад 0,5798184952529422 0,001361076279936484
викисловар 1,8325814637483102 0,0014339448073147968
викитек 1,1394342831883648 0,0008915761214306454
викиучебник 2,5257286443082556 0,001976313493198948
викицитатник 0,9675840262617057 0,0007571080017697228
вклад 0 0
власть 1,4696759700589417 0,0022999623944584377
влияние 2,302585092994046 0,0018017097754257012
вмест 1,8971199848858813 0,0014844444326180604
внешний 1,3862943611198906 0,002169474743536605
военный 1,0498221244986776 0,002464371184269196
возрождение 3,912023005428146 0,0030610508649672502
воительница 3,912023005428146 0,0030610508649672502
вокзал 4,605170185988092 0,0036034195508514023
вольт 3,506557897319982 0,01097514208863844
вольта 4,605170185988092 0,043241034610216826
восток 0,7985076962177716 0,0018744312117788067
всеобщий 3,2188758248682006 0,002518682179083099
второй 1,2378743560016172 0,0009686027824738789
выйти 2,659260036932778 0,002080798150964615
выход 1,8325814637483102 0,0028678896146295935
гамбия 3,506557897319982 0,00548757104431922
гана 3,2188758248682006 0,012593410895415496
гвинея 3,2188758248682006 0,005037364358166198
гевар 3,506557897319982 0,00274378552215961
гевара 4,605170185988092 0,0036034195508514023
география 0,083381608939051 0,00032621912730458136
герб 0,7133498878774648 0,001116353502155657
гимн 1,2378743560016172 0,0019372055649477578
глава 2,120263536200091 0,003318096300782615
говорить 3,506557897319982 0,00548757104431922
говорят 3,912023005428146 0,0030610508649672502
год 0,6348782724359695 0,000496774861061009
голосование 3,2188758248682006 0,002518682179083099
город 0,3424903089467759 0,0018759250098806192
государственный 0,7765287894989963 0,0018228375340352027
государство 0,6733445532637655 0,002107494689401457
граничить 1,1394342831883648 0,0008915761214306454
грязь 3,912023005428146 0,0030610508649672502
д 1,5141277326297755 0,005923817420304286
даль 3,506557897319982 0,00274378552215961
далья 0,3566749439387324 0,0008372651266167427
данный 0,1508228897345837 0,00011801478069998724
два 0 0
дворец 1,9661128563728327 0,0015384294650804637
двухпалатный 3,912023005428146 0,0030610508649672502
декабрь 0 0
деление 0,9675840262617057 0,0015142160035394455
депутат 2,995732273553991 0,004688156922619704
дерево 1,7147984280919266 0,0026835656151673343
держава 2,8134107167600364 0,002201416836275459
деятель 1,5141277326297755 0,0011847634840608573
деятельность 2,120263536200091 0,0016590481503913075
диуласо 4,605170185988092 0,007206839101702805
добавление 3,2188758248682006 0,002518682179083099
долина 2,120263536200091 0,0016590481503913075
достойный 4,605170185988092 0,007206839101702805
достопримечательность 1,7147984280919266 0,0013417828075836672
дьюл 4,605170185988092 0,007206839101702805
европа 0,8915981192837835 0,0006976511105506913
ед 3,912023005428146 0,0030610508649672502
железнодорожный 2,302585092994046 0,0018017097754257012
житель 1,7147984280919266 0,0013417828075836672
журнал 0 0
заведение 2,995732273553991 0,002344078461309852
заимствовать 3,506557897319982 0,00274378552215961
закрыть 3,2188758248682006 0,002518682179083099
замуж 3,912023005428146 0,0030610508649672502
заниматься 0 0
запад 0,9162907318741551 0,0014339448073147968
западный 0,9942522733438669 0,006223801398083674
запас 2,995732273553991 0,002344078461309852
запрос 0,1165338162559516 0,00018236903952418093
захватить 2,407945608651872 0,0018841514934678184
знаете 0,06187540371808745 9,683161771218694E-05
знак 0 0
значимый 3,912023005428146 0,0061221017299345004
значить 4,605170185988092 0,0036034195508514023
избирать 3,912023005428146 0,009183152594901751
избранный 0,083381608939051 0,00013048765092183256
избрать 0 0
известный 0,7765287894989963 0,0006076125113450675
изидор 4,605170185988092 0,0036034195508514023
изменение 0 0
изменить 2,5257286443082556 0,001976313493198948
изображение 0,06187540371808745 0,00014524742656828041
иллюстрация 1,8325814637483102 0,0014339448073147968
иметь 0,616186139423817 0,0024107438944593776
иметься 1,4271163556401458 0,0011166794645071565
интервик 0,9675840262617057 0,0015142160035394455
интернет 1,6607312068216509 0,0025989533753077478
искать 0 0
искусство 0,083381608939051 0,00013048765092183256
испанский 0,49429632181478017 0,00038677333475334915
использование 0 0
использоваться 1,4696759700589417 0,0022999623944584377
исправление 3,2188758248682006 0,002518682179083099
история 0 0
источник 0 0
июль 0,9162907318741551 0,0007169724036573984
июнь 0 0
йененг 4,605170185988092 0,007206839101702805
камерун 3,2188758248682006 0,005037364358166198
категория 0 0
кинематограф 1,5141277326297755 0,0023695269681217146
кинотеатр 3,506557897319982 0,00274378552215961
клуб 1,7719568419318754 0,0013865077010421561
км 0,8209805520698303 0,0006423947981767061
книга 0 0
код 0 0
колониальный 2,659260036932778 0,002080798150964615
колонизатор 3,2188758248682006 0,002518682179083099
колония 1,8325814637483102 0,0014339448073147968
конституция 1,2729656758128876 0,0019921215583926255
континент 2,5257286443082556 0,001976313493198948
кордофанский 4,605170185988092 0,0036034195508514023
коррупция 4,605170185988092 0,0036034195508514023
косметический 4,605170185988092 0,0036034195508514023
кот 2,995732273553991 0,01172039230654926
который 0,9162907318741551 0,0007169724036573984
красная 2,207274913189721 0,006908528679780035
красный 0,7765287894989963 0,0006076125113450675
крупнейший 1,2039728043259361 0,0009420757467339093
культура 0,3566749439387324 0,0008372651266167427
культурный 1,5141277326297755 0,0035542904521825716
левый 2,995732273553991 0,004688156922619704
легендарный 3,912023005428146 0,0030610508649672502
летний 1,7147984280919266 0,0013417828075836672
литература 1,1086626245216111 0,0017349962825064338
личность 0,127833371509885 0,00020005222458510956
лучший 0 0
мавритания 3,506557897319982 0,00548757104431922
май 0 0
макросемье 4,605170185988092 0,0036034195508514023
мали 3,2188758248682006 0,012593410895415496
мандный 4,605170185988092 0,007206839101702805
марк 1,3862943611198906 0,0010847373717683025
марка 1,3470736479666094 0,0010540482378455472
марксизм 3,2188758248682006 0,002518682179083099
марксистский 3,912023005428146 0,0030610508649672502
март 0 0
масло 2,995732273553991 0,002344078461309852
материал 0 0
мать 2,207274913189721 0,0017271321699450087
медиа 3,506557897319982 0,00274378552215961
международный 0,9942522733438669 0,003111900699041837
междуречье 3,912023005428146 0,0030610508649672502
место 0 0
мечеть 2,659260036932778 0,002080798150964615
министр 2,120263536200091 0,0016590481503913075
миро 0 0
млн 1,8325814637483102 0,0014339448073147968
мобильный 0 0
мой 0 0
моор 4,605170185988092 0,01441367820340561
море 1,1394342831883648 0,0017831522428612908
моро 4,605170185988092 0,0036034195508514023
мось 4,605170185988092 0,007206839101702805
моча 0,16251892949777494 0,00025433322300121274
мочь 0,8209805520698303 0,0006423947981767061
музей 1,3093333199837622 0,0020490349295520537
музыка 1,2729656758128876 0,002988182337588938
наб 4,605170185988092 0,0036034195508514023
навигация 0 0
нажать 0 0
название 0 0
назначать 4,605170185988092 0,0036034195508514023
называться 1,9661128563728327 0,0015384294650804637
наибольший 2,659260036932778 0,002080798150964615
найти 0 0
написание 1,9661128563728327 0,0015384294650804637
например 1,9661128563728327 0,0015384294650804637
народ 1,4271163556401458 0,003350038393521469
народность 3,912023005428146 0,0030610508649672502
народный 1,8325814637483102 0,0014339448073147968
население 0,5108256237659907 0,001598828243399032
наука 0,05129329438755048 0,00016054239244929727
находиться 0 0
национальный 0,7550225842780328 0,003544706968441469
начинать 0,1508228897345837 0,00023602956139997448
недоставать 1,07880966137193 0,0016882780303160096
независимость 1,5141277326297755 0,0011847634840608573
некоммерческий 0 0
немецкий 0,5108256237659907 0,000399707060849758
нечисловой 4,605170185988092 0,010810258652554207
нигер 2,8134107167600364 0,004402833672550918
нигеро 4,605170185988092 0,0036034195508514023
новость 1,4271163556401458 0,0011166794645071565
новый 0 0
ночной 2,995732273553991 0,002344078461309852
ноэль 4,605170185988092 0,0036034195508514023
ноябрь 0 0
обитать 3,506557897319982 0,00274378552215961
образование 0,7339691750802005 0,0017229323358690155
обсуждение 0 0
обширный 3,2188758248682006 0,002518682179083099
общество 0,07257069283483537 0,00017035373904890932
обязательный 0 0
один 0,843970070294529 0,0006603834665841385
означать 2,0402208285265546 0,0015964169237296984
октябрь 0 0
описание 0 0
определение 2,5257286443082556 0,001976313493198948
организация 0 0
оседлый 4,605170185988092 0,0036034195508514023
основной 0 0
основный 1,8325814637483102 0,0014339448073147968
ответственность 0 0
отдельный 0 0
отец 1,7719568419318754 0,0013865077010421561
отечество 3,912023005428146 0,0030610508649672502
отказ 0 0
отказаться 2,8134107167600364 0,002201416836275459
отсутствовать 0,05129329438755048 0,0007224407660218377
оценивание 0,1508228897345837 0,00023602956139997448
ошибка 1,7147984280919266 0,0013417828075836672
палата 2,8134107167600364 0,002201416836275459
панафриканизм 4,605170185988092 0,0036034195508514023
парк 1,6094379124341003 0,002518682179083099
парламент 1,4271163556401458 0,003350038393521469
первый 0 0
перевод 1,7147984280919266 0,005367131230334669
переворот 2,5257286443082556 0,003952626986397896
перейти 0 0
персоналия 0,07257069283483537 0,00011356915936593955
печать 0 0
пищевой 3,912023005428146 0,0030610508649672502
пн 0,127833371509885 0,0008002088983404382
побороть 3,912023005428146 0,0030610508649672502
поддержка 2,659260036932778 0,002080798150964615
подробный 0 0
подчеркнуть 4,605170185988092 0,0036034195508514023
пожар 3,2188758248682006 0,002518682179083099
позволить 3,506557897319982 0,00274378552215961
поиск 0 0
политик 0 0
политический 1,2039728043259361 0,0018841514934678186
полоса 2,8134107167600364 0,002201416836275459
получить 0 0
помочь 0,127833371509885 0,00030007833687766434
помощь 0,127833371509885 0,00010002611229255478
портал 0 0
португальский 0,49429632181478017 0,00038677333475334915
последний 0 0
посмотреть 0 0
построить 1,4696759700589417 0,0011499811972292189
почта 1,6094379124341003 0,0037780232686246487
почтовый 1,5606477482646683 0,0012211641222728234
правительство 1,5606477482646683 0,0012211641222728234
править 0 0
правка 0 0
праздник 1,4271163556401458 0,002233358929014313
предлагать 0 0
предприятие 2,995732273553991 0,002344078461309852
представитель 2,120263536200091 0,0016590481503913075
представить 2,120263536200091 0,0016590481503913075
президент 1,3093333199837622 0,0040980698591041075
премьер 2,0402208285265546 0,0015964169237296984
придерживаться 3,506557897319982 0,00274378552215961
прилагательное 4,605170185988092 0,0036034195508514023
принцесса 2,8134107167600364 0,002201416836275459
природа 1,07880966137193 0,0008441390151580048
присоединяться 3,2188758248682006 0,002518682179083099
приступить 3,912023005428146 0,0030610508649672502
притать 4,605170185988092 0,0036034195508514023
приток 2,8134107167600364 0,002201416836275459
приход 2,995732273553991 0,002344078461309852
программа 2,207274913189721 0,0017271321699450087
проект 0 0
проживать 2,302585092994046 0,0036034195508514023
прозвать 3,912023005428146 0,0030610508649672502
произведение 2,5257286443082556 0,001976313493198948
произойти 2,302585092994046 0,0018017097754257012
промысл 3,506557897319982 0,00274378552215961
промышленность 2,659260036932778 0,002080798150964615
просмотр 1,2729656758128876 0,0009960607791963127
проставление 3,2188758248682006 0,002518682179083099
разработчик 0 0
ранея 2,5257286443082556 0,001976313493198948
располагаться 2,207274913189721 0,0017271321699450087
расположить 0,9162907318741551 0,0014339448073147968
распространить 2,8134107167600364 0,002201416836275459
реализация 4,605170185988092 0,0036034195508514023
революционный 3,912023005428146 0,0061221017299345004
редактировать 3,2188758248682006 0,025186821790830993
результат 1,4696759700589417 0,0011499811972292189
река 1,1086626245216111 0,0034699925650128675
религия 0,083381608939051 0,0002609753018436651
республика 0,9416085398584451 0,0029471315801516277
ресурс 2,407945608651872 0,0018841514934678184
реформа 3,2188758248682006 0,002518682179083099
родина 1,6094379124341003 0,0012593410895415495
родственный 0,21072103131565253 0,00016488343608423516
руководство 2,0402208285265546 0,0015964169237296984
русский 0 0
самоназвание 3,506557897319982 0,00274378552215961
самый 0,5447271754416719 0,00042623409658972764
санкар 4,605170185988092 0,01441367820340561
сведение 0 0
свежий 0 0
свободный 0 0
свыше 2,995732273553991 0,002344078461309852
связать 0 0
север 1,0216512475319812 0,0007994141216995158
сельский 1,6607312068216509 0,0025989533753077478
семья 2,207274913189721 0,0017271321699450087
сенегал 3,2188758248682006 0,010074728716332396
сентябрь 0 0
сила 0,9416085398584451 0,0014735657900758138
система 0 0
скрыть 2,8134107167600364 0,002201416836275459
слон 3,506557897319982 0,00274378552215961
случай 0 0
случайный 0 0
смотреть 0 0
событие 0 0
содержание 0,1392620673335076 0,00010896875378208733
создать 0 0
сократить 4,605170185988092 0,0036034195508514023
сообщество 0 0
сохранение 0 0
социальный 2,5257286443082556 0,001976313493198948
список 0 0
спорт 0,083381608939051 0,0002609753018436651
ссылаться 0 0
ссылка 0 0
статистик 0 0
статус 1,4271163556401458 0,0011166794645071565
статья 0 0
стилистика 2,207274913189721 0,0017271321699450087
стиль 2,0402208285265546 0,0015964169237296984
столить 4,605170185988092 0,0036034195508514023
столица 0,7985076962177716 0,004373672827483882
страна 0,43078291609245434 0,0026966066735051916
страница 0 0
строй 1,5606477482646683 0,002442328244545647
судан 3,912023005428146 0,0061221017299345004
сюд 0 0
текст 0 0
текстильный 4,605170185988092 0,0036034195508514023
телевидение 1,8325814637483102 0,0028678896146295935
тема 0,7550225842780328 0,0011815689894804895
теоретик 2,995732273553991 0,002344078461309852
территория 0,8675005677047231 0,0013575908727773444
техника 0,06187540371808745 9,683161771218694E-05
течь 0 0
том 3,2188758248682006 0,007556046537249297
торговать 4,605170185988092 0,0036034195508514023
традиционный 1,8971199848858813 0,0014844444326180604
транспорт 0,9162907318741551 0,0014339448073147968
транспортный 2,207274913189721 0,0017271321699450087
три 3,506557897319982 0,00274378552215961
туризм 1,4696759700589417 0,0022999623944584377
уаг 4,605170185988092 0,0036034195508514023
уагадугец 4,605170185988092 0,0036034195508514023
уагадугоц 4,605170185988092 0,0036034195508514023
уагадугский 4,605170185988092 0,0036034195508514023
уагадугу 4,605170185988092 0,021620517305108413
убеждение 3,506557897319982 0,00274378552215961
указатель 0 0
улучшение 1,4271163556401458 0,002233358929014313
употребляться 3,506557897319982 0,00274378552215961
условие 0 0
устройство 1,3470736479666094 0,0021080964756910944
участие 0 0
участник 0 0
учебный 2,407945608651872 0,0018841514934678184
фасо 3,2188758248682006 0,2669803109828085
февраль 0 0
философия 0,09431067947124142 0,00014759104768582383
флаг 0,8675005677047231 0,0020363863091660164
форум 0 0
фр 2,407945608651872 0,007536605973871274
франций 1,7147984280919266 0,0026835656151673343
франция 1,3093333199837622 0,0020490349295520537
французский 0,23572233352106994 0,0016600164332469716
фула 3,912023005428146 0,024488406919738002
фулани 4,605170185988092 0,007206839101702805
фульба 4,605170185988092 0,01441367820340561
хауса 3,912023005428146 0,0061221017299345004
хозяйство 1,7719568419318754 0,0027730154020843122
цветок 2,8134107167600364 0,002201416836275459
цель 1,7719568419318754 0,0027730154020843122
центр 0,8915981192837835 0,0013953022211013826
цитата 1,4271163556401458 0,0011166794645071565
ча 3,912023005428146 0,0030610508649672502
че 2,407945608651872 0,003768302986935637
человек 1,1394342831883648 0,0026747283642919364
честный 3,912023005428146 0,0061221017299345004
честь 1,8325814637483102 0,0014339448073147968
читать 0 0
ша 3,2188758248682006 0,005037364358166198
шаблон 0 0
широкий 2,207274913189721 0,0017271321699450087
широкомасштабный 4,605170185988092 0,0036034195508514023
экономика 0,7550225842780328 0,0017723534842207344
экономический 2,120263536200091 0,003318096300782615
элемент 0,19845093872383823 0,0003105648493330802
энциклопедия 0 0
эрнесто 3,2188758248682006 0,002518682179083099
этнохоронимый 4,605170185988092 0,0036034195508514023
юг 1,0216512475319812 0,0007994141216995158
юго 1,171182981502945 0,0018328372167495228
являться 0,3424903089467759 0,001071957148503211
язык 0 0
яко 4,605170185988092 0,007206839101702805
