август 0 0
автор 1,7147984280919266 0,0010985255785342259
административный 0,7133498878774648 0,0009139652631357652
акция 3,912023005428146 0,005012201160061686
алонсо 3,912023005428146 0,005012201160061686
алфавит 0 0
америка 1,4271163556401458 0,01279924982636902
английский 0,37106368139083196 0,00023770895668855346
англоязычный 2,995732273553991 0,0019191110016361246
андерсон 3,506557897319982 0,004492707107392673
анти 4,605170185988092 0,0059002821088892906
антонио 3,2188758248682006 0,0020620601056170404
антония 4,605170185988092 0,0029501410544446453
апрель 0 0
арабский 0,38566248081198473 0,0002470611664394521
аргентина 2,8134107167600364 0,0036046261585650687
арраэс 4,605170185988092 0,0059002821088892906
арсенич 1,5606477482646683 0,001999548684515911
архив 0,3011050927839216 0,001928924361203854
архитектура 1,1086626245216111 0,0021306776896635707
ассоциировать 3,912023005428146 0,002506100580030843
атлантический 1,9661128563728327 0,0025190427371849233
аэропорт 2,120263536200091 0,0013582726048687321
барриос 4,605170185988092 0,0059002821088892906
бежать 3,2188758248682006 0,0020620601056170404
безопасность 3,2188758248682006 0,004124120211234081
биржа 3,912023005428146 0,005012201160061686
боливия 3,506557897319982 0,011231767768481685
борьба 1,8325814637483102 0,0011739791567894364
бразилия 2,659260036932778 0,011924932901043846
брак 2,659260036932778 0,006814247372025055
брачный 3,506557897319982 0,004492707107392673
брить 3,912023005428146 0,005012201160061686
брокер 4,605170185988092 0,0029501410544446453
бустильос 4,605170185988092 0,0059002821088892906
бывать 2,8134107167600364 0,0018023130792825344
валюта 1,5141277326297755 0,0009699729228890298
вандальный 3,506557897319982 0,0022463535536963366
варао 4,605170185988092 0,0059002821088892906
варгас 3,506557897319982 0,004492707107392673
введение 1,3470736479666094 0,0008629555720477958
великий 1,0216512475319812 0,002617940416481694
величать 4,605170185988092 0,0029501410544446453
венесуэла 3,912023005428146 0,3683967852645339
венесуэльский 4,605170185988092 0,014750705272223228
венеция 3,2188758248682006 0,004124120211234081
версия 0 0
вертикальный 4,605170185988092 0,0029501410544446453
википедия 0 0
викисклад 0,5798184952529422 0,0018572020988242863
висенте 2,995732273553991 0,0038382220032722493
вклад 0 0
владимир 1,2378743560016172 0,0015860017373499258
влевый 4,605170185988092 0,0029501410544446453
внешний 1,3862943611198906 0,001776161897655209
внутренний 2,120263536200091 0,0027165452097374643
водный 2,5257286443082556 0,0016180196312032386
водопад 3,506557897319982 0,0022463535536963366
военный 1,0498221244986776 0,002690127160790974
воздушный 2,0402208285265546 0,003920988139384795
возраст 2,120263536200091 0,0027165452097374643
война 0,7133498878774648 0,002284913157839413
войско 1,7719568419318754 0,002270284230534113
восстание 2,0402208285265546 0,002613992092923196
восток 0,7985076962177716 0,0005115360001395077
вправо 4,605170185988092 0,0029501410544446453
всемирный 1,6607312068216509 0,0021277786121994243
всеобщий 3,2188758248682006 0,004124120211234081
вступление 2,659260036932778 0,0034071236860125273
второй 1,2378743560016172 0,0007930008686749629
входить 1,2378743560016172 0,0007930008686749629
выбор 2,120263536200091 0,0054330904194749285
вызвать 3,2188758248682006 0,0020620601056170404
выиграть 3,2188758248682006 0,0020620601056170404
вылиться 4,605170185988092 0,0029501410544446453
гайана 4,605170185988092 0,011800564217778581
география 0,083381608939051 0,0002136620344370301
гера 1,9661128563728327 0,0012595213685924617
герб 0,7133498878774648 0,0018279305262715304
гимн 1,2378743560016172 0,0015860017373499258
год 0,6348782724359695 0,0020335626919794026
гонсало 3,506557897319982 0,004492707107392673
горизонтальный 4,605170185988092 0,0029501410544446453
город 0,3424903089467759 0,0008776177038994897
государственный 0,7765287894989963 0,001989823932092239
государство 0,6733445532637655 0,0008627092290374958
гражданский 1,5141277326297755 0,0019399458457780596
гранада 3,912023005428146 0,005012201160061686
граница 1,4271163556401458 0,00182846426090986
граничить 1,1394342831883648 0,000729938682375634
греция 2,0402208285265546 0,002613992092923196
гуанч 4,605170185988092 0,0059002821088892906
дал 2,407945608651872 0,001542566052948028
далый 4,605170185988092 0,0029501410544446453
далья 0,3566749439387324 0,000685473947351824
даний 2,995732273553991 0,0038382220032722493
данный 0,1508228897345837 9,661940405802927E-05
дарвинсон 4,605170185988092 0,0059002821088892906
два 0 0
де 1,1394342831883648 0,004379632094253805
декабрь 0 0
деление 0,9675840262617057 0,0012396976633718203
дельта 3,2188758248682006 0,004124120211234081
демонстрация 3,912023005428146 0,002506100580030843
добавление 3,2188758248682006 0,004124120211234081
договор 2,407945608651872 0,003085132105896056
доколумб 4,605170185988092 0,0059002821088892906
домна 3,912023005428146 0,002506100580030843
европа 0,8915981192837835 0,0011423422412348283
жаловаться 4,605170185988092 0,0029501410544446453
жениться 3,506557897319982 0,0022463535536963366
жертва 2,407945608651872 0,001542566052948028
жизнь 1,5606477482646683 0,0009997743422579554
журнал 0 0
забастовка 3,912023005428146 0,005012201160061686
загружать 4,605170185988092 0,0029501410544446453
задержать 4,605170185988092 0,0029501410544446453
законодательный 2,407945608651872 0,003085132105896056
залт 3,506557897319982 0,004492707107392673
заниматься 0 0
заняться 3,912023005428146 0,002506100580030843
запад 0,9162907318741551 0,0005869895783947182
запрос 0,1165338162559516 0,00014930661916201358
здравоохранение 2,207274913189721 0,0028280267946056642
знаете 0,06187540371808745 0,00011891493347486378
знак 0 0
ибо 3,2188758248682006 0,0020620601056170404
идеология 2,995732273553991 0,0019191110016361246
избранный 0,083381608939051 0,00016024652582777258
избрать 0 0
изменение 0 0
изображение 0,06187540371808745 0,00023782986694972756
изобразительный 3,2188758248682006 0,004124120211234081
иллюстрация 1,8325814637483102 0,0011739791567894364
иметь 0,616186139423817 0,0003947380777859173
иметься 1,4271163556401458 0,00091423213045493
империя 1,2039728043259361 0,0007712830264740142
имя 1,4271163556401458 0,00091423213045493
инвалидность 2,8134107167600364 0,0036046261585650687
интервик 0,9675840262617057 0,0012396976633718203
интересный 2,120263536200091 0,0027165452097374643
интернет 1,6607312068216509 0,003191667918299137
информация 1,5606477482646683 0,0009997743422579554
искать 0 0
искусство 0,083381608939051 0,0002136620344370301
исп 1,9661128563728327 0,005038085474369847
испания 1,7147984280919266 0,0021970511570684518
испанск 4,605170185988092 0,0029501410544446453
испанский 0,49429632181478017 0,004116497234844421
испанско 2,5257286443082556 0,0016180196312032386
исполнительный 3,506557897319982 0,004492707107392673
использование 0 0
использовать 1,4271163556401458 0,00182846426090986
исправление 3,2188758248682006 0,0020620601056170404
исток 3,2188758248682006 0,0020620601056170404
историк 2,207274913189721 0,0014140133973028321
история 0 0
источник 0 0
итальянский 0,7339691750802005 0,0004701916560411278
июль 0,9162907318741551 0,0011739791567894364
июнь 0 0
йосеф 4,605170185988092 0,0059002821088892906
камарад 3,2188758248682006 0,004124120211234081
кампус 4,605170185988092 0,0029501410544446453
канарский 3,2188758248682006 0,0020620601056170404
каракас 4,605170185988092 0,0324515515988911
каракасо 4,605170185988092 0,0059002821088892906
карибский 3,506557897319982 0,004492707107392673
категория 0 0
качество 1,5606477482646683 0,0009997743422579554
кинематограф 1,5141277326297755 0,0019399458457780596
книга 0 0
код 0 0
колониальный 2,659260036932778 0,0017035618430062637
колония 1,8325814637483102 0,0023479583135788728
колумба 3,912023005428146 0,005012201160061686
колумбия 2,659260036932778 0,015332056587056376
конвенция 2,120263536200091 0,0054330904194749285
конституционный 2,659260036932778 0,0017035618430062637
конституция 1,2729656758128876 0,001630961788357319
контрерас 4,605170185988092 0,0059002821088892906
конь 4,605170185988092 0,0029501410544446453
корень 3,2188758248682006 0,0020620601056170404
который 0,9162907318741551 0,0005869895783947182
крайний 2,5257286443082556 0,0016180196312032386
кризис 3,506557897319982 0,02246353553696337
кристобал 4,605170185988092 0,0029501410544446453
кристобаль 3,506557897319982 0,0022463535536963366
крупнейший 1,2039728043259361 0,0007712830264740142
культура 0,3566749439387324 0,000685473947351824
кухня 2,302585092994046 0,0029501410544446453
лайнер 4,605170185988092 0,0029501410544446453
лейдис 4,605170185988092 0,0059002821088892906
лео 4,605170185988092 0,0059002821088892906
леон 2,120263536200091 0,0027165452097374643
литература 1,1086626245216111 0,0014204517931090468
лицензия 4,605170185988092 0,0029501410544446453
личность 0,127833371509885 0,0002456759221842761
луис 2,659260036932778 0,0034071236860125273
лучший 0 0
лыжный 3,2188758248682006 0,0020620601056170404
любая 2,8134107167600364 0,0018023130792825344
май 0 0
марк 1,3862943611198906 0,0008880809488276045
марка 1,3470736479666094 0,0008629555720477958
март 0 0
марта 0,3566749439387324 0,0018279305262715304
массовый 2,0402208285265546 0,003920988139384795
материал 0 0
мать 2,207274913189721 0,0014140133973028321
мачеха 4,605170185988092 0,0029501410544446453
межатлантический 4,605170185988092 0,0029501410544446453
международный 0,9942522733438669 0,0025477316421367506
мексика 2,995732273553991 0,005757333004908375
мера 4,605170185988092 0,0029501410544446453
мерида 4,605170185988092 0,0029501410544446453
меркосура 4,605170185988092 0,0059002821088892906
меря 3,2188758248682006 0,0020620601056170404
местный 1,8971199848858813 0,0012153235008878162
место 0 0
министр 2,120263536200091 0,0027165452097374643
миро 0 0
мировой 1,2039728043259361 0,0015425660529480283
мисс 2,995732273553991 0,0038382220032722493
многие 1,5606477482646683 0,0009997743422579554
мобильный 0 0
мой 0 0
море 1,1394342831883648 0,001459877364751268
морской 1,6607312068216509 0,0042555572243988486
моча 0,16251892949777494 0,0002082241249170723
музыка 1,2729656758128876 0,001630961788357319
наблюдение 2,8134107167600364 0,0018023130792825344
навигация 0 0
нажать 0 0
название 0 0
найти 0 0
написание 1,9661128563728327 0,0025190427371849233
например 1,9661128563728327 0,0012595213685924617
народ 1,4271163556401458 0,00091423213045493
население 0,5108256237659907 0,0006544851041204237
наследие 1,5606477482646683 0,001999548684515911
наука 0,05129329438755048 0,0001314370131647674
находиться 0 0
национальный 0,7550225842780328 0,0014510363567162706
начать 0,38566248081198473 0,004941223328789042
начаться 2,207274913189721 0,0014140133973028321
начинать 0,1508228897345837 0,00019323880811605854
неделя 1,5141277326297755 0,0009699729228890298
недоставать 1,07880966137193 0,0013822032817065086
недостаточный 3,506557897319982 0,0022463535536963366
нежели 3,506557897319982 0,0022463535536963366
независимость 1,5141277326297755 0,0019399458457780596
некоммерческий 0 0
некоторые 1,8325814637483102 0,0011739791567894364
немецкий 0,5108256237659907 0,00032724255206021183
нестор 3,506557897319982 0,004492707107392673
новый 0 0
ноябрь 0 0
образ 1,7147984280919266 0,0010985255785342259
образование 0,7339691750802005 0,0009403833120822556
обсуждение 0 0
общество 0,07257069283483537 0,00013946962107911989
объект 1,6607312068216509 0,0010638893060997121
объясняться 3,912023005428146 0,002506100580030843
обязательный 0 0
означать 2,0402208285265546 0,001306996046461598
океан 1,6607312068216509 0,0021277786121994243
октябрь 0 0
олег 2,407945608651872 0,003085132105896056
омываться 2,302585092994046 0,0014750705272223226
оный 4,605170185988092 0,0059002821088892906
описание 0 0
оппозиционер 3,912023005428146 0,002506100580030843
организация 0 0
ориноко 4,605170185988092 0,0059002821088892906
оротава 4,605170185988092 0,0029501410544446453
ортис 3,506557897319982 0,004492707107392673
основной 0 0
остров 1,2039728043259361 0,0007712830264740142
ответственность 0 0
отдельный 0 0
отец 1,7719568419318754 0,0011351421152670565
отказ 0 0
отказаться 2,8134107167600364 0,0018023130792825344
откат 4,605170185988092 0,0029501410544446453
отсутствовать 0,05129329438755048 0,0011829331184829068
официальный 1,07880966137193 0,0006911016408532543
оформление 3,912023005428146 0,005012201160061686
охед 4,605170185988092 0,0059002821088892906
оценивание 0,1508228897345837 0,00019323880811605854
ошибка 1,7147984280919266 0,0010985255785342259
пабло 2,995732273553991 0,0038382220032722493
пакт 2,659260036932778 0,0034071236860125273
парагвай 3,506557897319982 0,004492707107392673
парк 1,6094379124341003 0,0010310300528085202
парламент 1,4271163556401458 0,00182846426090986
парламентский 2,995732273553991 0,0038382220032722493
парок 3,2188758248682006 0,0020620601056170404
партия 1,8325814637483102 0,0023479583135788728
пафер 4,605170185988092 0,0059002821088892906
педро 2,659260036932778 0,0034071236860125273
первый 0 0
перевод 1,7147984280919266 0,0021970511570684518
переворот 2,5257286443082556 0,006472078524812954
перейти 0 0
перекинуться 4,605170185988092 0,0059002821088892906
переселиться 4,605170185988092 0,0029501410544446453
период 1,3093333199837622 0,001677557104399439
персоналия 0,07257069283483537 0,00013946962107911989
перу 2,995732273553991 0,0038382220032722493
печать 0 0
племя 2,5257286443082556 0,0016180196312032386
пн 0,127833371509885 0,00040945987030712686
подробный 0 0
поиск 0 0
полезный 2,5257286443082556 0,0016180196312032386
политик 0 0
политика 4,605170185988092 0,0029501410544446453
политический 1,2039728043259361 0,004627698158844085
полиция 3,506557897319982 0,0022463535536963366
полный 1,6094379124341003 0,0010310300528085202
получить 0 0
помочь 0,127833371509885 0,0001637839481228507
помощь 0,127833371509885 0,0002456759221842761
попытка 2,407945608651872 0,006170264211792112
портал 0 0
португальский 0,49429632181478017 0,00031665363344957087
посадка 3,912023005428146 0,002506100580030843
посещать 3,506557897319982 0,0022463535536963366
последний 0 0
посмотреть 0 0
потеря 2,8134107167600364 0,0018023130792825344
потомок 2,659260036932778 0,0017035618430062637
почта 1,6094379124341003 0,003093090158425561
почтовый 1,5606477482646683 0,0009997743422579554
правительство 1,5606477482646683 0,0029993230267738665
править 0 0
правка 0 0
право 0,843970070294529 0,002162639513887326
праздник 1,4271163556401458 0,00182846426090986
практический 1,8971199848858813 0,0012153235008878162
предлагать 0 0
предложение 3,506557897319982 0,0022463535536963366
предок 3,2188758248682006 0,0020620601056170404
президент 1,3093333199837622 0,002516335656599159
премьер 2,0402208285265546 0,002613992092923196
придумать 3,506557897319982 0,0022463535536963366
приезжать 4,605170185988092 0,0029501410544446453
примечательный 2,0402208285265546 0,001306996046461598
принцесса 2,8134107167600364 0,0036046261585650687
присоединяться 3,2188758248682006 0,0020620601056170404
присягать 4,605170185988092 0,0029501410544446453
проект 0 0
происходить 1,9661128563728327 0,0012595213685924617
промежуточный 4,605170185988092 0,0029501410544446453
пропустить 3,912023005428146 0,002506100580030843
просмотр 1,2729656758128876 0,001630961788357319
проставление 3,2188758248682006 0,0020620601056170404
протест 3,912023005428146 0,0175427040602159
протестовать 3,912023005428146 0,002506100580030843
противник 2,407945608651872 0,001542566052948028
протокол 2,407945608651872 0,006170264211792112
профессиональный 2,5257286443082556 0,0016180196312032386
путешественник 2,8134107167600364 0,0018023130792825344
работа 0,9942522733438669 0,0012738658210683753
равело 4,605170185988092 0,0029501410544446453
разработать 2,5257286443082556 0,0016180196312032386
разработчик 0 0
райан 3,912023005428146 0,005012201160061686
ранхель 4,605170185988092 0,0059002821088892906
распространение 2,8134107167600364 0,0036046261585650687
революционер 3,506557897319982 0,0022463535536963366
революция 2,120263536200091 0,0027165452097374643
регион 0,9942522733438669 0,0012738658210683753
региональный 3,2188758248682006 0,004124120211234081
регистрация 3,2188758248682006 0,004124120211234081
река 1,1086626245216111 0,0014204517931090468
религия 0,083381608939051 0,0002136620344370301
республика 0,9416085398584451 0,0006032085457132896
референдум 2,659260036932778 0,0034071236860125273
родиться 0,8915981192837835 0,0005711711206174142
родовой 3,912023005428146 0,002506100580030843
родригес 2,659260036932778 0,0017035618430062637
родственный 0,21072103131565253 0,00026998210290282194
руководитель 2,5257286443082556 0,0016180196312032386
русский 0 0
рынок 3,506557897319982 0,0022463535536963366
сан 2,302585092994046 0,0059002821088892906
сведение 0 0
свежий 0 0
свободный 0 0
свой 1,4696759700589417 0,000941496457436862
связать 0 0
север 1,0216512475319812 0,001308970208240847
сентябрь 0 0
сергеевич 2,302585092994046 0,0029501410544446453
сила 0,9416085398584451 0,004222459819993027
символ 0,9416085398584451 0,001809625637139869
система 0 0
скорее 3,2188758248682006 0,0020620601056170404
следовать 1,4271163556401458 0,00091423213045493
слежение 4,605170185988092 0,0029501410544446453
случай 0 0
случайный 0 0
смотреть 0 0
собрание 1,9661128563728327 0,0025190427371849233
собственный 1,8325814637483102 0,0011739791567894364
событие 0 0
совершать 3,2188758248682006 0,0020620601056170404
согласие 2,8134107167600364 0,0036046261585650687
содержание 0,1392620673335076 8,921336792665445E-05
создать 0 0
сообщество 0 0
сохранение 0 0
список 0 0
спорт 0,083381608939051 0,00032049305165554517
спутник 2,5257286443082556 0,0016180196312032386
ссылаться 0 0
ссылка 0 0
статистик 0 0
статус 1,4271163556401458 0,00091423213045493
статья 0 0
стилистика 2,207274913189721 0,0014140133973028321
стиль 2,0402208285265546 0,001306996046461598
столица 0,7985076962177716 0,0030692160008370466
столкновение 3,912023005428146 0,002506100580030843
страна 0,43078291609245434 0,0005519319873061554
страница 0 0
строй 1,5606477482646683 0,001999548684515911
студенческий 3,506557897319982 0,0022463535536963366
судебный 3,506557897319982 0,004492707107392673
суринам 4,605170185988092 0,0059002821088892906
суровец 3,912023005428146 0,005012201160061686
сухопутный 2,659260036932778 0,0034071236860125273
считать 1,8325814637483102 0,0011739791567894364
сша 0,9675840262617057 0,0012396976633718203
сюд 0 0
татьяна 3,2188758248682006 0,004124120211234081
тачир 4,605170185988092 0,0059002821088892906
текст 0 0
тема 0,7550225842780328 0,0009673575711441803
тенерифе 4,605170185988092 0,0059002821088892906
терри 3,2188758248682006 0,004124120211234081
техника 0,06187540371808745 7,927662231657585E-05
течь 0 0
толчок 3,912023005428146 0,002506100580030843
томас 2,407945608651872 0,003085132105896056
торопец 3,506557897319982 0,004492707107392673
тот 2,995732273553991 0,0019191110016361246
трагедия 3,506557897319982 0,0022463535536963366
транскрипция 2,120263536200091 0,0013582726048687321
транспорт 0,9162907318741551 0,0011739791567894364
трущоба 3,912023005428146 0,005012201160061686
туризм 1,4696759700589417 0,001882992914873724
уго 3,506557897319982 0,006739060661089011
указатель 0 0
улучшение 1,4271163556401458 0,00182846426090986
университетский 3,2188758248682006 0,0020620601056170404
уроженец 3,506557897319982 0,0022463535536963366
уроженка 3,912023005428146 0,002506100580030843
уругвай 3,912023005428146 0,005012201160061686
уругвайский 4,605170185988092 0,0029501410544446453
условие 0 0
участие 0 0
участник 0 0
факультативный 2,407945608651872 0,006170264211792112
февраль 0 0
федеральный 2,0402208285265546 0,002613992092923196
федерация 1,4271163556401458 0,00091423213045493
фернандо 3,2188758248682006 0,004124120211234081
философия 0,09431067947124142 0,00012083367004643358
финансовый 2,995732273553991 0,0019191110016361246
флаг 0,8675005677047231 0,0022229354713766123
фондовый 4,605170185988092 0,0059002821088892906
форма 1,6607312068216509 0,0010638893060997121
форум 0 0
франсиско 2,659260036932778 0,0017035618430062637
французский 0,23572233352106994 0,00045302178127047395
хосе 2,407945608651872 0,004627698158844084
центр 0,8915981192837835 0,0005711711206174142
чавес 3,506557897319982 0,008985414214785346
частность 2,659260036932778 0,0017035618430062637
че 2,407945608651872 0,003085132105896056
человек 1,1394342831883648 0,001459877364751268
человеческий 2,407945608651872 0,001542566052948028
чили 2,659260036932778 0,0034071236860125273
читать 0 0
член 1,7147984280919266 0,0010985255785342259
шаблон 0 0
шофман 4,605170185988092 0,0059002821088892906
штат 1,7147984280919266 0,003295576735602678
эквадор 3,2188758248682006 0,004124120211234081
экономика 0,7550225842780328 0,0009673575711441803
экономический 2,120263536200091 0,004074817814606197
энциклопедия 0 0
эрнандес 3,2188758248682006 0,004124120211234081
эспинос 4,605170185988092 0,0029501410544446453
юг 1,0216512475319812 0,0006544851041204236
южный 1,171182981502945 0,011254160616620228
юнеско 2,0402208285265546 0,001306996046461598
юный 3,506557897319982 0,0022463535536963366
являться 0,3424903089467759 0,00021940442597487243
язык 0 0
январский 4,605170185988092 0,0059002821088892906
январь 0,6733445532637655 0,0034508369161499832
