абсолютный 2,8134107167600364 0,002485345156148442
август 0 0
автор 1,7147984280919266 0,001514839600787921
административный 0,7133498878774648 0,0006301677454747922
алфавит 0 0
аминь 4,605170185988092 0,004068171542392307
ангел 2,995732273553991 0,0026464066020794974
ангела 3,912023005428146 0,0034558507115089628
англ 1,0498221244986776 0,00185480940724148
английский 0,37106368139083196 0,0016389738577333567
англиканин 4,605170185988092 0,012204514627176923
англиканский 3,506557897319982 0,07434398368876287
англиканство 4,605170185988092 0,25222663562832304
англия 2,120263536200091 0,041206535155832155
андрей 1,2039728043259361 0,00425432086334253
апостол 2,8134107167600364 0,002485345156148442
апостольский 4,605170185988092 0,004068171542392307
апрель 0 0
архив 0,3011050927839216 0,0005319877964380241
архидиаконство 4,605170185988092 0,004068171542392307
архиепископ 4,605170185988092 0,02847720079674615
архитектор 2,5257286443082556 0,004462418099484551
ассоциация 2,8134107167600364 0,002485345156148442
бакалавр 3,506557897319982 0,003097665987031786
белый 1,6094379124341003 0,0014217649403128094
беседа 3,912023005428146 0,0034558507115089628
библия 2,995732273553991 0,023817659418715473
билни 4,605170185988092 0,008136343084784614
благовещение 3,506557897319982 0,003097665987031786
благодать 4,605170185988092 0,004068171542392307
благословенный 4,605170185988092 0,004068171542392307
благословлять 4,605170185988092 0,004068171542392307
богословие 4,605170185988092 0,004068171542392307
богослужение 4,605170185988092 0,016272686169569228
большинство 1,7147984280919266 0,001514839600787921
борис 2,5257286443082556 0,0022312090497422755
брак 2,659260036932778 0,004698339287867098
британский 1,5141277326297755 0,0013375686684008617
важнейший 2,5257286443082556 0,0022312090497422755
ввести 2,995732273553991 0,0026464066020794974
великобритания 1,6607312068216509 0,007335385189141568
вероучение 4,605170185988092 0,004068171542392307
версия 0 0
взаимный 4,605170185988092 0,004068171542392307
викиновость 1,0216512475319812 0,000902518769904577
википедия 0 0
викисклад 0,5798184952529422 0,0005122071512835178
викисловарь 1,4271163556401458 0,0012607034943817542
викторианский 3,912023005428146 0,0034558507115089628
викторович 2,207274913189721 0,001949889499284206
вклад 0 0
владеть 3,506557897319982 0,003097665987031786
владивосток 4,605170185988092 0,004068171542392307
владимир 1,2378743560016172 0,001093528583040298
влияние 2,302585092994046 0,0020340857711961535
возможно 2,407945608651872 0,0021271604316712646
возможность 2,5257286443082556 0,0022312090497422755
война 0,7133498878774648 0,0006301677454747922
воплощение 4,605170185988092 0,004068171542392307
воскресение 3,912023005428146 0,0034558507115089628
восточный 0,9162907318741551 0,0008094441094294656
восходить 3,912023005428146 0,0034558507115089628
время 2,407945608651872 0,0021271604316712646
вселенский 4,605170185988092 0,004068171542392307
всемирный 1,6607312068216509 0,0014670770378283134
вступать 4,605170185988092 0,004068171542392307
вустерской 4,605170185988092 0,004068171542392307
входить 1,2378743560016172 0,001093528583040298
генеральный 2,995732273553991 0,005292813204158995
генрих 2,5257286443082556 0,004462418099484551
гибралтар 4,605170185988092 0,016272686169569228
главное 1,7147984280919266 0,001514839600787921
год 0,6348782724359695 0,0005608465304204678
гомосексуализм 4,605170185988092 0,004068171542392307
горчичный 3,912023005428146 0,0034558507115089628
господин 3,912023005428146 0,0034558507115089628
господь 3,506557897319982 0,003097665987031786
готика 4,605170185988092 0,004068171542392307
группа 1,4696759700589417 0,0012983003269071924
гуманитарный 4,605170185988092 0,004068171542392307
данный 0,1508228897345837 0,00013323576831677004
дата 2,302585092994046 0,0020340857711961535
два 0 0
двухэтажный 3,912023005428146 0,0034558507115089628
дева 3,2188758248682006 0,005687059761251238
декабрь 0 0
десмонд 4,605170185988092 0,008136343084784614
деятель 1,5141277326297755 0,0013375686684008617
джентльмен 3,912023005428146 0,0069117014230179255
джеффертс 4,605170185988092 0,008136343084784614
джон 2,302585092994046 0,004068171542392307
джонатан 4,605170185988092 0,004068171542392307
диакон 4,605170185988092 0,004068171542392307
диоцез 4,605170185988092 0,06509074467827691
добавлять 1,7719568419318754 0,003130665798466211
доктор 2,659260036932778 0,002349169643933549
доктрина 3,912023005428146 0,0034558507115089628
дом 1,3470736479666094 0,0011899943886630826
дополнить 1,5141277326297755 0,0013375686684008617
дословный 3,912023005428146 0,0034558507115089628
достоевский 4,605170185988092 0,004068171542392307
духовенство 4,605170185988092 0,008136343084784614
дьяконство 4,605170185988092 0,004068171542392307
европа 0,8915981192837835 0,0039381542371191855
единственный 1,3470736479666094 0,0011899943886630826
единство 3,2188758248682006 0,005687059761251238
единый 2,407945608651872 0,0021271604316712646
епархия 3,2188758248682006 0,008530589641876857
епископ 3,912023005428146 0,01036755213452689
епископалиан 4,605170185988092 0,004068171542392307
епископальный 4,605170185988092 0,024409029254353846
еретик 4,605170185988092 0,004068171542392307
живой 2,659260036932778 0,002349169643933549
журнал 0 0
завершение 3,506557897319982 0,003097665987031786
заключение 3,2188758248682006 0,002843529880625619
заключить 2,8134107167600364 0,002485345156148442
занимать 1,4696759700589417 0,0012983003269071924
заниматься 0 0
запретить 2,8134107167600364 0,002485345156148442
зачастовать 3,912023005428146 0,0034558507115089628
зерно 4,605170185988092 0,004068171542392307
знаете 0,06187540371808745 5,466025063435287E-05
знак 0 0
ибо 3,2188758248682006 0,002843529880625619
избранный 0,083381608939051 0,00014731733028100884
избрать 0 0
известный 0,7765287894989963 0,0006859794960238483
извиниться 4,605170185988092 0,004068171542392307
изменение 0 0
изображение 0,06187540371808745 5,466025063435287E-05
иисус 3,506557897319982 0,006195331974063572
именоваться 2,995732273553991 0,0026464066020794974
иметь 0,616186139423817 0,0005443340454274002
иметься 1,4271163556401458 0,0025214069887635085
иннеса 3,912023005428146 0,0069117014230179255
ирак 3,2188758248682006 0,005687059761251238
ирландия 2,8134107167600364 0,004970690312296884
искать 0 0
исполнять 2,995732273553991 0,0026464066020794974
использование 0 0
исправить 2,8134107167600364 0,002485345156148442
исторический 1,2378743560016172 0,001093528583040298
история 0 0
источник 0 0
июнь 0 0
каждый 2,120263536200091 0,003746048650530196
календарь 2,995732273553991 0,007939219806238492
кандидат 2,207274913189721 0,001949889499284206
канонический 4,605170185988092 0,012204514627176923
капелла 3,506557897319982 0,006195331974063572
капелланство 4,605170185988092 0,004068171542392307
кардинал 3,506557897319982 0,006195331974063572
категория 0 0
католицизм 2,995732273553991 0,0026464066020794974
католический 2,995732273553991 0,005292813204158995
кафедра 3,506557897319982 0,003097665987031786
кейптаунский 4,605170185988092 0,004068171542392307
кембридж 3,506557897319982 0,003097665987031786
кембриджский 4,605170185988092 0,004068171542392307
кентербери 4,605170185988092 0,016272686169569228
кентерберийский 4,605170185988092 0,024409029254353846
ключевой 2,8134107167600364 0,002485345156148442
клятва 3,506557897319982 0,003097665987031786
книга 0 0
код 0 0
коллект 4,605170185988092 0,004068171542392307
конвенция 2,120263536200091 0,003746048650530196
конго 2,659260036932778 0,004698339287867098
корениться 4,605170185988092 0,004068171542392307
королева 2,659260036932778 0,004698339287867098
королевский 2,5257286443082556 0,004462418099484551
король 1,7147984280919266 0,003029679201575842
костёр 3,506557897319982 0,003097665987031786
который 0,9162907318741551 0,0016188882188589312
крест 3,912023005428146 0,0034558507115089628
кэтрин 3,506557897319982 0,006195331974063572
латимер 4,605170185988092 0,012204514627176923
латинский 2,407945608651872 0,0021271604316712646
лекция 4,605170185988092 0,004068171542392307
лестершир 3,912023005428146 0,0069117014230179255
либо 2,8134107167600364 0,004970690312296884
линкольн 3,506557897319982 0,006195331974063572
личность 0,127833371509885 0,00011292700663417403
лосский 4,605170185988092 0,004068171542392307
лошадь 3,506557897319982 0,003097665987031786
лучший 0 0
лютеранство 4,605170185988092 0,012204514627176923
магистр 4,605170185988092 0,004068171542392307
май 0 0
макото 3,912023005428146 0,0069117014230179255
маленький 2,995732273553991 0,0026464066020794974
мария 1,6607312068216509 0,0044012311134849404
март 0 0
марта 0,3566749439387324 0,0015754193636869805
материал 0 0
материнский 3,912023005428146 0,0034558507115089628
международный 0,9942522733438669 0,0008783147291023559
место 0 0
миро 0 0
мирянин 4,605170185988092 0,004068171542392307
михайлович 1,7719568419318754 0,0015653328992331055
мобильный 0 0
мой 0 0
молитва 3,912023005428146 0,013823402846035851
молить 4,605170185988092 0,004068171542392307
москва 1,4271163556401458 0,00882492446067228
московский 2,207274913189721 0,001949889499284206
мочь 0,8209805520698303 0,000725247837517518
мученик 3,506557897319982 0,006195331974063572
н 1,4696759700589417 0,0012983003269071924
навигация 0 0
нажать 0 0
название 0 0
назначить 2,995732273553991 0,007939219806238492
найти 0 0
найтингейл 4,605170185988092 0,008136343084784614
написать 0,9942522733438669 0,0008783147291023559
направление 1,8325814637483102 0,0032377764377178623
настаивать 4,605170185988092 0,004068171542392307
насчитывать 2,659260036932778 0,002349169643933549
натаниель 4,605170185988092 0,008136343084784614
наука 0,05129329438755048 4,5312097515503955E-05
находиться 0 0
национальный 0,7550225842780328 0,0013339621630353937
начинание 4,605170185988092 0,004068171542392307
наш 2,5257286443082556 0,0022312090497422755
независимый 2,207274913189721 0,001949889499284206
некоммерческий 0 0
непроверенный 1,9661128563728327 0,003473697626100411
нигерия 2,8134107167600364 0,004970690312296884
николаевич 1,5606477482646683 0,0013786640885730286
нил 2,8134107167600364 0,002485345156148442
новость 1,4271163556401458 0,006303517471908771
новый 0 0
носить 1,6094379124341003 0,002843529880625619
ноябрь 0 0
обладать 2,407945608651872 0,0021271604316712646
обратиться 3,506557897319982 0,003097665987031786
обсуждение 0 0
обучение 3,912023005428146 0,0034558507115089628
общедоступный 3,912023005428146 0,0034558507115089628
общение 3,506557897319982 0,003097665987031786
общий 1,3470736479666094 0,0023799887773261652
община 2,8134107167600364 0,002485345156148442
объединение 2,207274913189721 0,001949889499284206
объединить 2,8134107167600364 0,002485345156148442
обязательный 0 0
один 0,843970070294529 0,0007455565992001139
однополый 4,605170185988092 0,008136343084784614
означать 2,0402208285265546 0,0036046304390928525
оксфорд 3,506557897319982 0,012390663948127144
оксфордский 3,912023005428146 0,0034558507115089628
октябрь 0 0
описание 0 0
организация 0 0
освобождный 3,912023005428146 0,0034558507115089628
освятить 4,605170185988092 0,004068171542392307
основной 0 0
основываться 3,912023005428146 0,0034558507115089628
особый 2,207274913189721 0,001949889499284206
ответственность 0 0
отдельный 0 0
отец 1,7719568419318754 0,0015653328992331055
отказ 0 0
относиться 1,7147984280919266 0,001514839600787921
отсутствовать 0,05129329438755048 0,0005890572677015515
очередь 2,995732273553991 0,0026464066020794974
пастор 3,912023005428146 0,0069117014230179255
первый 0 0
перевод 1,7147984280919266 0,001514839600787921
перейти 0 0
переработать 4,605170185988092 0,004068171542392307
персоналия 0,07257069283483537 0,00019232515768949305
петербург 2,207274913189721 0,003899778998568412
печать 0 0
писание 3,506557897319982 0,006195331974063572
пн 0,127833371509885 0,0005646350331708701
поведение 3,912023005428146 0,0034558507115089628
поддержать 4,605170185988092 0,004068171542392307
подробный 0 0
поздний 2,120263536200091 0,001873024325265098
поиск 0 0
показать 1,2729656758128876 0,0022490559643337234
покой 4,605170185988092 0,004068171542392307
покровитель 2,995732273553991 0,0026464066020794974
политик 0 0
полный 1,6094379124341003 0,0042652948209384286
получить 0 0
поместный 4,605170185988092 0,008136343084784614
попытка 2,407945608651872 0,0021271604316712646
портал 0 0
португальский 0,49429632181478017 0,0004366575281049295
послание 3,506557897319982 0,003097665987031786
последний 0 0
последователь 3,2188758248682006 0,005687059761251238
посмотреть 0 0
построить 1,4696759700589417 0,0025966006538143847
потребоваться 3,506557897319982 0,003097665987031786
появиться 1,6607312068216509 0,0014670770378283134
правило 1,4696759700589417 0,0012983003269071924
править 0 0
правка 0 0
правление 2,659260036932778 0,002349169643933549
право 0,843970070294529 0,0007455565992001139
православие 2,659260036932778 0,002349169643933549
практический 1,8971199848858813 0,0016759010467189764
предлагать 0 0
предоставление 3,912023005428146 0,0034558507115089628
представлять 1,6607312068216509 0,0014670770378283134
президент 1,3093333199837622 0,001156654876310744
пресвятой 2,995732273553991 0,0026464066020794974
придворный 3,2188758248682006 0,002843529880625619
признать 1,7147984280919266 0,001514839600787921
прийти 4,605170185988092 0,004068171542392307
примас 4,605170185988092 0,004068171542392307
принадлежать 2,407945608651872 0,004254320863342529
присоединиться 2,659260036932778 0,002349169643933549
причастие 4,605170185988092 0,004068171542392307
проверить 1,9661128563728327 0,005210546439150617
провинция 1,7147984280919266 0,006059358403151684
проект 0 0
проповедник 3,2188758248682006 0,002843529880625619
просьба 2,207274913189721 0,001949889499284206
протестантизм 3,506557897319982 0,003097665987031786
работа 0,9942522733438669 0,0008783147291023559
разработчик 0 0
ранний 1,8971199848858813 0,0016759010467189764
рассматриваться 3,506557897319982 0,003097665987031786
религиозный 2,120263536200091 0,001873024325265098
религия 0,083381608939051 0,00044195199084302655
реставрация 3,2188758248682006 0,002843529880625619
реформатор 3,506557897319982 0,003097665987031786
реформация 3,912023005428146 0,0034558507115089628
римско 4,605170185988092 0,012204514627176923
ричард 2,659260036932778 0,002349169643933549
роберта 2,207274913189721 0,003899778998568412
робинсон 3,506557897319982 0,006195331974063572
родственный 0,21072103131565253 0,0001861493209502231
роуэн 4,605170185988092 0,008136343084784614
рукоположить 4,605170185988092 0,004068171542392307
русский 0 0
сайт 2,302585092994046 0,004068171542392307
самый 0,5447271754416719 0,000481207752156954
санкт 2,120263536200091 0,003746048650530196
сведение 0 0
свежий 0 0
сверху 3,2188758248682006 0,002843529880625619
свободный 0 0
связать 0 0
связь 1,6607312068216509 0,0014670770378283134
святой 1,4696759700589417 0,006491501634535961
священник 2,8134107167600364 0,009941380624593769
священный 2,659260036932778 0,002349169643933549
сентябрь 0 0
сердце 2,8134107167600364 0,002485345156148442
сеть 2,5257286443082556 0,0022312090497422755
система 0 0
скелет 3,912023005428146 0,0069117014230179255
скрываться 4,605170185988092 0,004068171542392307
скульптура 2,995732273553991 0,0026464066020794974
слава 2,302585092994046 0,0020340857711961535
следовать 1,4271163556401458 0,0012607034943817542
случай 0 0
случайный 0 0
смотреть 0 0
смочь 2,5257286443082556 0,0022312090497422755
собираться 3,506557897319982 0,003097665987031786
событие 0 0
согласие 2,8134107167600364 0,002485345156148442
создать 0 0
сообщество 0 0
состоять 1,7719568419318754 0,0015653328992331055
сохранение 0 0
социальный 2,5257286443082556 0,0022312090497422755
список 0 0
среди 1,4696759700589417 0,0012983003269071924
ссылаться 0 0
ссылка 0 0
стабильный 1,4271163556401458 0,0025214069887635085
статистик 0 0
статус 1,4271163556401458 0,0012607034943817542
статья 0 0
степень 3,2188758248682006 0,002843529880625619
стиль 2,0402208285265546 0,0018023152195464263
страна 0,43078291609245434 0,0007611005584672338
страница 0 0
страсть 3,912023005428146 0,0034558507115089628
структура 2,995732273553991 0,0026464066020794974
существовать 1,4271163556401458 0,0025214069887635085
сша 0,9675840262617057 0,0025642686208349093
сын 1,6607312068216509 0,0014670770378283134
сюд 0 0
таверна 4,605170185988092 0,004068171542392307
тауэр 4,605170185988092 0,008136343084784614
твой 3,912023005428146 0,0069117014230179255
текст 0 0
теология 4,605170185988092 0,004068171542392307
термин 2,0402208285265546 0,0018023152195464263
течь 0 0
титкомба 4,605170185988092 0,004068171542392307
токио 3,506557897319982 0,006195331974063572
томас 2,407945608651872 0,004254320863342529
традиция 1,8971199848858813 0,0016759010467189764
третий 1,7147984280919266 0,001514839600787921
тут 4,605170185988092 0,008136343084784614
уважаемый 3,912023005428146 0,0034558507115089628
уемац 4,605170185988092 0,008136343084784614
узнать 2,995732273553991 0,0026464066020794974
уильямс 3,2188758248682006 0,005687059761251238
указатель 0 0
университет 1,3470736479666094 0,0023799887773261652
упоминание 2,8134107167600364 0,002485345156148442
упускать 4,605170185988092 0,004068171542392307
условие 0 0
участие 0 0
участник 0 0
учение 2,659260036932778 0,002349169643933549
уэльс 3,2188758248682006 0,011374119522502476
файл 1,5141277326297755 0,0026751373368017234
февраль 0 0
философия 0,09431067947124142 8,331332108766909E-05
флоренса 4,605170185988092 0,008136343084784614
форум 0 0
фраза 4,605170185988092 0,004068171542392307
французский 0,23572233352106994 0,00020823527696207591
фрейденберг 4,605170185988092 0,004068171542392307
фриман 4,605170185988092 0,004068171542392307
фф 2,995732273553991 0,0026464066020794974
характер 2,5257286443082556 0,004462418099484551
хоккайдо 4,605170185988092 0,008136343084784614
холт 4,605170185988092 0,004068171542392307
храм 1,2729656758128876 0,0033735839465005857
христианский 2,659260036932778 0,004698339287867098
христианство 2,120263536200091 0,011238145951590589
христос 2,659260036932778 0,004698339287867098
хью 4,605170185988092 0,012204514627176923
центр 0,8915981192837835 0,000787630847423837
церковный 3,912023005428146 0,0034558507115089628
церковь 1,4271163556401458 0,06807798869661473
цитата 1,4271163556401458 0,022692662898871573
часть 0,5978370007556204 0,0010562491179427922
честь 1,8325814637483102 0,0016188882188589312
численность 1,9661128563728327 0,0017368488130502055
читать 0 0
член 1,7147984280919266 0,001514839600787921
чтение 3,506557897319982 0,003097665987031786
чудо 3,506557897319982 0,003097665987031786
шаблон 0 0
шорить 4,605170185988092 0,008136343084784614
шотландец 3,912023005428146 0,0034558507115089628
шотландия 3,506557897319982 0,003097665987031786
шотландский 3,506557897319982 0,006195331974063572
эдуард 4,605170185988092 0,004068171542392307
эдуарда 2,995732273553991 0,0026464066020794974
элемент 0,19845093872383823 0,00035062003308098625
эмоциональный 3,912023005428146 0,0034558507115089628
энциклопедия 0 0
юрисдикция 4,605170185988092 0,004068171542392307
являться 0,3424903089467759 0,0009076598293642471
язык 0 0
январь 0,6733445532637655 0,0017844820316177533
