август 0 0
азербайджанский 1,6607312068216509 0,0009891192417043782
аима 4,605170185988092 0,005485610703976286
акио 4,605170185988092 0,005485610703976286
акир 4,605170185988092 0,005485610703976286
алфавит 0 0
алхимик 4,605170185988092 0,005485610703976286
англ 1,0498221244986776 0,0018757989121477264
английский 0,37106368139083196 0,0008840111528072233
аниматор 4,605170185988092 0,005485610703976286
анимация 4,605170185988092 0,008228416055964428
аниме 4,605170185988092 0,17828234787922928
анимэ 4,605170185988092 0,002742805351988143
анимэйшн 4,605170185988092 0,002742805351988143
апрель 0 0
арабский 0,38566248081198473 0,00022969772531982415
артист 4,605170185988092 0,005485610703976286
архив 0,3011050927839216 0,0014346877559686558
асанов 4,605170185988092 0,005485610703976286
ассистент 4,605170185988092 0,002742805351988143
атаковать 4,605170185988092 0,002742805351988143
аудитория 4,605170185988092 0,005485610703976286
аяна 3,912023005428146 0,004659944020760151
бар 3,912023005428146 0,004659944020760151
бейблэйд 4,605170185988092 0,005485610703976286
белый 1,6094379124341003 0,0009585693343860038
бла 3,506557897319982 0,0020884799864919487
благодаря 1,8325814637483102 0,0010914719855558727
ближ 4,605170185988092 0,002742805351988143
блич 4,605170185988092 0,005485610703976286
большой 1,1086626245216111 0,0019809338139159223
бонус 4,605170185988092 0,002742805351988143
будущее 2,5257286443082556 0,0030086106543278806
быть 1,9661128563728327 0,0011710022968271787
вандальный 3,506557897319982 0,0020884799864919487
введение 1,3470736479666094 0,0016046142322413456
ведение 2,8134107167600364 0,0016756466448838814
венгерский 1,9661128563728327 0,0011710022968271787
версия 0 0
взрослый 2,995732273553991 0,0017842360176021387
википедия 0 0
вклад 0 0
вмест 1,8971199848858813 0,0011299106521059448
внимание 2,5257286443082556 0,0015043053271639403
внутриигровой 4,605170185988092 0,002742805351988143
возникновение 2,8134107167600364 0,0016756466448838814
возраст 2,120263536200091 0,0012628133032758138
волженский 4,605170185988092 0,021942442815905145
впервый 1,5606477482646683 0,0009295102729390521
впоследствие 2,5257286443082556 0,0015043053271639403
вселенная 3,2188758248682006 0,0038342773375440154
входить 1,2378743560016172 0,0029490752972045676
выйти 2,659260036932778 0,001583835638435246
вымыслить 3,506557897319982 0,0020884799864919487
вымышленный 4,605170185988092 0,002742805351988143
выпускать 3,912023005428146 0,0023299720103800753
выразительный 4,605170185988092 0,002742805351988143
высокий 1,8971199848858813 0,0011299106521059448
выход 1,8325814637483102 0,0010914719855558727
вьетнамский 1,6094379124341003 0,0009585693343860038
гарем 4,605170185988092 0,005485610703976286
гарри 2,995732273553991 0,007136944070408555
география 0,083381608939051 9,93229409637296E-05
герой 2,120263536200091 0,0037884399098274406
главное 1,7147984280919266 0,004085285117550749
главный 1,9661128563728327 0,0011710022968271787
год 0,6348782724359695 0,0003781288102656162
голго 4,605170185988092 0,005485610703976286
голос 3,506557897319982 0,0041769599729838975
гор 1,5141277326297755 0,000901803295193434
гораздо 3,912023005428146 0,0023299720103800753
графический 3,912023005428146 0,0023299720103800753
грин 3,506557897319982 0,0041769599729838975
гротеск 4,605170185988092 0,002742805351988143
данный 0,1508228897345837 8,98289992463274E-05
два 0 0
декабрь 0 0
день 1,3862943611198906 0,00165133336643227
джей 3,912023005428146 0,006989916031140225
джованна 4,605170185988092 0,005485610703976286
джорный 4,605170185988092 0,005485610703976286
дзь 4,605170185988092 0,002742805351988143
дигимон 4,605170185988092 0,005485610703976286
дизайнер 3,506557897319982 0,0020884799864919487
диск 3,2188758248682006 0,0019171386687720077
дневник 3,912023005428146 0,004659944020760151
додзин 4,605170185988092 0,008228416055964428
додзинси 4,605170185988092 0,005485610703976286
дом 1,3470736479666094 0,0008023071161206728
другой 2,5257286443082556 0,0030086106543278806
дэдзак 4,605170185988092 0,005485610703976286
евангелион 3,912023005428146 0,004659944020760151
едкий 4,605170185988092 0,002742805351988143
екатерина 2,5257286443082556 0,0030086106543278806
жанр 2,659260036932778 0,004751506915305737
женский 2,302585092994046 0,0013714026759940716
животное 2,407945608651872 0,002868309241991509
жизнь 1,5606477482646683 0,0018590205458781043
жить 1,7719568419318754 0,0010553644085359592
журнал 0 0
забросить 2,995732273553991 0,0017842360176021387
заниматься 0 0
западный 0,9942522733438669 0,0005921693111041495
запрос 0,1165338162559516 0,00013881336063841765
звезда 1,8325814637483102 0,0021829439711117454
зверь 3,2188758248682006 0,0038342773375440154
звуковой 3,912023005428146 0,0023299720103800753
земляничный 4,605170185988092 0,005485610703976286
знаете 0,06187540371808745 7,37050669661554E-05
знак 0 0
значимость 2,995732273553991 0,0035684720352042775
золотой 1,4696759700589417 0,0017506563073959997
игра 1,5606477482646683 0,007436082183512417
игровой 3,912023005428146 0,0023299720103800753
идзуми 4,605170185988092 0,002742805351988143
идол 4,605170185988092 0,005485610703976286
изабель 4,605170185988092 0,005485610703976286
избранный 0,083381608939051 0,0005959376457823776
избрать 0 0
известный 0,7765287894989963 0,0013874844362697968
изменение 0 0
изображение 0,06187540371808745 7,37050669661554E-05
изобразительный 3,2188758248682006 0,0019171386687720077
икона 2,8134107167600364 0,0016756466448838814
икс 3,912023005428146 0,004659944020760151
иллюстрация 1,8325814637483102 0,0010914719855558727
иметь 0,616186139423817 0,00036699591389149314
иметься 1,4271163556401458 0,0008499799616677463
индустрия 3,912023005428146 0,004659944020760151
интересный 2,120263536200091 0,0012628133032758138
информативный 4,605170185988092 0,002742805351988143
информация 1,5606477482646683 0,0009295102729390521
исао 4,605170185988092 0,005485610703976286
искать 0 0
искусство 0,083381608939051 0,0001986458819274592
испанский 0,49429632181478017 0,0002943992387223229
использование 0 0
использоваться 1,4696759700589417 0,0008753281536979998
исток 3,2188758248682006 0,009585693343860037
история 0 0
источник 0 0
итальянский 0,7339691750802005 0,00043714662005967875
июнь 0 0
кадзука 4,605170185988092 0,005485610703976286
кайдзя 4,605170185988092 0,008228416055964428
кандидат 2,207274913189721 0,0013146366368015016
карта 1,7147984280919266 0,0020426425587753744
картинка 3,506557897319982 0,0020884799864919487
каталанский 1,8325814637483102 0,0010914719855558727
категория 0 0
качество 1,5606477482646683 0,0009295102729390521
кетчум 4,605170185988092 0,005485610703976286
кинопрокат 4,605170185988092 0,002742805351988143
кипо 4,605170185988092 0,005485610703976286
китадзав 4,605170185988092 0,005485610703976286
китайский 1,171182981502945 0,0006975479341887703
классический 2,5257286443082556 0,0015043053271639403
клише 4,605170185988092 0,002742805351988143
клоу 4,605170185988092 0,005485610703976286
ключ 3,912023005428146 0,0023299720103800753
книга 0 0
код 0 0
кодомый 4,605170185988092 0,005485610703976286
коллектив 3,2188758248682006 0,0019171386687720077
команда 2,207274913189721 0,0013146366368015016
комикка 4,605170185988092 0,002742805351988143
комикс 3,2188758248682006 0,011502832012632044
компания 2,407945608651872 0,0014341546209957546
компьютерный 3,2188758248682006 0,0019171386687720077
косплей 4,605170185988092 0,013714026759940713
красный 0,7765287894989963 0,0009249896241798647
критерий 4,605170185988092 0,005485610703976286
культура 0,3566749439387324 0,0008497318497646991
кучик 4,605170185988092 0,005485610703976286
куш 4,605170185988092 0,005485610703976286
кэн 4,605170185988092 0,002742805351988143
лай 3,912023005428146 0,004659944020760151
леса 2,659260036932778 0,004751506915305737
литературный 2,659260036932778 0,001583835638435246
личность 0,127833371509885 0,00022840983593189695
лишить 3,912023005428146 0,004659944020760151
лучший 0 0
май 0 0
макото 3,912023005428146 0,004659944020760151
мамор 4,605170185988092 0,005485610703976286
манга 4,605170185988092 0,134397462247419
мангака 4,605170185988092 0,013714026759940713
март 0 0
марта 0,3566749439387324 0,0021243296244117475
массовый 2,0402208285265546 0,0024302809154574806
мастер 2,5257286443082556 0,0030086106543278806
материал 0 0
махо 4,605170185988092 0,005485610703976286
место 0 0
месяц 1,7147984280919266 0,0010213212793876872
мех 3,912023005428146 0,004659944020760151
минута 2,8134107167600364 0,0016756466448838814
миро 0 0
мистер 3,912023005428146 0,004659944020760151
миядзак 4,605170185988092 0,005485610703976286
многолетний 4,605170185988092 0,002742805351988143
мобильный 0 0
мода 3,506557897319982 0,0041769599729838975
мой 0 0
монсуть 4,605170185988092 0,002742805351988143
моча 0,16251892949777494 9,67950741499553E-05
моэ 4,605170185988092 0,005485610703976286
музыка 1,2729656758128876 0,0015163379104382224
мультипликация 4,605170185988092 0,016456832111928856
мурасак 4,605170185988092 0,005485610703976286
мышь 4,605170185988092 0,002742805351988143
навигация 0 0
нажать 0 0
название 0 0
называть 1,6607312068216509 0,0009891192417043782
называться 1,9661128563728327 0,0011710022968271787
найти 0 0
нака 4,605170185988092 0,005485610703976286
накапливать 4,605170185988092 0,002742805351988143
накасить 4,605170185988092 0,005485610703976286
написать 0,9942522733438669 0,0005921693111041495
наполнить 4,605170185988092 0,005485610703976286
нарутый 4,605170185988092 0,005485610703976286
настоящий 1,6094379124341003 0,0019171386687720077
наука 0,05129329438755048 6,109981463674865E-05
находиться 0 0
начать 0,38566248081198473 0,01056609536471191
начинать 0,1508228897345837 0,0001796579984926548
недоставать 1,07880966137193 0,0006425310669278916
некоммерческий 0 0
некоторые 1,8325814637483102 0,0010914719855558727
необходимость 3,2188758248682006 0,0019171386687720077
непроверенный 1,9661128563728327 0,0011710022968271787
нескл 4,605170185988092 0,002742805351988143
новый 0 0
ноябрь 0 0
нук 4,605170185988092 0,005485610703976286
обложка 3,506557897319982 0,0020884799864919487
обратить 3,506557897319982 0,0020884799864919487
обсуждение 0 0
общество 0,07257069283483537 8,644513738515233E-05
обязательный 0 0
один 0,843970070294529 0,0015079870225631845
озвучивать 4,605170185988092 0,002742805351988143
означать 2,0402208285265546 0,0012151404577287403
окин 4,605170185988092 0,005485610703976286
октябрь 0 0
описание 0 0
организация 0 0
оригинальный 2,0402208285265546 0,0012151404577287403
оридзин 4,605170185988092 0,002742805351988143
осама 4,605170185988092 0,010971221407952573
основать 1,2729656758128876 0,0007581689552191112
основной 0 0
особенность 2,8134107167600364 0,0016756466448838814
особенный 3,506557897319982 0,0020884799864919487
остальной 2,995732273553991 0,0017842360176021387
остров 1,2039728043259361 0,0007170773104978774
отаку 4,605170185988092 0,005485610703976286
ответственность 0 0
отдельный 0 0
отказ 0 0
откатывать 3,912023005428146 0,0023299720103800753
отличие 3,2188758248682006 0,0019171386687720077
отомодатить 4,605170185988092 0,005485610703976286
отпатрулировать 2,207274913189721 0,002629273273603003
отсутствовать 0,05129329438755048 0,0002443992585469946
официальный 1,07880966137193 0,0006425310669278916
оценивание 0,1508228897345837 0,0001796579984926548
парень 3,912023005428146 0,004659944020760151
пародия 3,506557897319982 0,0020884799864919487
первый 0 0
перейти 0 0
перенаправление 2,995732273553991 0,0017842360176021387
персидский 1,5606477482646683 0,0009295102729390521
персонаж 2,5257286443082556 0,010530137290147581
персоналия 0,07257069283483537 8,644513738515233E-05
песня 2,207274913189721 0,002629273273603003
печать 0 0
пикать 4,605170185988092 0,002742805351988143
пикач 4,605170185988092 0,03291366422385771
пингвин 3,912023005428146 0,004659944020760151
пиниеють 4,605170185988092 0,005485610703976286
пичить 4,605170185988092 0,002742805351988143
пн 0,127833371509885 0,0009897759557048868
подробный 0 0
подростковый 4,605170185988092 0,002742805351988143
поиск 0 0
показать 1,2729656758128876 0,0015163379104382224
покедекс 4,605170185988092 0,002742805351988143
покемон 4,605170185988092 0,07405574450367985
покэтто 4,605170185988092 0,002742805351988143
политик 0 0
получить 0 0
польский 1,2729656758128876 0,0007581689552191112
помочь 0,127833371509885 7,613661197729899E-05
помощь 0,127833371509885 0,00015227322395459797
поначал 4,605170185988092 0,002742805351988143
понятие 2,995732273553991 0,0035684720352042775
поп 3,506557897319982 0,008353919945967795
популярность 2,659260036932778 0,004751506915305737
популярный 2,120263536200091 0,0012628133032758138
портал 0 0
португальский 0,49429632181478017 0,0002943992387223229
последний 0 0
последующий 2,8134107167600364 0,0016756466448838814
посмотреть 0 0
поттер 3,506557897319982 0,008353919945967795
появиться 1,6607312068216509 0,0009891192417043782
появляться 3,912023005428146 0,0023299720103800753
править 0 0
правка 0 0
практически 3,2188758248682006 0,0019171386687720077
предлагать 0 0
представлять 1,6607312068216509 0,0009891192417043782
премьер 2,0402208285265546 0,0012151404577287403
привести 2,5257286443082556 0,0015043053271639403
признать 1,7147984280919266 0,0030639638381630614
примечательный 2,0402208285265546 0,0012151404577287403
принадлежащий 3,912023005428146 0,0023299720103800753
присоединиться 2,659260036932778 0,001583835638435246
пришествие 3,506557897319982 0,0041769599729838975
проверить 1,9661128563728327 0,0011710022968271787
продукция 3,506557897319982 0,0020884799864919487
проект 0 0
прочее 2,995732273553991 0,0017842360176021387
псевдоним 3,912023005428146 0,004659944020760151
работа 0,9942522733438669 0,0005921693111041495
работать 1,7147984280919266 0,0010213212793876872
равнина 2,995732273553991 0,0017842360176021387
раздел 0,9675840262617057 0,0005762859000963108
раздеть 2,995732273553991 0,0017842360176021387
различный 1,8971199848858813 0,0011299106521059448
разработчик 0 0
райч 4,605170185988092 0,005485610703976286
ракутэн 4,605170185988092 0,005485610703976286
ранобэ 4,605170185988092 0,008228416055964428
распространяться 3,506557897319982 0,0020884799864919487
рассказывать 3,506557897319982 0,0020884799864919487
рассчитать 4,605170185988092 0,002742805351988143
ребёнок 2,120263536200091 0,0025256266065516275
религия 0,083381608939051 9,93229409637296E-05
ресетти 4,605170185988092 0,005485610703976286
рея 3,506557897319982 0,0041769599729838975
рисовать 4,605170185988092 0,002742805351988143
рисоваться 3,912023005428146 0,0023299720103800753
родина 1,6094379124341003 0,0009585693343860038
родственный 0,21072103131565253 0,0001255038900033666
роман 1,4696759700589417 0,0008753281536979998
рубрика 3,912023005428146 0,0023299720103800753
рукия 4,605170185988092 0,005485610703976286
румико 4,605170185988092 0,005485610703976286
русский 0 0
русскоязычный 2,659260036932778 0,001583835638435246
рэд 4,605170185988092 0,005485610703976286
самый 0,5447271754416719 0,00032443548269307445
сатир 3,912023005428146 0,0023299720103800753
сведение 0 0
свежий 0 0
света 2,0402208285265546 0,0024302809154574806
свободный 0 0
связать 0 0
сезон 2,8134107167600364 0,0033512932897677627
сексуальный 3,506557897319982 0,0041769599729838975
сентябрь 0 0
сериал 3,506557897319982 0,008353919945967795
серия 2,207274913189721 0,011831729731213514
сиквел 4,605170185988092 0,002742805351988143
синкать 4,605170185988092 0,005485610703976286
система 0 0
сканлейт 4,605170185988092 0,005485610703976286
склый 4,605170185988092 0,002742805351988143
скрыть 2,8134107167600364 0,0016756466448838814
слайдер 4,605170185988092 0,005485610703976286
следить 3,912023005428146 0,0279596641245609
слово 1,5606477482646683 0,0009295102729390521
случай 0 0
случайный 0 0
смерть 1,8325814637483102 0,005457359927779363
смотреть 0 0
снять 2,302585092994046 0,0013714026759940716
событие 0 0
совет 2,302585092994046 0,0013714026759940716
соглашение 2,5257286443082556 0,0015043053271639403
содержание 0,1392620673335076 8,294345880494795E-05
создание 0,8675005677047231 0,0005166769313309846
создать 0 0
соник 4,605170185988092 0,005485610703976286
сообщество 0 0
соперник 3,506557897319982 0,0020884799864919487
состояние 1,7147984280919266 0,0010213212793876872
состоять 1,7719568419318754 0,0010553644085359592
состояться 2,207274913189721 0,0013146366368015016
сотрудничество 2,995732273553991 0,0017842360176021387
софия 2,8134107167600364 0,01340517315907105
сохранение 0 0
спецэффект 4,605170185988092 0,002742805351988143
список 0 0
спокон 4,605170185988092 0,005485610703976286
спорт 0,083381608939051 9,93229409637296E-05
сравнить 4,605170185988092 0,002742805351988143
ссылаться 0 0
ссылка 0 0
стабильный 1,4271163556401458 0,0008499799616677463
стальной 4,605170185988092 0,005485610703976286
статистик 0 0
статус 1,4271163556401458 0,0025499398850032384
стать 0,4620354595965586 0,00027518490744285804
статья 0 0
стиль 2,0402208285265546 0,0012151404577287403
страна 0,43078291609245434 0,0002565711233427364
страница 0 0
странный 3,506557897319982 0,0020884799864919487
стремиться 3,912023005428146 0,0023299720103800753
студия 3,506557897319982 0,01461935990544364
сугиморить 4,605170185988092 0,005485610703976286
сугино 4,605170185988092 0,005485610703976286
сугиур 4,605170185988092 0,005485610703976286
судзумие 4,605170185988092 0,010971221407952573
существо 3,506557897319982 0,008353919945967795
считаться 1,5141277326297755 0,000901803295193434
сэйнэн 4,605170185988092 0,005485610703976286
сэйя 4,605170185988092 0,002742805351988143
сэнтай 4,605170185988092 0,005485610703976286
сюд 0 0
сюжет 3,506557897319982 0,0020884799864919487
сюжетный 4,605170185988092 0,002742805351988143
тайный 2,659260036932778 0,003167671276870492
тайский 2,407945608651872 0,0014341546209957546
такахаси 4,605170185988092 0,005485610703976286
такахат 4,605170185988092 0,005485610703976286
талисман 3,912023005428146 0,0023299720103800753
текст 0 0
тема 0,7550225842780328 0,00044968587509114523
тематика 1,7147984280919266 0,0010213212793876872
термин 2,0402208285265546 0,00364542137318622
тетрадь 4,605170185988092 0,013714026759940713
техника 0,06187540371808745 7,37050669661554E-05
течь 0 0
типа 2,5257286443082556 0,0015043053271639403
тодо 4,605170185988092 0,002742805351988143
ториям 4,605170185988092 0,005485610703976286
трансформер 4,605170185988092 0,008228416055964428
требовать 1,4696759700589417 0,0008753281536979998
тэдзук 4,605170185988092 0,005485610703976286
уважаемый 3,912023005428146 0,0023299720103800753
узнавать 4,605170185988092 0,002742805351988143
указатель 0 0
украинский 1,07880966137193 0,0006425310669278916
улучшить 1,6607312068216509 0,0009891192417043782
условие 0 0
утверждать 3,506557897319982 0,0020884799864919487
участие 0 0
участник 0 0
участница 1,7147984280919266 0,008170570235101498
файл 1,5141277326297755 0,000901803295193434
факт 2,302585092994046 0,002742805351988143
фактический 3,912023005428146 0,0023299720103800753
фансервис 4,605170185988092 0,005485610703976286
фантазия 3,912023005428146 0,004659944020760151
февраль 0 0
феминизм 3,912023005428146 0,0023299720103800753
феминистка 4,605170185988092 0,002742805351988143
фестиваль 2,995732273553991 0,0035684720352042775
философия 0,09431067947124142 0,00011234148835168723
фильм 1,6094379124341003 0,0038342773375440154
форма 1,6607312068216509 0,0009891192417043782
форум 0 0
французский 0,23572233352106994 0,00014039448095358545
франшиза 4,605170185988092 0,010971221407952573
фэнсаб 4,605170185988092 0,005485610703976286
харух 4,605170185988092 0,010971221407952573
харухизм 4,605170185988092 0,002742805351988143
хаяо 4,605170185988092 0,005485610703976286
хентай 4,605170185988092 0,016456832111928856
хинако 4,605170185988092 0,005485610703976286
хороший 0,7985076962177716 0,013316388025073024
хосод 4,605170185988092 0,005485610703976286
храм 1,2729656758128876 0,0015163379104382224
художник 1,9661128563728327 0,0011710022968271787
цвет 2,207274913189721 0,0013146366368015016
целевой 4,605170185988092 0,002742805351988143
церемония 3,912023005428146 0,004659944020760151
цифровой 4,605170185988092 0,005485610703976286
чайная 4,605170185988092 0,002742805351988143
чаризард 4,605170185988092 0,005485610703976286
часть 0,5978370007556204 0,0010682019072464927
чешский 1,3862943611198906 0,000825666683216135
число 1,3470736479666094 0,003209228464482691
читать 0 0
чобит 4,605170185988092 0,005485610703976286
чудесный 3,912023005428146 0,004659944020760151
шаблон 0 0
шведский 1,7147984280919266 0,0010213212793876872
эволюционировать 4,605170185988092 0,005485610703976286
экранизация 3,912023005428146 0,0023299720103800753
элегантный 4,605170185988092 0,002742805351988143
электрический 4,605170185988092 0,002742805351988143
электричество 3,912023005428146 0,0023299720103800753
электростанция 3,506557897319982 0,0041769599729838975
элемент 0,19845093872383823 0,00035458774042377287
эльфийский 4,605170185988092 0,005485610703976286
энциклопедия 0 0
эра 3,506557897319982 0,0041769599729838975
эття 4,605170185988092 0,005485610703976286
эш 4,605170185988092 0,005485610703976286
явление 2,407945608651872 0,0014341546209957546
являться 0,3424903089467759 0,0010199234929921855
язык 0 0
яйцо 3,912023005428146 0,004659944020760151
ямад 4,605170185988092 0,002742805351988143
январь 0,6733445532637655 0,0016041561721590603
яп 3,2188758248682006 0,007668554675088031
япония 1,8971199848858813 0,009039285216847558
японский 1,4696759700589417 0,013129922305469999
