август 0 0
августа 0,843970070294529 0,0006146905100469985
авиация 2,120263536200091 0,004632768105317023
автомобиль 2,995732273553991 0,006545664108275289
автомобильный 2,659260036932778 0,003873648997717084
автор 1,7147984280919266 0,001248942773555664
автошкола 4,605170185988092 0,0033540933619723903
активный 2,302585092994046 0,0016770466809861951
александр 1,3470736479666094 0,001962234010148011
алфавит 0 0
ан 2,995732273553991 0,004363776072183526
англ 1,0498221244986776 0,0007646191729779153
английский 0,37106368139083196 0,0008107727925509802
андреевич 2,407945608651872 0,0035075682573224645
апрель 0 0
арабский 0,38566248081198473 0,00028089037204077547
армия 1,7719568419318754 0,0012905730822519122
артиллерийский 3,2188758248682006 0,004688821303522507
архив 0,3011050927839216 0,002193045104034389
баз 2,5257286443082556 0,005518707889967055
барышник 4,605170185988092 0,0067081867239447805
бачакашвили 4,605170185988092 0,0067081867239447805
бел 4,605170185988092 0,0067081867239447805
бмп 4,605170185988092 0,02347865353380673
боевой 1,8971199848858813 0,020726001291542766
боец 2,995732273553991 0,002181888036091763
бой 1,8971199848858813 0,0013817334194361846
большой 1,1086626245216111 0,0008074745990689084
борец 3,912023005428146 0,002849252006866822
британский 1,5141277326297755 0,004411151442475675
бронеавтомобиль 4,605170185988092 0,05031140042958585
бронелист 4,605170185988092 0,0033540933619723903
бронепоезд 3,912023005428146 0,008547756020600464
бронетанковый 3,506557897319982 0,017877571217217676
бронетехника 3,506557897319982 0,19920722213471126
бронетрактор 4,605170185988092 0,0033540933619723903
бронирование 4,605170185988092 0,0033540933619723903
бронировать 4,605170185988092 0,0033540933619723903
бтвт 4,605170185988092 0,0067081867239447805
валентайн 3,912023005428146 0,011397008027467287
валентайны 4,605170185988092 0,0033540933619723903
валентина 2,995732273553991 0,002181888036091763
великобритания 1,6607312068216509 0,004838255518781212
версия 0 0
весьма 2,659260036932778 0,001936824498858542
вид 1,0498221244986776 0,0007646191729779153
википедия 0 0
википроект 3,912023005428146 0,008547756020600464
викисклад 0,5798184952529422 0,000422300433541837
викисловарь 1,4271163556401458 0,0010394146800001064
вклад 0 0
владимир 1,2378743560016172 0,0036063346132603562
внести 2,5257286443082556 0,0036791385933113703
вносить 2,659260036932778 0,001936824498858542
военный 1,0498221244986776 0,004587715037867491
война 0,7133498878774648 0,011430223986383268
войско 1,7719568419318754 0,0025811461645038245
вооружение 3,506557897319982 0,017877571217217676
вплоть 2,659260036932778 0,001936824498858542
впоследствие 2,5257286443082556 0,0036791385933113703
вскор 2,995732273553991 0,002181888036091763
второй 1,2378743560016172 0,005409501919890534
вынудить 2,302585092994046 0,0016770466809861951
выпуск 2,995732273553991 0,002181888036091763
выпустить 2,5257286443082556 0,0018395692966556851
гаубица 3,912023005428146 0,005698504013733644
генерал 1,8325814637483102 0,0026694558831002334
география 0,083381608939051 0,00012145900792287109
го 2,0402208285265546 0,0029719167203591476
год 0,6348782724359695 0,002774413426522809
гражданский 1,5141277326297755 0,0022055757212378377
григорьевич 2,407945608651872 0,0035075682573224645
гусеница 4,605170185988092 0,0033540933619723903
гусеничный 3,912023005428146 0,002849252006866822
д 1,5141277326297755 0,0011027878606189188
давидович 3,506557897319982 0,0051078774906336225
далья 0,3566749439387324 0,0007793334536170408
данный 0,1508228897345837 0,00021969830988286044
два 0 0
действие 1,8325814637483102 0,0026694558831002334
декабрь 0 0
дмитриевич 3,2188758248682006 0,004688821303522507
добавить 1,0498221244986776 0,0007646191729779153
добавлять 1,7719568419318754 0,0012905730822519122
дорога 1,5606477482646683 0,0011366698822029631
железнодорожный 2,302585092994046 0,005031140042958585
железный 1,7147984280919266 0,001248942773555664
журнал 0 0
забронировать 4,605170185988092 0,0033540933619723903
завод 2,120263536200091 0,0015442560351056746
заниматься 0 0
запасный 4,605170185988092 0,0033540933619723903
запрос 0,1165338162559516 0,00025462596414264736
захватить 2,407945608651872 0,0017537841286612323
зеландия 2,995732273553991 0,002181888036091763
земледелие 3,912023005428146 0,005698504013733644
зенитный 3,912023005428146 0,005698504013733644
знаете 0,06187540371808745 9,013168786320095E-05
знак 0 0
значительный 2,302585092994046 0,0016770466809861951
иван 1,7719568419318754 0,005162292329007649
иванович 1,6094379124341003 0,004688821303522507
избранный 0,083381608939051 0,00024291801584574218
избрать 0 0
известный 0,7765287894989963 0,0005655708590670039
изменение 0 0
изображение 0,06187540371808745 9,013168786320095E-05
изобретатель 2,659260036932778 0,001936824498858542
ильич 2,5257286443082556 0,0036791385933113703
инициатива 2,659260036932778 0,001936824498858542
иосиф 2,302585092994046 0,0033540933619723903
искать 0 0
искусство 0,083381608939051 0,00012145900792287109
использование 0 0
использовать 1,4271163556401458 0,0020788293600002127
использоваться 1,4696759700589417 0,0021408244283451444
испуг 4,605170185988092 0,0067081867239447805
история 0 0
источник 0 0
истребитель 2,995732273553991 0,004363776072183526
итальянский 0,7339691750802005 0,0005345733248945379
июнь 0 0
кавалерийский 3,912023005428146 0,002849252006866822
каждый 2,120263536200091 0,0015442560351056746
канада 2,659260036932778 0,003873648997717084
капитан 2,8134107167600364 0,004098194780422486
карточка 3,506557897319982 0,0025539387453168113
категория 0 0
китайский 1,171182981502945 0,002559030549533019
класс 2,995732273553991 0,002181888036091763
классификация 2,5257286443082556 0,012876985076589794
клименко 3,912023005428146 0,005698504013733644
книга 0 0
код 0 0
колесо 3,506557897319982 0,0025539387453168113
количество 2,120263536200091 0,0015442560351056746
конец 1,4271163556401458 0,0010394146800001064
конструктор 2,995732273553991 0,004363776072183526
конструкция 3,506557897319982 0,0229854487078513
конфликт 2,659260036932778 0,003873648997717084
корпус 2,995732273553991 0,002181888036091763
крайний 2,5257286443082556 0,0018395692966556851
красный 0,7765287894989963 0,0016967125772010116
крейсерский 4,605170185988092 0,0067081867239447805
л 2,8134107167600364 0,002049097390211243
лавизин 4,605170185988092 0,0067081867239447805
ленда 3,506557897319982 0,0051078774906336225
ленин 3,506557897319982 0,0051078774906336225
лиз 3,506557897319982 0,0025539387453168113
лиза 3,506557897319982 0,0025539387453168113
личность 0,127833371509885 0,00018621030081556446
лукьян 4,605170185988092 0,0067081867239447805
лучший 0 0
май 0 0
март 0 0
марта 0,3566749439387324 0,00259777817872347
масса 2,659260036932778 0,001936824498858542
материал 0 0
машина 3,2188758248682006 0,018755285214090027
мгебр 4,605170185988092 0,026832746895779122
мгебров 4,605170185988092 0,0033540933619723903
место 0 0
механизировать 3,912023005428146 0,002849252006866822
минирование 4,605170185988092 0,0067081867239447805
министерство 3,2188758248682006 0,0023444106517612534
миро 0 0
мировой 1,2039728043259361 0,014030273029289862
михаил 1,5606477482646683 0,0045466795288118525
михайлович 1,7719568419318754 0,0025811461645038245
многочисленный 2,659260036932778 0,001936824498858542
мобильный 0 0
модель 2,8134107167600364 0,002049097390211243
мой 0 0
морской 1,6607312068216509 0,0036286916390859086
москва 1,4271163556401458 0,0020788293600002127
мотоцикл 3,506557897319982 0,0051078774906336225
моча 0,16251892949777494 0,00011836775637128547
мочь 0,8209805520698303 0,0011958930110267012
навигация 0 0
нажать 0 0
название 0 0
найти 0 0
наклон 3,912023005428146 0,002849252006866822
написание 1,9661128563728327 0,0014319831437529737
наряд 3,2188758248682006 0,0023444106517612534
наука 0,05129329438755048 7,471710762935249E-05
находиться 0 0
нация 1,9661128563728327 0,0014319831437529737
начало 1,2039728043259361 0,0008768920643306163
начать 0,38566248081198473 0,00561780744081551
начинать 0,1508228897345837 0,00021969830988286044
недоставать 1,07880966137193 0,0007857317271463438
некоммерческий 0 0
некоторые 1,8325814637483102 0,0013347279415501167
нехватка 4,605170185988092 0,0033540933619723903
нечитаемый 1,5606477482646683 0,003410009646608889
николаевич 1,5606477482646683 0,0045466795288118525
николай 1,5141277326297755 0,0022055757212378377
новаторство 4,605170185988092 0,0033540933619723903
новый 0 0
носить 1,6094379124341003 0,0011722053258806267
ноябрь 0 0
обнаружить 2,407945608651872 0,0017537841286612323
обозначение 3,506557897319982 0,0025539387453168113
оборона 2,302585092994046 0,0016770466809861951
обслуживание 4,605170185988092 0,0033540933619723903
обсуждение 0 0
общество 0,07257069283483537 0,00010571113304418846
общий 1,3470736479666094 0,0009811170050740056
обязательный 0 0
одесса 3,2188758248682006 0,0023444106517612534
один 0,843970070294529 0,001229381020093997
ознакомиться 3,912023005428146 0,002849252006866822
октябрь 0 0
описание 0 0
организация 0 0
оружие 2,0402208285265546 0,008915750161077441
оснащение 4,605170185988092 0,0067081867239447805
основа 1,8971199848858813 0,0013817334194361846
основной 0 0
оставаться 2,5257286443082556 0,0018395692966556851
оставлять 1,7719568419318754 0,0012905730822519122
ответственность 0 0
отдельный 0 0
отказ 0 0
отличаться 3,506557897319982 0,0025539387453168113
отпатрулировать 2,207274913189721 0,004822887647173462
отправить 3,912023005428146 0,005698504013733644
отсутствовать 0,05129329438755048 0,0004109440919614387
офицер 2,8134107167600364 0,002049097390211243
оценивание 0,1508228897345837 0,00021969830988286044
павел 2,407945608651872 0,0035075682573224645
первый 0 0
перевозка 3,912023005428146 0,002849252006866822
перейти 0 0
переобувать 4,605170185988092 0,0033540933619723903
переформировать 4,605170185988092 0,0033540933619723903
период 1,3093333199837622 0,0009536295120056536
персоналия 0,07257069283483537 0,0002642778326104711
пехота 3,506557897319982 0,010215754981267245
пехотный 3,2188758248682006 0,011722053258806266
пехтереть 4,605170185988092 0,0067081867239447805
печать 0 0
пинчук 3,912023005428146 0,005698504013733644
плавать 3,912023005428146 0,005698504013733644
пн 0,127833371509885 0,0008379463536700401
повышение 3,2188758248682006 0,0023444106517612534
подарок 3,912023005428146 0,005698504013733644
подать 3,912023005428146 0,002849252006866822
подробный 0 0
поиск 0 0
показать 1,2729656758128876 0,0009271417886474054
политик 0 0
получить 0 0
помочь 0,127833371509885 9,310515040778223E-05
помощь 0,127833371509885 9,310515040778223E-05
портал 0 0
поскольку 2,5257286443082556 0,0018395692966556851
последний 0 0
посмотреть 0 0
поставляться 4,605170185988092 0,0033540933619723903
потенциальный 1,5141277326297755 0,0033083635818567563
править 0 0
правка 0 0
предлагать 0 0
предложить 2,407945608651872 0,0017537841286612323
предназначить 3,2188758248682006 0,0023444106517612534
признать 1,7147984280919266 0,001248942773555664
применение 2,8134107167600364 0,016392779121689943
применяться 3,506557897319982 0,0025539387453168113
приходиться 2,659260036932778 0,001936824498858542
программа 2,207274913189721 0,0016076292157244875
прогрессивный 3,912023005428146 0,002849252006866822
проект 0 0
производитель 2,8134107167600364 0,004098194780422486
производиться 3,506557897319982 0,0025539387453168113
противотанковый 3,506557897319982 0,0051078774906336225
проходить 1,5141277326297755 0,0011027878606189188
пулестойкость 4,605170185988092 0,0033540933619723903
работа 0,9942522733438669 0,0007241458655090073
рабочий 2,8134107167600364 0,002049097390211243
развитие 0,9416085398584451 0,000685803743523995
разработать 2,5257286443082556 0,0036791385933113703
разработчик 0 0
ракетный 3,506557897319982 0,007661816235950433
рассмотрение 3,912023005428146 0,002849252006866822
расшифровываться 4,605170185988092 0,0033540933619723903
рациональный 4,605170185988092 0,0033540933619723903
рекомендовать 3,506557897319982 0,0025539387453168113
религия 0,083381608939051 0,00012145900792287109
рено 4,605170185988092 0,0067081867239447805
родиться 0,8915981192837835 0,0006493795479124425
родственный 0,21072103131565253 0,0001534748953500747
российский 1,0498221244986776 0,0007646191729779153
россия 0,7765287894989963 0,0005655708590670039
рота 2,995732273553991 0,004363776072183526
русский 0 0
ряд 1,6607312068216509 0,0036286916390859086
самоходный 3,506557897319982 0,02043150996253449
самый 0,5447271754416719 0,0003967422982095207
сау 3,912023005428146 0,039889528096135496
св 3,506557897319982 0,0025539387453168113
сведение 0 0
свежий 0 0
свобода 2,302585092994046 0,0016770466809861951
свободный 0 0
свой 1,4696759700589417 0,0010704122141725722
связать 0 0
сделать 2,120263536200091 0,0015442560351056746
семейство 2,995732273553991 0,004363776072183526
сентябрь 0 0
сербский 1,7147984280919266 0,001248942773555664
середина 2,120263536200091 0,0015442560351056746
серийный 2,995732273553991 0,004363776072183526
система 0 0
сложность 4,605170185988092 0,0033540933619723903
служба 2,995732273553991 0,002181888036091763
случай 0 0
случайный 0 0
смирн 3,506557897319982 0,0051078774906336225
смотреть 0 0
собираться 3,506557897319982 0,0051078774906336225
собственный 1,8325814637483102 0,0013347279415501167
событие 0 0
советский 1,3470736479666094 0,0009811170050740056
совместный 2,120263536200091 0,0015442560351056746
содержание 0,1392620673335076 0,00010142903665951027
содружество 2,659260036932778 0,003873648997717084
соединение 3,912023005428146 0,002849252006866822
создание 0,8675005677047231 0,0012636570541947896
создать 0 0
сообщество 0 0
сопровождение 3,506557897319982 0,0025539387453168113
сормовский 4,605170185988092 0,0033540933619723903
состояние 1,7147984280919266 0,001248942773555664
состоять 1,7719568419318754 0,0012905730822519122
сохранение 0 0
специализировать 3,506557897319982 0,0025539387453168113
специалист 4,605170185988092 0,0033540933619723903
специальный 2,407945608651872 0,0017537841286612323
список 0 0
спорт 0,083381608939051 0,00012145900792287109
спроектировать 3,912023005428146 0,002849252006866822
среднее 2,120263536200091 0,0015442560351056746
средний 1,8971199848858813 0,002763466838872369
ссср 1,4271163556401458 0,0020788293600002127
ссылаться 0 0
ссылка 0 0
стабильный 1,4271163556401458 0,0010394146800001064
статистик 0 0
стать 0,4620354595965586 0,0003365152655473843
статья 0 0
страна 0,43078291609245434 0,0009412591028968412
страница 0 0
структура 2,995732273553991 0,002181888036091763
сюд 0 0
танк 3,2188758248682006 0,1265981751951077
танкетка 4,605170185988092 0,0067081867239447805
театр 1,9661128563728327 0,0028639662875059473
текст 0 0
тема 0,7550225842780328 0,0032994431942230127
тематически 3,912023005428146 0,002849252006866822
теплоход 4,605170185988092 0,0067081867239447805
техника 0,06187540371808745 0,00022532921965800237
течь 0 0
тигр 3,506557897319982 0,0051078774906336225
тип 2,5257286443082556 0,007358277186622741
товарищ 3,912023005428146 0,002849252006866822
транспорт 0,9162907318741551 0,00400418382465035
транспортный 2,207274913189721 0,0016076292157244875
требовать 1,4696759700589417 0,0010704122141725722
троцкий 4,605170185988092 0,0033540933619723903
уайт 4,605170185988092 0,0067081867239447805
угол 3,2188758248682006 0,0023444106517612534
удачный 3,506557897319982 0,0051078774906336225
узкий 2,995732273553991 0,002181888036091763
указатель 0 0
улучшить 1,6607312068216509 0,001209563879695303
универсальный 3,2188758248682006 0,0023444106517612534
условие 0 0
установка 3,912023005428146 0,014246260034334107
устареть 4,605170185988092 0,0033540933619723903
участие 0 0
участник 0 0
учебный 2,407945608651872 0,0017537841286612323
февраль 0 0
философия 0,09431067947124142 0,00013737899413145146
фирма 3,912023005428146 0,002849252006866822
форум 0 0
французский 0,23572233352106994 0,000171684146774268
ха 3,2188758248682006 0,009377642607045013
ход 1,6607312068216509 0,001209563879695303
холодный 2,995732273553991 0,006545664108275289
хороший 0,7985076962177716 0,0023263152111224227
хх 1,2729656758128876 0,0018542835772948109
цибин 3,912023005428146 0,005698504013733644
частность 2,659260036932778 0,001936824498858542
честь 1,8325814637483102 0,0013347279415501167
чи 3,506557897319982 0,0051078774906336225
читать 0 0
шаблон 0 0
шасси 3,912023005428146 0,005698504013733644
штабс 3,912023005428146 0,005698504013733644
эббот 4,605170185988092 0,0067081867239447805
элемент 0,19845093872383823 0,0002890763856137483
энциклопедия 0 0
юя 3,2188758248682006 0,0023444106517612534
являться 0,3424903089467759 0,0002494466926050808
язык 0 0
яп 3,2188758248682006 0,0023444106517612534
японец 4,605170185988092 0,0033540933619723903
япония 1,8971199848858813 0,0013817334194361846
японо 4,605170185988092 0,0067081867239447805
японский 1,4696759700589417 0,0032112366425177167
