абдул 3,506557897319982 0,00390485289233851
август 0 0
административный 0,7133498878774648 0,001588752534248251
азиз 3,506557897319982 0,00390485289233851
алжир 3,506557897319982 0,01171455867701553
алфавит 0 0
англ 1,0498221244986776 0,0023381339075694376
английский 0,37106368139083196 0,0012396336794793942
апрель 0 0
арабский 0,38566248081198473 0,0004294682414387358
архив 0,3011050927839216 0,0020118380364181846
атлантический 1,9661128563728327 0,00875774100834224
африка 1,5606477482646683 0,01737915087154419
банжул 3,912023005428146 0,0087127461145393
береговой 3,2188758248682006 0,0035844942370469937
британский 1,5141277326297755 0,0033722221216698784
валюта 1,5141277326297755 0,0050583331825048185
версия 0 0
викиновость 1,0216512475319812 0,0011376962667394
википедия 0 0
викисклад 0,5798184952529422 0,0006456776116402473
вклад 0 0
внешний 1,3862943611198906 0,003087515280890625
военный 1,0498221244986776 0,0011690669537847188
войти 2,5257286443082556 0,002812615416824338
восток 0,7985076962177716 0,0008892067886612156
впадение 2,659260036932778 0,002961314072308216
габон 3,506557897319982 0,01171455867701553
гамбийский 4,605170185988092 0,010256503754984613
гамбия 3,506557897319982 0,48420175864997517
география 0,083381608939051 0,0007428205696129264
герб 0,7133498878774648 0,003177505068496502
гимн 1,2378743560016172 0,002756958476618301
город 0,3424903089467759 0,0011441769786640621
государственный 0,7765287894989963 0,006053119739969905
государство 0,6733445532637655 0,0022494806901907534
граничить 1,1394342831883648 0,0012688577763790253
далась 4,605170185988092 0,010256503754984613
далья 0,3566749439387324 0,00039718813356206276
данный 0,1508228897345837 0,0001679542201944139
два 0 0
декабрь 0 0
деление 0,9675840262617057 0,002154975559602908
деятель 1,5141277326297755 0,0016861110608349392
джамма 4,605170185988092 0,010256503754984613
джамус 4,605170185988092 0,005128251877492307
джеймс 2,5257286443082556 0,002812615416824338
джункунг 4,605170185988092 0,005128251877492307
добавить 1,0498221244986776 0,0011690669537847188
добро 1,8325814637483102 0,0020407365966016817
журнал 0 0
заниматься 0 0
запад 0,9162907318741551 0,0010203682983008409
западный 0,9942522733438669 0,002214370319251374
запрос 0,1165338162559516 0,0009083927770508478
знаете 0,06187540371808745 0,00013780713522959344
знак 0 0
избранный 0,083381608939051 0,00027855771360484744
избрать 0 0
изменение 0 0
изображение 0,06187540371808745 6,890356761479672E-05
иметь 0,616186139423817 0,0006861761018082593
империя 1,2039728043259361 0,0026814539071847126
интернет 1,6607312068216509 0,0036987332000482202
искать 0 0
искусство 0,083381608939051 0,0003714102848064632
испанский 0,49429632181478017 0,0005504413383238087
использование 0 0
история 0 0
источник 0 0
июнь 0 0
карта 1,7147984280919266 0,0038191501739241124
категория 0 0
кинематограф 1,5141277326297755 0,0033722221216698784
км 0,8209805520698303 0,0018284644812245664
книга 0 0
код 0 0
конституция 1,2729656758128876 0,0028351128637258073
континентальный 3,506557897319982 0,00390485289233851
крупнейший 1,2039728043259361 0,0013407269535923563
культура 0,3566749439387324 0,001588752534248251
линия 1,8971199848858813 0,0021126057738150125
литература 1,1086626245216111 0,002469181791807597
личность 0,127833371509885 0,00014235342038962693
лучший 0 0
май 0 0
маленькая 2,8134107167600364 0,0031329740721158534
марк 1,3862943611198906 0,0015437576404453124
марка 1,3470736479666094 0,0015000820133258457
март 0 0
материал 0 0
медиафайл 1,6094379124341003 0,0017922471185234969
международный 0,9942522733438669 0,001107185159625687
место 0 0
миро 0 0
мобильный 0 0
мой 0 0
моча 0,16251892949777494 0,00018097876336055114
мочь 0,8209805520698303 0,0009142322406122832
музыка 1,2729656758128876 0,0028351128637258073
навигация 0 0
нажать 0 0
название 0 0
найти 0 0
написать 0,9942522733438669 0,001107185159625687
население 0,5108256237659907 0,0028442406668485005
наука 0,05129329438755048 0,00034271688900367804
находиться 0 0
нация 1,9661128563728327 0,00437887050417112
начинать 0,1508228897345837 0,0006718168807776556
небольшой 1,9661128563728327 0,00437887050417112
независимость 1,5141277326297755 0,0016861110608349392
некоммерческий 0 0
немецкий 0,5108256237659907 0,0005688481333697001
необитаемый 4,605170185988092 0,005128251877492307
нигер 2,8134107167600364 0,00939892221634756
нигерия 2,8134107167600364 0,00939892221634756
новость 1,4271163556401458 0,006356865726682164
новый 0 0
ноябрь 0 0
образование 0,7339691750802005 0,0016346752228957695
обсуждение 0 0
общество 0,07257069283483537 0,0004848821347539112
обязательный 0 0
океан 1,6607312068216509 0,0073974664000964405
октябрь 0 0
описание 0 0
организация 0 0
основной 0 0
оставлять 1,7719568419318754 0,0019732258818840483
остров 1,2039728043259361 0,0013407269535923563
островок 3,912023005428146 0,00435637305726965
ответственность 0 0
отдельный 0 0
отказ 0 0
относиться 1,7147984280919266 0,0019095750869620562
отставка 4,605170185988092 0,005128251877492307
отсутствовать 0,05129329438755048 0,0015422260005165513
оценивание 0,1508228897345837 0,0006718168807776556
парламент 1,4271163556401458 0,003178432863341082
первый 0 0
перейти 0 0
персоналия 0,07257069283483537 0,000565695823879563
печать 0 0
пн 0,127833371509885 0,0008541205223377617
подробный 0 0
пожаловать 1,7719568419318754 0,0019732258818840483
поиск 0 0
политик 0 0
полковник 2,8134107167600364 0,0031329740721158534
получить 0 0
помочь 0,127833371509885 0,00014235342038962693
помощь 0,127833371509885 0,00028470684077925386
портал 0 0
португальский 0,49429632181478017 0,0005504413383238087
последний 0 0
посмотреть 0 0
почта 1,6094379124341003 0,0053767413555704914
почтовый 1,5606477482646683 0,001737915087154419
пояс 2,120263536200091 0,002361095251893197
править 0 0
правка 0 0
право 0,843970070294529 0,0018796660808341403
праздник 1,4271163556401458 0,003178432863341082
предлагать 0 0
президент 1,3093333199837622 0,0014580549220309157
примерно 2,407945608651872 0,002681453907184712
проект 0 0
просмотр 1,2729656758128876 0,0014175564318629037
раздел 0,9675840262617057 0,001077487779801454
разработка 1,07880966137193 0,003604041184984176
разработчик 0 0
река 1,1086626245216111 0,002469181791807597
религия 0,083381608939051 0,0005571154272096949
родственный 0,21072103131565253 0,00046931187375423724
русский 0 0
самый 0,5447271754416719 0,0006066004180864944
сведение 0 0
свежий 0 0
свободный 0 0
связать 0 0
север 1,0216512475319812 0,0011376962667394
сельский 1,6607312068216509 0,0036987332000482202
сенегал 3,2188758248682006 0,007168988474093987
сентябрь 0 0
серекунд 3,912023005428146 0,0087127461145393
сила 0,9416085398584451 0,00209712369678941
символ 0,9416085398584451 0,00209712369678941
система 0 0
случай 0 0
случайный 0 0
смотреть 0 0
событие 0 0
содержание 0,1392620673335076 0,00031016050631070736
содружество 2,659260036932778 0,005922628144616432
создать 0 0
сообщество 0 0
сохранение 0 0
список 0 0
спорт 0,083381608939051 0,0005571154272096949
ссылаться 0 0
ссылка 0 0
статистик 0 0
стать 0,4620354595965586 0,000514516102000622
статья 0 0
столица 0,7985076962177716 0,002667620365983647
страна 0,43078291609245434 0,0004797137150250048
страница 0 0
строй 1,5606477482646683 0,003475830174308838
сюд 0 0
текст 0 0
телевидение 1,8325814637483102 0,004081473193203363
тема 0,7550225842780328 0,001681564775674906
территория 0,8675005677047231 0,0009660362669317628
техника 0,06187540371808745 0,0002756142704591869
течь 0 0
транспорт 0,9162907318741551 0,0020407365966016817
туризм 1,4696759700589417 0,0032732204232938564
указатель 0 0
улучшение 1,4271163556401458 0,001589216431670541
условие 0 0
устройство 1,3470736479666094 0,0030001640266516913
участие 0 0
февраль 0 0
философия 0,09431067947124142 0,00042009211345764546
флаг 0,8675005677047231 0,0077282901354541024
фортифицировать 4,605170185988092 0,005128251877492307
форум 0 0
французский 0,23572233352106994 0,0002624970306470712
хозяйство 1,7719568419318754 0,003946451763768097
хранилище 2,302585092994046 0,0025641259387461533
часовой 2,407945608651872 0,002681453907184712
часть 0,5978370007556204 0,0006657427625340985
шаблон 0 0
школьница 3,912023005428146 0,00435637305726965
экономика 0,7550225842780328 0,003363129551349812
элемент 0,19845093872383823 0,0004419842733270339
энциклопедия 0 0
юар 3,506557897319982 0,01171455867701553
юг 1,0216512475319812 0,0011376962667394
являться 0,3424903089467759 0,000381392326221354
язык 0 0
янить 4,605170185988092 0,010256503754984613
