август 0 0
административный 0,7133498878774648 0,0011869382493801411
азербайджанский 1,6607312068216509 0,0013816399391195098
акутагав 4,605170185988092 0,007662512788665711
албанский 2,995732273553991 0,004984579490106474
александра 2,407945608651872 0,002003282536316033
алфавит 0 0
английский 0,37106368139083196 0,0003087052257827221
антарктика 2,659260036932778 0,004424725519022925
апостол 2,8134107167600364 0,004681215834875269
апрель 0 0
арабский 0,38566248081198473 0,00032085064959399726
арсенич 1,5606477482646683 0,005193503322012207
баклажан 4,605170185988092 0,0038312563943328553
бактерия 4,605170185988092 0,0038312563943328553
балкан 2,659260036932778 0,00884945103804585
балканский 3,2188758248682006 0,02142346638847388
безгражданство 2,659260036932778 0,004424725519022925
бесчеловечный 2,659260036932778 0,004424725519022925
ближний 2,659260036932778 0,004424725519022925
блюдо 3,2188758248682006 0,00535586659711847
болг 4,605170185988092 0,0038312563943328553
болгарин 3,506557897319982 0,005834538930648888
болгария 2,659260036932778 0,292031884255513
болгаробоец 3,912023005428146 0,003254594846446045
болгарский 1,9661128563728327 0,019628414539495834
борис 2,5257286443082556 0,008405087002689703
ботев 4,605170185988092 0,0038312563943328553
валюта 1,5141277326297755 0,0025193473088681788
васила 4,605170185988092 0,007662512788665711
василий 1,8325814637483102 0,0030492204055712316
введение 1,3470736479666094 0,002241387101441946
век 0,5108256237659907 0,0004249797202712069
венгерский 1,9661128563728327 0,001635701211624653
версия 0 0
вид 1,0498221244986776 0,0017467922204636899
византийский 2,8134107167600364 0,0023406079174376343
википедия 0 0
викисклад 0,5798184952529422 0,0004823781158510334
викисловарь 1,4271163556401458 0,0011872848216640149
викитек 1,1394342831883648 0,000947948654898806
вклад 0 0
внешний 1,3862943611198906 0,002306646191547239
водохранилище 2,8134107167600364 0,018724863339501074
военный 1,0498221244986776 0,0017467922204636899
война 0,7133498878774648 0,005934691246900705
воскрешение 4,605170185988092 0,0038312563943328553
восток 0,7985076962177716 0,001992947661109247
восточный 0,9162907318741551 0,0015246102027856158
впервый 1,5606477482646683 0,0012983758305030518
врацский 4,605170185988092 0,007662512788665711
второй 1,2378743560016172 0,0020596911081557693
выдаваться 2,407945608651872 0,002003282536316033
вырбица 4,605170185988092 0,007662512788665711
выучить 4,605170185988092 0,0038312563943328553
география 0,083381608939051 0,0004162143541050799
гера 1,9661128563728327 0,001635701211624653
герб 0,7133498878774648 0,0011869382493801411
гимн 1,2378743560016172 0,0020596911081557693
глеб 3,912023005428146 0,00650918969289209
год 0,6348782724359695 0,0010563698376638427
голова 2,659260036932778 0,0022123627595114627
горнолыжный 4,605170185988092 0,007662512788665711
город 0,3424903089467759 0,0008548011038605056
государственный 0,7765287894989963 0,003876183641425938
государство 0,6733445532637655 0,001120373632718412
граничить 1,1394342831883648 0,000947948654898806
грекобоец 3,912023005428146 0,003254594846446045
греция 2,0402208285265546 0,008486775493038912
греческий 1,4271163556401458 0,0011872848216640149
гювеча 4,605170185988092 0,007662512788665711
данный 0,1508228897345837 0,00012547661375589327
два 0 0
движение 1,6094379124341003 0,002677933298559235
действие 1,8325814637483102 0,0030492204055712316
декабрь 0 0
деление 0,9675840262617057 0,0016099567824654005
деятель 1,5141277326297755 0,0012596736544340894
димитр 3,912023005428146 0,003254594846446045
дипломировать 4,605170185988092 0,0038312563943328553
дистрибутив 4,605170185988092 0,007662512788665711
доработка 2,5257286443082556 0,0021012717506724257
достоинство 2,659260036932778 0,004424725519022925
дружественный 3,506557897319982 0,002917269465324444
евро 3,506557897319982 0,002917269465324444
европа 0,8915981192837835 0,0029670486498628405
единственный 1,3470736479666094 0,001120693550720973
железный 1,7147984280919266 0,002853241976858447
жестокий 2,5257286443082556 0,0042025435013448515
живопись 2,659260036932778 0,0022123627595114627
жить 1,7719568419318754 0,0014741737453676169
журнал 0 0
загорский 3,912023005428146 0,00650918969289209
заливка 3,912023005428146 0,003254594846446045
занимать 1,4696759700589417 0,0012226921547911329
заниматься 0 0
запад 0,9162907318741551 0,0007623051013928079
запрос 0,1165338162559516 0,00019389986065882132
захарий 4,605170185988092 0,007662512788665711
златоград 4,605170185988092 0,007662512788665711
знаете 0,06187540371808745 5,1477041362801546E-05
знак 0 0
зограф 4,605170185988092 0,007662512788665711
избранный 0,083381608939051 0,00027747623607005323
избрать 0 0
известный 0,7765287894989963 0,000646030606904323
изменение 0 0
изображение 0,06187540371808745 0,00020590816545120618
изобразить 3,506557897319982 0,002917269465324444
иконописец 4,605170185988092 0,0038312563943328553
иметь 0,616186139423817 0,0005126340594208128
император 2,207274913189721 0,0018363352023208995
интервик 0,9675840262617057 0,0016099567824654005
интернет 1,6607312068216509 0,0027632798782390197
искать 0 0
искусство 0,083381608939051 0,00027747623607005323
испанский 0,49429632181478017 0,0004112282211437439
использование 0 0
использовать 1,4271163556401458 0,0011872848216640149
история 0 0
источник 0 0
итальянский 0,7339691750802005 0,0006106232737772051
июль 0,9162907318741551 0,0015246102027856158
июнь 0 0
йогурт 3,912023005428146 0,00650918969289209
калоян 3,912023005428146 0,00650918969289209
карлово 4,605170185988092 0,007662512788665711
картофель 3,506557897319982 0,005834538930648888
категория 0 0
кинематограф 1,5141277326297755 0,0025193473088681788
книга 0 0
код 0 0
колчаков 4,605170185988092 0,007662512788665711
комратский 4,605170185988092 0,007662512788665711
конвенция 2,120263536200091 0,007055785478203298
конгазский 4,605170185988092 0,007662512788665711
конец 1,4271163556401458 0,0023745696433280297
константин 2,659260036932778 0,004424725519022925
конституция 1,2729656758128876 0,0021180793274756865
котовский 3,506557897319982 0,005834538930648888
красный 0,7765287894989963 0,000646030606904323
крупный 1,4271163556401458 0,0011872848216640149
культура 0,3566749439387324 0,0011869382493801411
левский 4,605170185988092 0,007662512788665711
литература 1,1086626245216111 0,0018446965466249769
личность 0,127833371509885 0,00010635055866047005
локомотив 4,605170185988092 0,0038312563943328553
лучший 0 0
люба 4,605170185988092 0,007662512788665711
май 0 0
македония 3,2188758248682006 0,013389666492796175
македонский 1,5606477482646683 0,0012983758305030518
марк 1,3862943611198906 0,0011533230957736194
марка 1,3470736479666094 0,001120693550720973
март 0 0
марта 0,3566749439387324 0,002077141936415247
материал 0 0
медведеть 3,2188758248682006 0,00535586659711847
место 0 0
месяц 1,7147984280919266 0,0014266209884292234
механик 3,912023005428146 0,003254594846446045
миро 0 0
мировой 1,2039728043259361 0,004006565072632067
михайлович 1,7719568419318754 0,0029483474907352337
мобильный 0 0
мой 0 0
монцабонз 4,605170185988092 0,007662512788665711
море 1,1394342831883648 0,001895897309797612
моча 0,16251892949777494 0,0001352070960879991
музей 1,3093333199837622 0,002178591214615245
музыка 1,2729656758128876 0,0021180793274756865
мусака 4,605170185988092 0,015325025577331421
мясо 3,912023005428146 0,003254594846446045
навигация 0 0
нажать 0 0
название 0 0
назвать 1,9661128563728327 0,001635701211624653
называть 1,6607312068216509 0,0013816399391195098
найти 0 0
наказание 2,659260036932778 0,004424725519022925
наподобие 4,605170185988092 0,0038312563943328553
народ 1,4271163556401458 0,0011872848216640149
население 0,5108256237659907 0,0016999188810848276
наследие 1,5606477482646683 0,0012983758305030518
наука 0,05129329438755048 0,0002560397390393535
наум 4,605170185988092 0,007662512788665711
находиться 0 0
национальный 0,7550225842780328 0,0025125543569984453
начать 0,38566248081198473 0,006417012991879945
начинать 0,1508228897345837 0,00025095322751178653
неделя 1,5141277326297755 0,0025193473088681788
некоммерческий 0 0
немецкий 0,5108256237659907 0,0004249797202712069
немногое 3,912023005428146 0,003254594846446045
николаевич 1,5606477482646683 0,0025967516610061036
нимб 4,605170185988092 0,0038312563943328553
новый 0 0
норвежский 1,7147984280919266 0,0014266209884292234
ноябрь 0 0
образец 2,407945608651872 0,002003282536316033
образование 0,7339691750802005 0,0012212465475544103
обращение 2,302585092994046 0,0038312563943328553
обсуждение 0 0
общество 0,07257069283483537 0,00024149980976650708
обязательный 0 0
овощ 3,912023005428146 0,003254594846446045
один 0,843970070294529 0,000702138161642703
октябрь 0 0
омываться 2,302585092994046 0,0019156281971664277
описание 0 0
организация 0 0
освободительный 3,506557897319982 0,002917269465324444
основной 0 0
основный 1,8325814637483102 0,0015246102027856158
ответственность 0 0
отдельный 0 0
отец 1,7719568419318754 0,0014741737453676169
отказ 0 0
открыть 2,0402208285265546 0,0016973550986077825
отсутствовать 0,05129329438755048 8,53465796797845E-05
оценивание 0,1508228897345837 0,00025095322751178653
памятник 1,2039728043259361 0,0010016412681580168
парламент 1,4271163556401458 0,0023745696433280297
первый 0 0
перевод 1,7147984280919266 0,0014266209884292234
перейти 0 0
переносный 4,605170185988092 0,0038312563943328553
персоналия 0,07257069283483537 0,00030187476220813384
печать 0 0
пифагор 4,605170185988092 0,007662512788665711
пловдивский 4,605170185988092 0,007662512788665711
площадь 1,07880966137193 0,000897512197480807
плутарх 4,605170185988092 0,007662512788665711
пн 0,127833371509885 0,0006381033519628202
подробный 0 0
пожертвование 4,605170185988092 0,007662512788665711
поиск 0 0
политик 0 0
политический 1,2039728043259361 0,0010016412681580168
полтораст 4,605170185988092 0,0038312563943328553
полуостров 1,9661128563728327 0,003271402423249306
получить 0 0
польский 1,2729656758128876 0,0010590396637378432
помочь 0,127833371509885 0,00010635055866047005
помощь 0,127833371509885 0,00010635055866047005
порка 4,605170185988092 0,0038312563943328553
портал 0 0
португальский 0,49429632181478017 0,0004112282211437439
последний 0 0
посмотреть 0 0
посольство 3,506557897319982 0,005834538930648888
почта 1,6094379124341003 0,0040168999478388525
почтовый 1,5606477482646683 0,0012983758305030518
поэт 1,8971199848858813 0,0015783028160448265
появиться 1,6607312068216509 0,0013816399391195098
править 0 0
правка 0 0
право 0,843970070294529 0,001404276323285406
православие 2,659260036932778 0,0022123627595114627
православный 2,5257286443082556 0,0021012717506724257
праздник 1,4271163556401458 0,0047491392866560594
предлагать 0 0
представить 2,120263536200091 0,0017639463695508246
природа 1,07880966137193 0,001795024394961614
проект 0 0
производство 2,207274913189721 0,0018363352023208995
просмотр 1,2729656758128876 0,0010590396637378432
простановка 3,912023005428146 0,003254594846446045
протокол 2,407945608651872 0,004006565072632066
пытка 2,5257286443082556 0,0042025435013448515
различный 1,8971199848858813 0,0015783028160448265
разработчик 0 0
революционер 3,506557897319982 0,002917269465324444
река 1,1086626245216111 0,0018446965466249769
религия 0,083381608939051 0,00027747623607005323
румыния 2,659260036932778 0,011061813797557312
русе 4,605170185988092 0,007662512788665711
русский 0 0
русско 3,506557897319982 0,005834538930648888
самый 0,5447271754416719 0,0004531840061910748
саша 3,2188758248682006 0,00535586659711847
сведение 0 0
свежий 0 0
светский 3,2188758248682006 0,002677933298559235
свобода 2,302585092994046 0,0019156281971664277
свободат 4,605170185988092 0,0038312563943328553
свободный 0 0
связать 0 0
святой 1,4696759700589417 0,0024453843095822657
сделать 2,120263536200091 0,0017639463695508246
север 1,0216512475319812 0,0008499594405424137
северный 1,1086626245216111 0,0036893930932499538
сельский 1,6607312068216509 0,0027632798782390197
сентябрь 0 0
сербия 2,5257286443082556 0,010506358753362128
сила 0,9416085398584451 0,003133472678397488
символ 0,9416085398584451 0,001566736339198744
система 0 0
слово 1,5606477482646683 0,0012983758305030518
случай 0 0
случайный 0 0
смесь 3,912023005428146 0,003254594846446045
смотреть 0 0
смысл 3,912023005428146 0,003254594846446045
собрать 2,995732273553991 0,002492289745053237
событие 0 0
содержание 0,1392620673335076 0,00011585862506947388
создание 0,8675005677047231 0,0007217142826162422
создать 0 0
сокращение 2,302585092994046 0,0038312563943328553
сообщество 0 0
состоять 1,7719568419318754 0,0014741737453676169
софия 2,8134107167600364 0,004681215834875269
сохранение 0 0
сохраниться 2,120263536200091 0,003527892739101649
социалистический 1,9661128563728327 0,003271402423249306
специальный 2,407945608651872 0,002003282536316033
список 0 0
спорт 0,083381608939051 0,0004162143541050799
среди 1,4696759700589417 0,0024453843095822657
ссылаться 0 0
ссылка 0 0
стамбул 3,2188758248682006 0,00535586659711847
станишев 4,605170185988092 0,007662512788665711
стар 4,605170185988092 0,007662512788665711
статистик 0 0
статья 0 0
стефана 3,2188758248682006 0,00535586659711847
стихотворение 3,2188758248682006 0,00535586659711847
столетний 3,506557897319982 0,002917269465324444
столица 0,7985076962177716 0,0013286317740728313
страна 0,43078291609245434 0,000358388449328165
страница 0 0
строй 1,5606477482646683 0,0025967516610061036
считаться 1,5141277326297755 0,0012596736544340894
сюд 0 0
тараклийский 4,605170185988092 0,007662512788665711
театр 1,9661128563728327 0,003271402423249306
текст 0 0
телевидение 1,8325814637483102 0,0030492204055712316
тема 0,7550225842780328 0,0012562771784992227
тематика 1,7147984280919266 0,0014266209884292234
темелский 4,605170185988092 0,007662512788665711
техника 0,06187540371808745 0,00020590816545120618
течь 0 0
традиционный 1,8971199848858813 0,0015783028160448265
транспорт 0,9162907318741551 0,0015246102027856158
требовать 1,4696759700589417 0,0012226921547911329
троллейбус 2,995732273553991 0,019938317960425896
турецкий 2,8134107167600364 0,004681215834875269
туризм 1,4696759700589417 0,0024453843095822657
турция 2,302585092994046 0,009578140985832137
тюфекчий 4,605170185988092 0,007662512788665711
убийство 3,2188758248682006 0,002677933298559235
указатель 0 0
украина 1,9661128563728327 0,003271402423249306
украинский 1,07880966137193 0,000897512197480807
унижать 2,659260036932778 0,004424725519022925
условие 0 0
устройство 1,3470736479666094 0,002241387101441946
участие 0 0
участник 0 0
факультативный 2,407945608651872 0,004006565072632066
фарш 4,605170185988092 0,0038312563943328553
февраль 0 0
филантроп 3,912023005428146 0,003254594846446045
философия 0,09431067947124142 0,00015692292757278105
фильм 1,6094379124341003 0,002677933298559235
флаг 0,8675005677047231 0,0014434285652324844
форум 0 0
французский 0,23572233352106994 0,000196108430549975
фреска 3,506557897319982 0,002917269465324444
халява 4,605170185988092 0,007662512788665711
хозяйство 1,7719568419318754 0,0029483474907352337
хороший 0,7985076962177716 0,00465021120925491
храм 1,2729656758128876 0,0021180793274756865
христый 3,912023005428146 0,01301837938578418
царь 2,120263536200091 0,005291839108652473
церковь 1,4271163556401458 0,007123708929984089
часть 0,5978370007556204 0,0004973685530412816
чемпионат 1,4696759700589417 0,0024453843095822657
честь 1,8325814637483102 0,0015246102027856158
читать 0 0
чръный 3,912023005428146 0,00650918969289209
шаблон 0 0
шайдзенный 4,605170185988092 0,007662512788665711
экономика 0,7550225842780328 0,0025125543569984453
элемент 0,19845093872383823 0,0003302012291578007
энциклопедия 0 0
этноним 4,605170185988092 0,0038312563943328553
юг 1,0216512475319812 0,0008499594405424137
юго 1,171182981502945 0,0009743618814500375
юниор 3,912023005428146 0,00650918969289209
юрий 2,120263536200091 0,003527892739101649
язык 0 0
японский 1,4696759700589417 0,0012226921547911329
