август 0 0
аведиссянный 4,605170185988092 0,007374171634888857
административный 0,7133498878774648 0,001142273639515556
алеман 4,605170185988092 0,007374171634888857
аллан 4,605170185988092 0,007374171634888857
алфавит 0 0
альтос 4,605170185988092 0,02949668653955543
америка 1,4271163556401458 0,006855643021489891
ана 3,2188758248682006 0,0025771623898064055
английский 0,37106368139083196 0,0002970886160054699
англия 2,120263536200091 0,0016975688840673265
анхель 3,506557897319982 0,014037461558526748
апрель 0 0
арабский 0,38566248081198473 0,00030877700625459145
арагон 3,2188758248682006 0,005154324779612811
архив 0,3011050927839216 0,0009643077431030316
астуриас 4,605170185988092 0,022122514904666574
безгражданство 2,659260036932778 0,004258222637202206
белиз 3,912023005428146 0,00939637231087625
бесчеловечный 2,659260036932778 0,004258222637202206
библиотека 2,659260036932778 0,004258222637202206
брак 2,659260036932778 0,008516445274404412
брачный 3,506557897319982 0,005614984623410699
будущее 2,5257286443082556 0,002022200675987394
валюта 1,5141277326297755 0,0036368160111203574
век 0,5108256237659907 0,0008179753783282477
версия 0 0
вид 1,0498221244986776 0,0016810602473958007
викиновость 1,0216512475319812 0,0008179753783282475
википедия 0 0
викисклад 0,5798184952529422 0,00046422617714406893
викисловар 1,8325814637483102 0,0014672389621683828
викитек 1,1394342831883648 0,0009122772483493713
викицитатник 0,9675840262617057 0,0007746869705858332
вклад 0 0
внешний 1,3862943611198906 0,0022198468552760454
военный 1,0498221244986776 0,0008405301236979004
возраст 2,120263536200091 0,003395137768134653
вопрос 2,8134107167600364 0,002252530597886338
воспрепятствовать 4,605170185988092 0,0036870858174444287
восстание 2,0402208285265546 0,0016334834495809083
вспыхивать 4,605170185988092 0,0036870858174444287
вступление 2,659260036932778 0,004258222637202206
входить 1,2378743560016172 0,0009910923586882443
выделить 2,8134107167600364 0,002252530597886338
гарабет 4,605170185988092 0,007374171634888857
гватемала 3,912023005428146 0,4510258709220601
гватемальский 4,605170185988092 0,0036870858174444287
география 0,083381608939051 0,0004005521646391561
герб 0,7133498878774648 0,003426820918546668
герой 2,120263536200091 0,0016975688840673265
гимн 1,2378743560016172 0,0019821847173764886
главное 1,7147984280919266 0,001372937092147259
год 0,6348782724359695 0,0015249277960831932
гомес 3,2188758248682006 0,0025771623898064055
город 0,3424903089467759 0,0013710580822529057
государственный 0,7765287894989963 0,0024868816317021496
государство 0,6733445532637655 0,0037737484970747463
гражданский 1,5141277326297755 0,0024245440074135713
густаво 4,605170185988092 0,007374171634888857
далья 0,3566749439387324 0,000856705229636667
данный 0,1508228897345837 0,00012075491572024314
два 0 0
декабрь 0 0
деление 0,9675840262617057 0,0015493739411716664
дельгадо 4,605170185988092 0,007374171634888857
детство 3,2188758248682006 0,0025771623898064055
деятель 1,5141277326297755 0,0012122720037067857
джон 2,302585092994046 0,0036870858174444287
диктатура 3,506557897319982 0,005614984623410699
дипломат 3,912023005428146 0,006264248207250834
дипломатический 2,659260036932778 0,002129111318601103
добавлять 1,7719568419318754 0,0014187004338926143
дополнять 2,207274913189721 0,0017672337175257975
достижение 2,207274913189721 0,0017672337175257975
достоинство 2,659260036932778 0,004258222637202206
жестокий 2,5257286443082556 0,004044401351974788
журнал 0 0
занести 2,5257286443082556 0,002022200675987394
заниматься 0 0
запад 0,9162907318741551 0,0007336194810841914
запрос 0,1165338162559516 0,00027990508308074844
зимний 2,659260036932778 0,004258222637202206
знаете 0,06187540371808745 9,90799098768414E-05
знак 0 0
значительный 2,302585092994046 0,0018435429087222143
игра 1,5606477482646683 0,0024990356257240482
избранный 0,083381608939051 0,00020027608231957804
избрать 0 0
изгнание 3,2188758248682006 0,0025771623898064055
изменение 0 0
изображение 0,06187540371808745 0,0001981598197536828
изучать 2,5257286443082556 0,002022200675987394
иметь 0,616186139423817 0,0004933435864081801
имя 1,4271163556401458 0,0022852143404966303
инвалидность 2,8134107167600364 0,004505061195772676
индеец 2,8134107167600364 0,01126265298943169
индианка 4,605170185988092 0,0036870858174444287
интерес 2,659260036932778 0,002129111318601103
интернет 1,6607312068216509 0,002659297368809689
информация 1,5606477482646683 0,0012495178128620241
искать 0 0
искусство 0,083381608939051 0,00013351738821305203
исп 1,9661128563728327 0,0031482992095641835
испания 1,7147984280919266 0,001372937092147259
испанский 0,49429632181478017 0,003957536603801282
использование 0 0
исправлять 2,207274913189721 0,0017672337175257975
история 0 0
источник 0 0
итальянский 0,7339691750802005 0,0005876454564293039
июнь 0 0
кабрер 3,506557897319982 0,011229969246821398
камарад 3,2188758248682006 0,005154324779612811
кардос 4,605170185988092 0,007374171634888857
карлос 2,995732273553991 0,0023985046225412257
каррер 4,605170185988092 0,0036870858174444287
карта 1,7147984280919266 0,0041188112764417775
касаться 2,995732273553991 0,0023985046225412257
категория 0 0
кесальтенанго 4,605170185988092 0,018435429087222142
кетцаль 4,605170185988092 0,007374171634888857
кинематограф 1,5141277326297755 0,0024245440074135713
км 0,8209805520698303 0,0006573102898877744
книга 0 0
код 0 0
коллекция 2,120263536200091 0,0016975688840673265
колумбия 2,659260036932778 0,006387333955803309
конвенция 2,120263536200091 0,013580551072538612
консерватор 4,605170185988092 0,0036870858174444287
конституция 1,2729656758128876 0,002038375781926161
крупнейший 1,2039728043259361 0,0009639494029831353
культура 0,3566749439387324 0,001427842049394445
латино 4,605170185988092 0,0036870858174444287
латинский 2,407945608651872 0,0019278988059662702
лауреат 2,995732273553991 0,004797009245082451
ле 3,2188758248682006 0,005154324779612811
лежать 2,995732273553991 0,0023985046225412257
ленинский 3,506557897319982 0,0028074923117053494
летний 1,7147984280919266 0,002745874184294518
либерал 3,912023005428146 0,003132124103625417
литература 1,1086626245216111 0,003550560847146873
личность 0,127833371509885 0,000102348576068763
лой 3,912023005428146 0,006264248207250834
лондон 2,120263536200091 0,0016975688840673265
лос 2,995732273553991 0,019188036980329806
луиса 3,912023005428146 0,006264248207250834
лучший 0 0
мадрид 3,2188758248682006 0,005154324779612811
май 0 0
маленькая 2,8134107167600364 0,002252530597886338
мануэль 3,506557897319982 0,011229969246821398
мария 1,6607312068216509 0,002659297368809689
марк 1,3862943611198906 0,0011099234276380227
марка 1,3470736479666094 0,001078521735761897
март 0 0
марта 0,3566749439387324 0,000571136819757778
материал 0 0
матиас 3,912023005428146 0,006264248207250834
мать 2,207274913189721 0,0017672337175257975
медиафайл 1,6094379124341003 0,0012885811949032027
международный 0,9942522733438669 0,003980193247973846
мексика 2,995732273553991 0,009594018490164903
мексиканский 3,2188758248682006 0,005154324779612811
место 0 0
месяц 1,7147984280919266 0,001372937092147259
метис 3,912023005428146 0,012528496414501667
мигель 2,659260036932778 0,010645556593005515
миро 0 0
млн 1,8325814637483102 0,0014672389621683828
мобильный 0 0
мой 0 0
моча 0,16251892949777494 0,00013011923898941148
музыка 1,2729656758128876 0,002038375781926161
навигация 0 0
нажать 0 0
название 0 0
называть 1,6607312068216509 0,0013296486844048445
найти 0 0
наказание 2,659260036932778 0,004258222637202206
народ 1,4271163556401458 0,0022852143404966303
население 0,5108256237659907 0,003271901513312991
наука 0,05129329438755048 0,00024640493700985017
находиться 0 0
национальный 0,7550225842780328 0,0024180066750297286
нация 1,9661128563728327 0,0015741496047820918
начало 1,2039728043259361 0,0009639494029831353
начать 0,38566248081198473 0,004631655093818872
начаться 2,207274913189721 0,0017672337175257975
начинать 0,1508228897345837 0,00024150983144048628
недавний 2,8134107167600364 0,002252530597886338
независимость 1,5141277326297755 0,0024245440074135713
независимый 2,207274913189721 0,0017672337175257975
некоммерческий 0 0
нобелевский 3,506557897319982 0,005614984623410699
новость 1,4271163556401458 0,0011426071702483151
новый 0 0
носить 1,6094379124341003 0,0012885811949032027
ноябрь 0 0
область 0,7765287894989963 0,0018651612237766122
образование 0,7339691750802005 0,0011752909128586078
образоваться 3,506557897319982 0,0028074923117053494
обращение 2,302585092994046 0,0036870858174444287
обретение 3,506557897319982 0,0028074923117053494
обсуждение 0 0
общество 0,07257069283483537 0,0002324121467889043
общий 1,3470736479666094 0,001078521735761897
обычай 3,506557897319982 0,005614984623410699
обязательный 0 0
окончить 2,407945608651872 0,0019278988059662702
октябрь 0 0
олимпиада 2,8134107167600364 0,004505061195772676
олимпийский 1,7719568419318754 0,0028374008677852286
описание 0 0
оппозиция 3,912023005428146 0,003132124103625417
организация 0 0
оригинальный 2,0402208285265546 0,0016334834495809083
основа 1,8971199848858813 0,0015189111168021467
основной 0 0
основный 1,8325814637483102 0,0014672389621683828
ответственность 0 0
отдельный 0 0
отец 1,7719568419318754 0,0014187004338926143
отказ 0 0
отношение 1,4696759700589417 0,001176682121744549
отправиться 2,995732273553991 0,0023985046225412257
отсутствовать 0,05129329438755048 0,0007802823005311923
официальный 1,07880966137193 0,0008637387200736028
оценивание 0,1508228897345837 0,00024150983144048628
ошибка 1,7147984280919266 0,001372937092147259
пакт 2,659260036932778 0,004258222637202206
париж 2,659260036932778 0,002129111318601103
парк 1,6094379124341003 0,0025771623898064055
парламент 1,4271163556401458 0,0034278215107449456
первый 0 0
переворот 2,5257286443082556 0,002022200675987394
перейти 0 0
переходить 3,912023005428146 0,006264248207250834
период 1,3093333199837622 0,0010483053002271914
персоналия 0,07257069283483537 0,0002905151834861304
печать 0 0
пилар 4,605170185988092 0,007374171634888857
писатель 2,207274913189721 0,008836168587628987
писать 2,0402208285265546 0,0016334834495809083
пн 0,127833371509885 0,000307045728206289
подавить 3,912023005428146 0,003132124103625417
подниматься 4,605170185988092 0,0036870858174444287
подробный 0 0
поздний 2,120263536200091 0,0016975688840673265
поиск 0 0
политик 0 0
политический 1,2039728043259361 0,0038557976119325413
политэкономия 4,605170185988092 0,0036870858174444287
получить 0 0
поль 2,8134107167600364 0,004505061195772676
помочь 0,127833371509885 0,000102348576068763
помощь 0,127833371509885 0,000102348576068763
портал 0 0
португальский 0,49429632181478017 0,00039575366038012823
последний 0 0
посмотреть 0 0
поучаствовать 4,605170185988092 0,0036870858174444287
почта 1,6094379124341003 0,003865743584709608
почтовый 1,5606477482646683 0,0012495178128620241
пояс 2,120263536200091 0,0016975688840673265
править 0 0
правка 0 0
право 0,843970070294529 0,004054299777235528
праздник 1,4271163556401458 0,0022852143404966303
предлагать 0 0
прежний 3,506557897319982 0,0028074923117053494
президент 1,3093333199837622 0,0010483053002271914
премия 1,8325814637483102 0,007336194810841914
прилегать 3,506557897319982 0,005614984623410699
провести 2,8134107167600364 0,002252530597886338
провинция 1,7147984280919266 0,0041188112764417775
проект 0 0
прожить 3,2188758248682006 0,0025771623898064055
прообраз 3,506557897319982 0,0028074923117053494
просмотр 1,2729656758128876 0,0010191878909630804
проституция 3,506557897319982 0,005614984623410699
просьба 2,207274913189721 0,0017672337175257975
протокол 2,407945608651872 0,011567392835797621
процесс 1,8325814637483102 0,0014672389621683828
пытка 2,5257286443082556 0,004044401351974788
раздел 0,9675840262617057 0,0007746869705858332
разделение 3,912023005428146 0,003132124103625417
разногласие 3,912023005428146 0,003132124103625417
разработчик 0 0
распад 3,2188758248682006 0,0025771623898064055
располагаться 2,207274913189721 0,0017672337175257975
рафаэль 3,506557897319982 0,0028074923117053494
регистрация 3,2188758248682006 0,005154324779612811
результат 1,4696759700589417 0,001176682121744549
религиозный 2,120263536200091 0,0016975688840673265
религия 0,083381608939051 0,00026703477642610405
ресинос 4,605170185988092 0,007374171634888857
республика 0,9416085398584451 0,0015077798876836589
решение 2,407945608651872 0,0019278988059662702
ривас 4,605170185988092 0,007374171634888857
родиться 0,8915981192837835 0,0007138495750870964
родственный 0,21072103131565253 0,000337423588976225
розалес 4,605170185988092 0,0036870858174444287
рочфорд 4,605170185988092 0,007374171634888857
русский 0 0
сальвадор 3,2188758248682006 0,0025771623898064055
сальвадорский 4,605170185988092 0,0036870858174444287
сальгеро 4,605170185988092 0,007374171634888857
сан 2,302585092994046 0,0018435429087222143
сведение 0 0
свежий 0 0
свободный 0 0
связать 0 0
сельский 1,6607312068216509 0,002659297368809689
семья 2,207274913189721 0,0017672337175257975
сентябрь 0 0
сеньора 3,506557897319982 0,0028074923117053494
сила 0,9416085398584451 0,0030155597753673178
символ 0,9416085398584451 0,0015077798876836589
система 0 0
словарь 2,407945608651872 0,0019278988059662702
служба 2,995732273553991 0,0023985046225412257
случай 0 0
случайный 0 0
смешение 3,506557897319982 0,0028074923117053494
смотреть 0 0
событие 0 0
совпасть 4,605170185988092 0,0036870858174444287
современный 1,0216512475319812 0,0008179753783282475
согласие 2,8134107167600364 0,004505061195772676
содержание 0,1392620673335076 0,00011149885294916541
создание 0,8675005677047231 0,0006945560990430128
создать 0 0
соконуский 4,605170185988092 0,007374171634888857
сокращение 2,302585092994046 0,0036870858174444287
сообщество 0 0
состав 1,0498221244986776 0,0008405301236979004
составлять 1,6094379124341003 0,0012885811949032027
софия 2,8134107167600364 0,002252530597886338
сохранение 0 0
сохраниться 2,120263536200091 0,003395137768134653
список 0 0
спор 2,8134107167600364 0,002252530597886338
спорт 0,083381608939051 0,00026703477642610405
сраз 2,659260036932778 0,002129111318601103
ссылаться 0 0
ссылка 0 0
ставить 2,407945608651872 0,0019278988059662702
статистик 0 0
стать 0,4620354595965586 0,00036992430712294523
статья 0 0
степень 3,2188758248682006 0,0025771623898064055
стилистика 2,207274913189721 0,0017672337175257975
столица 0,7985076962177716 0,001917952833189203
сторона 1,7719568419318754 0,0028374008677852286
страница 0 0
строй 1,5606477482646683 0,0024990356257240482
судьба 2,995732273553991 0,0023985046225412257
судья 2,995732273553991 0,0023985046225412257
сюд 0 0
творческий 3,2188758248682006 0,0025771623898064055
тезаурус 2,995732273553991 0,0023985046225412257
текст 0 0
телевидение 1,8325814637483102 0,0029344779243367656
тема 0,7550225842780328 0,0012090033375148643
территория 0,8675005677047231 0,0013891121980860255
техника 0,06187540371808745 9,90799098768414E-05
течь 0 0
торрес 3,912023005428146 0,006264248207250834
точно 3,912023005428146 0,003132124103625417
традиция 1,8971199848858813 0,0015189111168021467
транспорт 0,9162907318741551 0,0014672389621683828
туризм 1,4696759700589417 0,002353364243489098
уехать 3,912023005428146 0,003132124103625417
указатель 0 0
укрепление 2,8134107167600364 0,004505061195772676
улучшать 2,0402208285265546 0,0016334834495809083
умер 2,659260036932778 0,002129111318601103
университет 1,3470736479666094 0,001078521735761897
унижать 2,659260036932778 0,004258222637202206
условие 0 0
участие 0 0
участник 0 0
участница 1,7147984280919266 0,0041188112764417775
учиться 2,659260036932778 0,002129111318601103
факультативный 2,407945608651872 0,011567392835797621
февраль 0 0
философия 0,09431067947124142 0,0001510179014751664
флаг 0,8675005677047231 0,0041673365942580766
форум 0 0
французский 0,23572233352106994 0,00018872884989677336
хозяйство 1,7719568419318754 0,0028374008677852286
хосе 2,407945608651872 0,005783696417898811
хранилище 2,302585092994046 0,0018435429087222143
хх 1,2729656758128876 0,0010191878909630804
цвет 2,207274913189721 0,0017672337175257975
центральноамериканский 4,605170185988092 0,0036870858174444287
центральный 1,2729656758128876 0,005095939454815402
цитата 1,4271163556401458 0,0011426071702483151
часовой 2,407945608651872 0,0019278988059662702
часть 0,5978370007556204 0,0009573050452451888
че 2,407945608651872 0,0038557976119325404
чел 2,0402208285265546 0,0032669668991618167
человек 1,1394342831883648 0,0018245544966987426
чинчилие 4,605170185988092 0,007374171634888857
численность 1,9661128563728327 0,0015741496047820918
читать 0 0
чьяпас 4,605170185988092 0,011061257452333287
шаблон 0 0
шестой 3,506557897319982 0,0028074923117053494
штат 1,7147984280919266 0,002745874184294518
эдельберто 4,605170185988092 0,007374171634888857
экономика 0,7550225842780328 0,0024180066750297286
элемент 0,19845093872383823 0,00031777572253617007
эль 2,407945608651872 0,0038557976119325404
эндемик 3,912023005428146 0,006264248207250834
энциклопедия 0 0
эспина 4,605170185988092 0,007374171634888857
эстрада 4,605170185988092 0,014748343269777715
юность 3,912023005428146 0,003132124103625417
юриспруденция 4,605170185988092 0,0036870858174444287
язык 0 0
январь 0,6733445532637655 0,0005391069281535352
яркий 2,8134107167600364 0,002252530597886338
