август 0 0
августа 0,843970070294529 0,0005255106290750492
авокадо 4,605170185988092 0,005734956645066117
адвентист 4,605170185988092 0,005734956645066117
активист 3,912023005428146 0,004871759658067429
актриса 3,912023005428146 0,004871759658067429
алфавит 0 0
альянс 3,912023005428146 0,004871759658067429
амарант 4,605170185988092 0,005734956645066117
американец 3,506557897319982 0,0021834108949688553
американский 1,4271163556401458 0,0026658462434124767
аморальный 4,605170185988092 0,0028674783225330585
англ 1,0498221244986776 0,005229499997502753
английский 0,37106368139083196 0,0011552418474185303
анемия 4,605170185988092 0,005734956645066117
анна 1,9661128563728327 0,0024484593479113734
аппендицит 4,605170185988092 0,005734956645066117
апрель 0 0
арсенич 1,5606477482646683 0,0038870429595633084
архив 0,3011050927839216 0,0011249256268390595
ассоциация 2,8134107167600364 0,001751812401469512
ахимс 4,605170185988092 0,005734956645066117
аюрведа 4,605170185988092 0,011469913290132234
базовый 3,506557897319982 0,0021834108949688553
баррет 4,605170185988092 0,005734956645066117
белка 4,605170185988092 0,0028674783225330585
белок 4,605170185988092 0,0028674783225330585
беременность 4,605170185988092 0,0028674783225330585
биссар 4,605170185988092 0,005734956645066117
благодаря 1,8325814637483102 0,00228216869707137
близость 4,605170185988092 0,005734956645066117
блюдо 3,2188758248682006 0,0020042813355343712
боб 3,912023005428146 0,0073076394871011445
богатый 3,2188758248682006 0,006012844006603115
болезнь 3,912023005428146 0,004871759658067429
болеть 4,605170185988092 0,0028674783225330585
большой 1,1086626245216111 0,0006903254200010031
бомба 2,8134107167600364 0,003503624802939024
бонжуа 4,605170185988092 0,005734956645066117
борисовна 3,912023005428146 0,004871759658067429
борьба 1,8325814637483102 0,001141084348535685
ботаника 2,995732273553991 0,0055960129642976175
буддизм 2,5257286443082556 0,003145365684070057
булгур 4,605170185988092 0,005734956645066117
бульон 3,912023005428146 0,004871759658067429
быт 3,2188758248682006 0,0020042813355343712
быть 1,9661128563728327 0,0012242296739556867
вадима 2,995732273553991 0,011192025928595235
вайшнавизм 4,605170185988092 0,005734956645066117
вдвой 4,605170185988092 0,0028674783225330585
веган 4,605170185988092 0,028674783225330583
веганизм 4,605170185988092 0,005734956645066117
веганский 4,605170185988092 0,014337391612665291
веганство 4,605170185988092 0,01720486993519835
вегетарианец 4,605170185988092 0,037277218192929756
вегетарианка 4,605170185988092 0,0028674783225330585
вегетарианский 4,605170185988092 0,043012174837995874
вегетарианство 4,605170185988092 0,14910887277171903
век 0,5108256237659907 0,00031807324020298304
великобритания 1,6607312068216509 0,002068158414472791
версия 0 0
вес 2,5257286443082556 0,0015726828420350285
вещество 3,506557897319982 0,0021834108949688553
вещий 4,605170185988092 0,0028674783225330585
взрослый 2,995732273553991 0,0018653376547658723
вивисекция 4,605170185988092 0,005734956645066117
вид 1,0498221244986776 0,0013073749993756881
википедия 0 0
викисклад 0,5798184952529422 0,0007220653739140002
викисловарь 1,4271163556401458 0,0008886154144708255
викицитатник 0,9675840262617057 0,0006024807137370521
вит 3,912023005428146 0,004871759658067429
витамин 4,605170185988092 0,0028674783225330585
вклад 0 0
включая 2,5257286443082556 0,003145365684070057
влияние 2,302585092994046 0,0014337391612665293
вмест 1,8971199848858813 0,0011812702272016695
вместо 2,8134107167600364 0,003503624802939024
вмешательство 4,605170185988092 0,0028674783225330585
водоросль 3,506557897319982 0,004366821789937711
возникновение 2,8134107167600364 0,001751812401469512
возраст 2,120263536200091 0,0013202139079701687
война 0,7133498878774648 0,0008883560247540035
вольфганг 4,605170185988092 0,005734956645066117
вопрос 2,8134107167600364 0,001751812401469512
всесторонний 3,912023005428146 0,0024358798290337147
встречаться 2,659260036932778 0,00165582816745503
второй 1,2378743560016172 0,0007707810435875574
вырастить 4,605170185988092 0,0028674783225330585
высвобождаться 4,605170185988092 0,0028674783225330585
выступать 2,302585092994046 0,0014337391612665293
география 0,083381608939051 0,00010383762009844459
германия 1,9661128563728327 0,0024484593479113734
гипертония 4,605170185988092 0,005734956645066117
гитлер 2,995732273553991 0,0037306753095317446
главное 1,7147984280919266 0,0010677449739053093
глицерин 4,605170185988092 0,005734956645066117
глобус 4,605170185988092 0,005734956645066117
го 2,0402208285265546 0,0012703741148982282
голь 3,506557897319982 0,013100465369813134
гомоцистеин 4,605170185988092 0,0028674783225330585
горилла 3,506557897319982 0,004366821789937711
грань 3,912023005428146 0,0024358798290337147
гриб 4,605170185988092 0,005734956645066117
гриль 4,605170185988092 0,0028674783225330585
д 1,5141277326297755 0,0018855887081317255
давление 4,605170185988092 0,0028674783225330585
данный 0,1508228897345837 0,00037564854230282365
дата 2,302585092994046 0,0014337391612665293
два 0 0
движение 1,6094379124341003 0,006012844006603115
де 1,1394342831883648 0,0056758868402907335
дебютный 4,605170185988092 0,0028674783225330585
действие 1,8325814637483102 0,001141084348535685
декабрь 0 0
демонстрация 3,912023005428146 0,0024358798290337147
день 1,3862943611198906 0,001726393973997373
десятка 2,995732273553991 0,0018653376547658723
детский 2,659260036932778 0,00165582816745503
джайнизм 4,605170185988092 0,005734956645066117
джек 3,2188758248682006 0,0040085626710687425
джон 2,302585092994046 0,005734956645066117
джордж 2,407945608651872 0,002998686934809305
диабет 4,605170185988092 0,005734956645066117
диета 4,605170185988092 0,0028674783225330585
диетолог 4,605170185988092 0,005734956645066117
дискриминация 3,912023005428146 0,0024358798290337147
добавить 1,0498221244986776 0,001961062499063532
дойла 3,912023005428146 0,004871759658067429
доказать 3,912023005428146 0,0024358798290337147
документальный 2,8134107167600364 0,001751812401469512
допустимый 4,605170185988092 0,0028674783225330585
доступный 3,506557897319982 0,0021834108949688553
дрозд 3,506557897319982 0,004366821789937711
духобор 4,605170185988092 0,005734956645066117
еда 3,506557897319982 0,010917054474844277
жайм 4,605170185988092 0,005734956645066117
железа 3,912023005428146 0,004871759658067429
женский 2,302585092994046 0,0014337391612665293
жестокий 2,5257286443082556 0,003145365684070057
животноводство 4,605170185988092 0,0028674783225330585
животное 2,407945608651872 0,07046914296801866
животный 4,605170185988092 0,005734956645066117
жизнь 1,5606477482646683 0,005830564439344963
житель 1,7147984280919266 0,0010677449739053093
журнал 0 0
заболевание 4,605170185988092 0,005734956645066117
забыть 3,912023005428146 0,0024358798290337147
закон 1,9661128563728327 0,0012242296739556867
законодательный 2,407945608651872 0,0014993434674046525
закрепить 3,912023005428146 0,0024358798290337147
заниматься 0 0
западный 0,9942522733438669 0,0006190860979725199
запрет 3,2188758248682006 0,0040085626710687425
запрос 0,1165338162559516 0,0001451230588492548
запустить 2,995732273553991 0,0018653376547658723
защита 2,120263536200091 0,005280855631880675
защитник 3,2188758248682006 0,0020042813355343712
защищать 2,659260036932778 0,00165582816745503
здоровый 4,605170185988092 0,008602434967599175
здоровье 4,605170185988092 0,005734956645066117
земля 1,2378743560016172 0,0007707810435875574
зерновой 4,605170185988092 0,005734956645066117
знаете 0,06187540371808745 7,705529728279881E-05
знак 0 0
золотистый 4,605170185988092 0,0028674783225330585
золотой 1,4696759700589417 0,0018302315940958178
иврит 1,6607312068216509 0,002068158414472791
идеология 2,995732273553991 0,0018653376547658723
идея 3,506557897319982 0,004366821789937711
избегать 4,605170185988092 0,0028674783225330585
избежать 3,2188758248682006 0,0020042813355343712
избранный 0,083381608939051 0,0001557564301476669
избрать 0 0
избыточный 4,605170185988092 0,0028674783225330585
известность 3,506557897319982 0,0021834108949688553
известный 0,7765287894989963 0,0029011038212913933
изделие 2,995732273553991 0,0037306753095317446
излишний 4,605170185988092 0,005734956645066117
изменение 0 0
изображение 0,06187540371808745 7,705529728279881E-05
изобретатель 2,659260036932778 0,00165582816745503
израиль 2,5257286443082556 0,004718048526105086
израильский 3,2188758248682006 0,0020042813355343712
изумрудный 3,912023005428146 0,0024358798290337147
иметь 0,616186139423817 0,00038367754634110644
индия 2,120263536200091 0,003960641723910506
индуизм 2,995732273553991 0,009326688273829362
индустрия 3,912023005428146 0,0024358798290337147
интервик 0,9675840262617057 0,0006024807137370521
интервью 4,605170185988092 0,0028674783225330585
интерес 2,659260036932778 0,00331165633491006
информация 1,5606477482646683 0,0009717607398908271
искать 0 0
исключать 4,605170185988092 0,0028674783225330585
исключительно 3,2188758248682006 0,0020042813355343712
искусственный 2,8134107167600364 0,001751812401469512
искусство 0,083381608939051 0,00010383762009844459
ислам 1,7147984280919266 0,0021354899478106186
использование 0 0
использовать 1,4271163556401458 0,001777230828941651
испытывать 4,605170185988092 0,0028674783225330585
исследование 2,120263536200091 0,005280855631880675
история 0 0
источник 0 0
итп 4,605170185988092 0,0028674783225330585
ишемический 4,605170185988092 0,005734956645066117
июль 0,9162907318741551 0,001141084348535685
июнь 0 0
йога 3,912023005428146 0,004871759658067429
каббал 4,605170185988092 0,005734956645066117
какой 1,8971199848858813 0,0011812702272016695
кальций 4,605170185988092 0,008602434967599175
кампания 2,659260036932778 0,00165582816745503
канада 2,659260036932778 0,00165582816745503
капуста 4,605170185988092 0,0028674783225330585
карри 4,605170185988092 0,005734956645066117
картофель 3,506557897319982 0,0021834108949688553
катализатор 4,605170185988092 0,0028674783225330585
категория 0 0
качество 1,5606477482646683 0,0009717607398908271
кашрать 4,605170185988092 0,005734956645066117
келлог 4,605170185988092 0,005734956645066117
кинва 4,605170185988092 0,005734956645066117
кинематограф 1,5141277326297755 0,0009427943540658627
кино 2,5257286443082556 0,003145365684070057
кирилл 3,2188758248682006 0,0040085626710687425
кислотность 3,912023005428146 0,0024358798290337147
книга 0 0
код 0 0
кожа 3,2188758248682006 0,006012844006603115
количество 2,120263536200091 0,003960641723910506
компания 2,407945608651872 0,002998686934809305
конец 1,4271163556401458 0,0008886154144708255
константиновна 3,506557897319982 0,004366821789937711
конференция 2,659260036932778 0,00165582816745503
координировать 4,605170185988092 0,0028674783225330585
коровий 4,605170185988092 0,0028674783225330585
коронарный 4,605170185988092 0,0028674783225330585
костя 3,912023005428146 0,0073076394871011445
который 0,9162907318741551 0,0005705421742678425
крепкий 4,605170185988092 0,0028674783225330585
кришна 4,605170185988092 0,005734956645066117
кровавый 3,912023005428146 0,004871759658067429
кровь 2,995732273553991 0,007461350619063489
крупнейший 1,2039728043259361 0,0007496717337023264
кукурузный 4,605170185988092 0,008602434967599175
кулинария 3,506557897319982 0,006550232684906567
кулинарный 3,912023005428146 0,004871759658067429
культура 0,3566749439387324 0,00044417801237700176
кунжутный 4,605170185988092 0,005734956645066117
кускус 4,605170185988092 0,005734956645066117
кухня 2,302585092994046 0,0028674783225330585
лазер 4,605170185988092 0,0028674783225330585
лактация 4,605170185988092 0,0028674783225330585
лакто 4,605170185988092 0,0028674783225330585
лат 1,8325814637483102 0,001141084348535685
леон 2,120263536200091 0,0026404278159403373
либо 2,8134107167600364 0,001751812401469512
лима 4,605170185988092 0,005734956645066117
лимонный 4,605170185988092 0,0028674783225330585
линия 1,8971199848858813 0,0011812702272016695
личность 0,127833371509885 0,0001591947341343524
лучший 0 0
льняной 4,605170185988092 0,0028674783225330585
любой 2,8134107167600364 0,005255437204408537
магальяйнша 4,605170185988092 0,005734956645066117
май 0 0
макаронный 3,912023005428146 0,004871759658067429
макробиотика 4,605170185988092 0,005734956645066117
март 0 0
марта 0,3566749439387324 0,00022208900618850088
масло 2,995732273553991 0,0037306753095317446
материал 0 0
маша 4,605170185988092 0,0028674783225330585
медицинский 3,2188758248682006 0,0020042813355343712
международный 0,9942522733438669 0,0012381721959450398
меньший 3,912023005428146 0,0024358798290337147
место 0 0
мефодий 4,605170185988092 0,005734956645066117
мех 3,912023005428146 0,012179399145168574
милль 4,605170185988092 0,005734956645066117
миро 0 0
мисо 4,605170185988092 0,005734956645066117
младенческий 4,605170185988092 0,0028674783225330585
млекопитающее 3,2188758248682006 0,0020042813355343712
млн 1,8325814637483102 0,001141084348535685
многие 1,5606477482646683 0,0009717607398908271
мобильный 0 0
мой 0 0
молочный 3,912023005428146 0,004871759658067429
моральный 4,605170185988092 0,0028674783225330585
моча 0,16251892949777494 0,00010119485024768054
мунг 4,605170185988092 0,005734956645066117
мясо 3,912023005428146 0,012179399145168574
навигация 0 0
нажать 0 0
назвалить 2,995732273553991 0,0018653376547658723
название 0 0
наибольший 2,659260036932778 0,00165582816745503
найти 0 0
направить 2,995732273553991 0,0018653376547658723
например 1,9661128563728327 0,0012242296739556867
население 0,5108256237659907 0,0006361464804059661
наталья 2,659260036932778 0,00331165633491006
наталя 4,605170185988092 0,008602434967599175
натуральный 3,912023005428146 0,0024358798290337147
наука 0,05129329438755048 6,387707893841903E-05
научный 1,6094379124341003 0,0010021406677671856
находиться 0 0
начало 1,2039728043259361 0,0007496717337023264
начать 0,38566248081198473 0,0036020779652426965
начинать 0,1508228897345837 0,00028173640672711774
невегетарианец 4,605170185988092 0,0028674783225330585
недостаток 3,912023005428146 0,0024358798290337147
недуг 4,605170185988092 0,0028674783225330585
нежели 3,506557897319982 0,0021834108949688553
некоммерческий 0 0
некоторые 1,8325814637483102 0,00456433739414274
необходимо 2,8134107167600364 0,001751812401469512
необходимый 2,8134107167600364 0,001751812401469512
неотъемлемый 4,605170185988092 0,0028674783225330585
нервный 3,912023005428146 0,0024358798290337147
несмотря 2,302585092994046 0,0014337391612665293
несоизмеримый 4,605170185988092 0,0028674783225330585
николаевич 1,5606477482646683 0,0009717607398908271
николай 1,5141277326297755 0,0018855887081317255
новый 0 0
номинация 3,912023005428146 0,0024358798290337147
нордман 4,605170185988092 0,005734956645066117
нормальный 4,605170185988092 0,0028674783225330585
носить 1,6094379124341003 0,0010021406677671856
ноябрь 0 0
нью 2,659260036932778 0,00331165633491006
образ 1,7147984280919266 0,0021354899478106186
обращение 2,302585092994046 0,008602434967599175
обсуждение 0 0
обувь 3,912023005428146 0,0024358798290337147
общество 0,07257069283483537 0,00022593615452937537
общий 1,3470736479666094 0,0008387756213988851
община 2,8134107167600364 0,003503624802939024
объявить 2,207274913189721 0,0013743928475652063
обязательный 0 0
ово 4,605170185988092 0,0028674783225330585
овощ 3,912023005428146 0,0073076394871011445
ограничить 3,506557897319982 0,0021834108949688553
одежда 2,995732273553991 0,0018653376547658723
ожирение 3,912023005428146 0,004871759658067429
окружать 3,2188758248682006 0,010021406677671856
октябрь 0 0
описание 0 0
опрос 3,2188758248682006 0,0040085626710687425
организация 0 0
орех 4,605170185988092 0,0028674783225330585
освобождение 2,659260036932778 0,00993496900473018
оскар 2,5257286443082556 0,003145365684070057
основной 0 0
основный 1,8325814637483102 0,001141084348535685
остальной 2,995732273553991 0,0018653376547658723
остро 4,605170185988092 0,0028674783225330585
ответ 3,506557897319982 0,0021834108949688553
ответственность 0 0
отдавать 4,605170185988092 0,0028674783225330585
отдельный 0 0
отец 1,7719568419318754 0,0011033355180148665
отказ 0 0
отказаться 2,8134107167600364 0,003503624802939024
отказываться 3,912023005428146 0,004871759658067429
относиться 1,7147984280919266 0,0010677449739053093
отсутствовать 0,05129329438755048 0,00015969269734604757
охрана 2,995732273553991 0,007461350619063489
оценивание 0,1508228897345837 0,00018782427115141183
очередь 2,995732273553991 0,0018653376547658723
палочка 3,912023005428146 0,0024358798290337147
панелла 4,605170185988092 0,005734956645066117
первый 0 0
перейти 0 0
период 1,3093333199837622 0,0008152760398404497
перо 3,2188758248682006 0,0020042813355343712
персоналия 0,07257069283483537 9,037446181175015E-05
печать 0 0
питание 3,912023005428146 0,034102317606472005
питер 2,995732273553991 0,0018653376547658723
пифагореец 4,605170185988092 0,005734956645066117
пища 4,605170185988092 0,011469913290132234
пищевой 3,912023005428146 0,004871759658067429
план 2,5257286443082556 0,0015726828420350285
плов 4,605170185988092 0,0028674783225330585
плотить 4,605170185988092 0,0028674783225330585
пн 0,127833371509885 0,0007959736706717621
повысить 4,605170185988092 0,0028674783225330585
повышать 4,605170185988092 0,0028674783225330585
повышенный 4,605170185988092 0,005734956645066117
подробный 0 0
подход 3,912023005428146 0,0024358798290337147
поиск 0 0
показать 1,2729656758128876 0,0007926311804563435
показывать 4,605170185988092 0,0028674783225330585
полезный 2,5257286443082556 0,003145365684070057
политик 0 0
поллотарианство 4,605170185988092 0,005734956645066117
положение 2,5257286443082556 0,0015726828420350285
получать 3,2188758248682006 0,0020042813355343712
получение 2,5257286443082556 0,0015726828420350285
получить 0 0
помочь 0,127833371509885 7,95973670671762E-05
помощь 0,127833371509885 7,95973670671762E-05
популярный 2,120263536200091 0,0013202139079701687
портал 0 0
портман 4,605170185988092 0,005734956645066117
поселение 2,0402208285265546 0,0025407482297964564
последний 0 0
посмотреть 0 0
пост 3,506557897319982 0,004366821789937711
потребность 3,912023005428146 0,004871759658067429
правило 1,4696759700589417 0,0009151157970479089
править 0 0
правка 0 0
право 0,843970070294529 0,016290829501326525
практик 2,995732273553991 0,0037306753095317446
праноедение 4,605170185988092 0,005734956645066117
превосходить 3,506557897319982 0,0021834108949688553
предлагать 0 0
представитель 2,120263536200091 0,0013202139079701687
преимущество 4,605170185988092 0,0028674783225330585
премия 1,8325814637483102 0,0034232530456070553
придерживаться 3,506557897319982 0,0021834108949688553
признать 1,7147984280919266 0,0010677449739053093
приквел 4,605170185988092 0,0028674783225330585
примета 3,912023005428146 0,0024358798290337147
принять 1,3862943611198906 0,0008631969869986866
приправа 4,605170185988092 0,008602434967599175
природа 1,07880966137193 0,000671737024515523
присущий 3,506557897319982 0,0021834108949688553
причина 2,407945608651872 0,0014993434674046525
причинение 4,605170185988092 0,0028674783225330585
продолжительность 4,605170185988092 0,0028674783225330585
продукт 2,8134107167600364 0,019269936416164632
проект 0 0
производство 2,207274913189721 0,0013743928475652063
происхождение 1,7147984280919266 0,0021354899478106186
прочий 3,2188758248682006 0,0020042813355343712
пряность 3,912023005428146 0,0024358798290337147
птица 2,659260036932778 0,00165582816745503
пубертатный 4,605170185988092 0,0028674783225330585
публикация 3,506557897319982 0,0021834108949688553
пшеница 3,912023005428146 0,004871759658067429
работа 0,9942522733438669 0,0006190860979725199
равенство 4,605170185988092 0,0028674783225330585
радикальный 3,506557897319982 0,0021834108949688553
развитие 0,9416085398584451 0,0005863066873340256
развлечение 4,605170185988092 0,0028674783225330585
различный 1,8971199848858813 0,0011812702272016695
разногласие 3,912023005428146 0,0024358798290337147
разнообразие 4,605170185988092 0,0028674783225330585
разный 2,0402208285265546 0,005081496459592913
разработчик 0 0
рак 3,912023005428146 0,0024358798290337147
распространение 2,8134107167600364 0,001751812401469512
распространить 2,8134107167600364 0,001751812401469512
рассматривать 4,605170185988092 0,0028674783225330585
рассмотрение 3,912023005428146 0,0024358798290337147
растительный 3,2188758248682006 0,010021406677671856
расширять 4,605170185988092 0,0028674783225330585
рафаэль 3,506557897319982 0,004366821789937711
рацион 3,912023005428146 0,0024358798290337147
редкий 2,207274913189721 0,004123178542695618
результат 1,4696759700589417 0,0018302315940958178
рекламный 4,605170185988092 0,0028674783225330585
рекомендовать 3,506557897319982 0,0021834108949688553
религия 0,083381608939051 0,00036343167034455607
ресурс 2,407945608651872 0,0014993434674046525
риск 4,605170185988092 0,0028674783225330585
рисовый 4,605170185988092 0,005734956645066117
родиться 0,8915981192837835 0,0005551669484955066
родственный 0,21072103131565253 0,0001312086122762469
роль 2,120263536200091 0,0026404278159403373
россия 0,7765287894989963 0,0009670346070971311
рост 3,2188758248682006 0,0020042813355343712
руанда 3,2188758248682006 0,0040085626710687425
русский 0 0
рыба 2,5257286443082556 0,003145365684070057
ряд 1,6607312068216509 0,0010340792072363954
салат 4,605170185988092 0,008602434967599175
сбалансировка 4,605170185988092 0,0028674783225330585
сведение 0 0
свежий 0 0
свобода 2,302585092994046 0,0014337391612665293
свободный 0 0
свой 1,4696759700589417 0,0009151157970479089
связать 0 0
седьмой 3,506557897319982 0,004366821789937711
сейтан 4,605170185988092 0,005734956645066117
сельский 1,6607312068216509 0,003102237621709186
семя 3,506557897319982 0,0021834108949688553
сено 4,605170185988092 0,005734956645066117
сентябрь 0 0
сердце 2,8134107167600364 0,003503624802939024
сингер 4,605170185988092 0,0028674783225330585
система 0 0
сладкий 4,605170185988092 0,0028674783225330585
следовать 1,4271163556401458 0,001777230828941651
случай 0 0
случайный 0 0
смотреть 0 0
снять 2,302585092994046 0,0014337391612665293
собственность 4,605170185988092 0,0028674783225330585
собственный 1,8325814637483102 0,001141084348535685
событие 0 0
современный 1,0216512475319812 0,0006361464804059659
содержание 0,1392620673335076 8,671361602335466E-05
содержаться 3,912023005428146 0,0024358798290337147
соевый 4,605170185988092 0,014337391612665291
создание 0,8675005677047231 0,0005401622463914839
создать 0 0
соном 4,605170185988092 0,0028674783225330585
сообщество 0 0
соответственно 2,8134107167600364 0,001751812401469512
состав 1,0498221244986776 0,0006536874996878441
составлять 1,6094379124341003 0,0010021406677671856
состояние 1,7147984280919266 0,0021354899478106186
сотня 2,659260036932778 0,00165582816745503
соус 3,912023005428146 0,0024358798290337147
сохранение 0 0
соя 4,605170185988092 0,0028674783225330585
спесиецизм 4,605170185988092 0,0028674783225330585
список 0 0
спорный 4,605170185988092 0,0028674783225330585
спорт 0,083381608939051 0,00020767524019688917
спустя 2,995732273553991 0,0018653376547658723
сравнительный 3,506557897319982 0,004366821789937711
среда 2,995732273553991 0,009326688273829362
среди 1,4696759700589417 0,0009151157970479089
среднее 2,120263536200091 0,0013202139079701687
средний 1,8971199848858813 0,0011812702272016695
средство 1,9661128563728327 0,0012242296739556867
ссср 1,4271163556401458 0,001777230828941651
ссылаться 0 0
ссылка 0 0
становиться 2,5257286443082556 0,003145365684070057
статий 4,605170185988092 0,0028674783225330585
статистик 0 0
статистический 4,605170185988092 0,0028674783225330585
стать 0,4620354595965586 0,0008630799369798729
статья 0 0
стоить 2,407945608651872 0,0014993434674046525
сторонник 3,506557897319982 0,004366821789937711
страдание 3,912023005428146 0,0073076394871011445
страна 0,43078291609245434 0,00107293378852417
страница 0 0
стремиться 3,912023005428146 0,0024358798290337147
стюарт 3,2188758248682006 0,0040085626710687425
сумма 4,605170185988092 0,0028674783225330585
существенный 2,0402208285265546 0,0012703741148982282
существовать 1,4271163556401458 0,0008886154144708255
считать 1,8325814637483102 0,0034232530456070553
считаться 1,5141277326297755 0,0018855887081317255
сша 0,9675840262617057 0,0018074421412111565
съездить 4,605170185988092 0,0028674783225330585
сыроедение 4,605170185988092 0,005734956645066117
сюд 0 0
таковой 3,2188758248682006 0,0020042813355343712
такой 1,7147984280919266 0,0010677449739053093
тамий 4,605170185988092 0,005734956645066117
театр 1,9661128563728327 0,0012242296739556867
театральный 2,995732273553991 0,0018653376547658723
текст 0 0
тема 0,7550225842780328 0,0004701261421407427
темп 4,605170185988092 0,005734956645066117
теория 1,8971199848858813 0,0011812702272016695
техника 0,06187540371808745 7,705529728279881E-05
течь 0 0
тип 2,5257286443082556 0,0015726828420350285
типа 2,5257286443082556 0,0015726828420350285
толстовство 4,605170185988092 0,014337391612665291
тофа 4,605170185988092 0,028674783225330583
точный 2,8134107167600364 0,001751812401469512
трава 2,8134107167600364 0,001751812401469512
традиционный 1,8971199848858813 0,0011812702272016695
требовать 1,4696759700589417 0,0009151157970479089
трилогия 4,605170185988092 0,0028674783225330585
труппа 3,912023005428146 0,0024358798290337147
тыква 4,605170185988092 0,0028674783225330585
убивать 3,506557897319982 0,0021834108949688553
убойный 4,605170185988092 0,0028674783225330585
увидеть 2,659260036932778 0,00165582816745503
удовольствие 4,605170185988092 0,0028674783225330585
указатель 0 0
улучшение 1,4271163556401458 0,0008886154144708255
улучшить 1,6607312068216509 0,0010340792072363954
употребление 4,605170185988092 0,0028674783225330585
употреблять 3,912023005428146 0,0024358798290337147
уровень 2,0402208285265546 0,005081496459592913
условие 0 0
участие 0 0
участник 0 0
участок 2,5257286443082556 0,003145365684070057
февраль 0 0
философ 2,5257286443082556 0,0015726828420350285
философия 0,09431067947124142 0,00029361979910100066
философский 2,8134107167600364 0,001751812401469512
фильм 1,6094379124341003 0,0040085626710687425
фон 1,9661128563728327 0,0024484593479113734
форум 0 0
франкенштейн 4,605170185988092 0,005734956645066117
фриганизм 4,605170185988092 0,005734956645066117
фронт 2,120263536200091 0,003960641723910506
фрукт 3,912023005428146 0,004871759658067429
функционирование 4,605170185988092 0,0028674783225330585
ханна 3,912023005428146 0,004871759658067429
характеризоваться 2,8134107167600364 0,001751812401469512
харви 4,605170185988092 0,005734956645066117
харя 4,605170185988092 0,005734956645066117
хирургический 4,605170185988092 0,005734956645066117
хлопье 4,605170185988092 0,005734956645066117
хлопьев 4,605170185988092 0,0028674783225330585
хозяйство 1,7719568419318754 0,003310006554044599
холестерин 4,605170185988092 0,0028674783225330585
хороший 0,7985076962177716 0,0004972027996374668
целый 1,7719568419318754 0,002206671036029733
цельный 4,605170185988092 0,0028674783225330585
центр 0,8915981192837835 0,0011103338969910132
цитата 1,4271163556401458 0,001777230828941651
цыпленка 3,912023005428146 0,0024358798290337147
цыпленок 4,605170185988092 0,008602434967599175
частный 3,912023005428146 0,0024358798290337147
чейня 4,605170185988092 0,005734956645066117
человек 1,1394342831883648 0,0028379434201453667
чертковый 4,605170185988092 0,005734956645066117
чиг 4,605170185988092 0,005734956645066117
число 1,3470736479666094 0,0008387756213988851
читать 0 0
член 1,7147984280919266 0,0010677449739053093
шаблон 0 0
эйдж 4,605170185988092 0,005734956645066117
экзотический 4,605170185988092 0,0028674783225330585
экологический 2,995732273553991 0,007461350619063489
экология 2,995732273553991 0,0037306753095317446
эксперимент 3,912023005428146 0,0024358798290337147
эксплуатация 3,506557897319982 0,0021834108949688553
энциклопедия 0 0
эрнест 2,995732273553991 0,0037306753095317446
этичный 4,605170185988092 0,008602434967599175
явление 2,407945608651872 0,0014993434674046525
являться 0,3424903089467759 0,0008530269214116461
язык 0 0
яйцо 3,912023005428146 0,004871759658067429
январь 0,6733445532637655 0,0016770723618026537
