август 0 0
августа 0,843970070294529 0,001224920276189447
агдас 4,605170185988092 0,013367692847570658
адля 4,605170185988092 0,006683846423785329
адрианополь 4,605170185988092 0,006683846423785329
азербайджанский 1,6607312068216509 0,00241035008246974
акко 4,605170185988092 0,013367692847570658
али 2,407945608651872 0,006989682463430688
алфавит 0 0
аль 2,207274913189721 0,0032035920365598275
апрель 0 0
ар 3,506557897319982 0,010178687655500673
арабский 0,38566248081198473 0,0005597423524121694
архив 0,3011050927839216 0,0008740351024206723
баба 4,605170185988092 0,020051539271355986
баби 4,605170185988092 0,013367692847570658
бабизм 4,605170185988092 0,013367692847570658
багдад 3,506557897319982 0,010178687655500673
байт 3,506557897319982 0,005089343827750337
бахаист 4,605170185988092 0,020051539271355986
бахай 3,2188758248682006 0,19621594288020963
бахаулла 4,605170185988092 0,026735385695141316
безошибочный 4,605170185988092 0,006683846423785329
бог 2,0402208285265546 0,005922266555955165
больший 1,8325814637483102 0,0026597699038437015
британик 4,605170185988092 0,006683846423785329
буддизм 2,5257286443082556 0,010997367101487325
вдохновить 4,605170185988092 0,006683846423785329
вера 3,2188758248682006 0,07942073878484675
версия 0 0
взять 2,407945608651872 0,003494841231715344
википедия 0 0
вклад 0 0
вкладывать 4,605170185988092 0,006683846423785329
власть 1,4696759700589417 0,0021330565603177674
воистина 4,605170185988092 0,006683846423785329
впервый 1,5606477482646683 0,0022650910715016955
вполня 3,912023005428146 0,005677827293799922
врат 4,605170185988092 0,006683846423785329
всемирный 1,6607312068216509 0,00723105024740922
выбрать 3,506557897319982 0,005089343827750337
высший 2,302585092994046 0,0033419232118926646
выходец 3,2188758248682006 0,004671808163814514
географический 2,302585092994046 0,0033419232118926646
география 0,083381608939051 0,0002420366006939071
гораздо 3,912023005428146 0,005677827293799922
город 0,3424903089467759 0,0004970831769909664
д 1,5141277326297755 0,00219757290657442
давать 3,912023005428146 0,005677827293799922
далья 0,3566749439387324 0,0005176704556440238
данный 0,1508228897345837 0,0006567034386121205
даосизм 3,506557897319982 0,015268031483251008
два 0 0
декабрь 0 0
держать 3,506557897319982 0,005089343827750337
доверить 4,605170185988092 0,006683846423785329
дом 1,3470736479666094 0,009775570739960882
доступный 3,506557897319982 0,005089343827750337
ежегодный 2,8134107167600364 0,004083324697764929
журнал 0 0
зависимый 3,506557897319982 0,010178687655500673
заключение 3,2188758248682006 0,004671808163814514
заниматься 0 0
запрос 0,1165338162559516 0,0005074041346412987
знаете 0,06187540371808745 0,00017960929961708985
знак 0 0
значительный 2,302585092994046 0,006683846423785329
избранный 0,083381608939051 0,0002420366006939071
избрать 0 0
известный 0,7765287894989963 0,0011270374303323602
изменение 0 0
измениться 3,912023005428146 0,005677827293799922
изображение 0,06187540371808745 8,980464980854493E-05
израиль 2,5257286443082556 0,007331578067658217
иметься 1,4271163556401458 0,002071286437794116
империя 1,2039728043259361 0,0034948412317153442
индекс 2,659260036932778 0,007719187335073376
индия 2,120263536200091 0,0030773055677795224
индуизм 2,995732273553991 0,013043827025634213
ирак 3,2188758248682006 0,009343616327629029
иран 2,407945608651872 0,006989682463430688
искать 0 0
искусство 0,083381608939051 0,0002420366006939071
ислам 1,7147984280919266 0,007466466305189811
использование 0 0
исторический 1,2378743560016172 0,0017966246095814473
история 0 0
источник 0 0
итальянский 0,7339691750802005 0,001065267307808709
иудаизм 2,995732273553991 0,013043827025634213
июнь 0 0
кануть 4,605170185988092 0,006683846423785329
категория 0 0
китаб 3,912023005428146 0,011355654587599844
китайский 1,171182981502945 0,0016998301618330117
книга 0 0
код 0 0
количество 2,120263536200091 0,0030773055677795224
конец 1,4271163556401458 0,006213859313382347
конкретный 3,912023005428146 0,005677827293799922
константинополь 2,995732273553991 0,008695884683756141
король 1,7147984280919266 0,002488822101729937
культура 0,3566749439387324 0,0005176704556440238
личность 0,127833371509885 0,00037106929320721336
лотос 4,605170185988092 0,013367692847570658
лучший 0 0
май 0 0
март 0 0
масса 2,659260036932778 0,003859593667536688
материал 0 0
меря 3,2188758248682006 0,004671808163814514
место 0 0
месяц 1,7147984280919266 0,002488822101729937
мирза 3,506557897319982 0,005089343827750337
миро 0 0
мировой 1,2039728043259361 0,0017474206158576721
мирской 4,605170185988092 0,006683846423785329
мифология 2,120263536200091 0,015386527838897613
млн 1,8325814637483102 0,005319539807687403
мобильный 0 0
могущественный 4,605170185988092 0,006683846423785329
мой 0 0
молодой 2,5257286443082556 0,0036657890338291084
моча 0,16251892949777494 0,0002358765304757256
мочь 0,8209805520698303 0,0011915537765890135
мухаммад 3,2188758248682006 0,004671808163814514
навигация 0 0
надлежать 3,912023005428146 0,005677827293799922
нажать 0 0
название 0 0
найти 0 0
например 1,9661128563728327 0,002853574537551281
народность 3,912023005428146 0,011355654587599844
население 0,5108256237659907 0,0007414014858722652
настоящий 1,6094379124341003 0,007007712245721771
насчитывать 2,659260036932778 0,003859593667536688
наука 0,05129329438755048 0,0001488920011249651
находиться 0 0
нация 1,9661128563728327 0,005707149075102562
начинать 0,1508228897345837 0,0004378022924080804
недоставать 1,07880966137193 0,0015657614823975762
некоммерческий 0 0
немецкий 0,5108256237659907 0,0007414014858722652
новруз 4,605170185988092 0,013367692847570658
новый 0 0
ноябрь 0 0
нури 4,605170185988092 0,006683846423785329
область 0,7765287894989963 0,0011270374303323602
образ 1,7147984280919266 0,002488822101729937
образование 0,7339691750802005 0,001065267307808709
обсуждение 0 0
общество 0,07257069283483537 0,00021065513159603883
община 2,8134107167600364 0,012249974093294787
объединять 3,912023005428146 0,011355654587599844
объявить 2,207274913189721 0,0032035920365598275
обязательный 0 0
один 0,843970070294529 0,002449840552378894
октябрь 0 0
описание 0 0
орган 1,9661128563728327 0,005707149075102562
организация 0 0
основатель 1,9661128563728327 0,002853574537551281
основной 0 0
оставлять 1,7719568419318754 0,0025717806123829834
ответственность 0 0
отдельный 0 0
отказ 0 0
откровение 3,506557897319982 0,005089343827750337
отношение 1,4696759700589417 0,0021330565603177674
отсутствовать 0,05129329438755048 7,444600056248255E-05
оттоманский 4,605170185988092 0,006683846423785329
оценивание 0,1508228897345837 0,0004378022924080804
палестина 3,506557897319982 0,010178687655500673
первый 0 0
перевести 1,7719568419318754 0,005143561224765967
перейти 0 0
персидский 1,5606477482646683 0,0022650910715016955
персия 4,605170185988092 0,006683846423785329
персоналия 0,07257069283483537 0,00021065513159603883
печать 0 0
писание 3,506557897319982 0,010178687655500673
пн 0,127833371509885 0,00166981181943246
подробный 0 0
пожизненный 3,912023005428146 0,005677827293799922
поиск 0 0
поклонение 4,605170185988092 0,006683846423785329
политик 0 0
полность 2,407945608651872 0,003494841231715344
положение 2,5257286443082556 0,0036657890338291084
получить 0 0
помочь 0,127833371509885 0,00018553464660360668
помощь 0,127833371509885 0,00018553464660360668
портал 0 0
португальский 0,49429632181478017 0,0007174112072783457
посетитель 3,912023005428146 0,005677827293799922
последний 0 0
последователь 3,2188758248682006 0,009343616327629029
посмотреть 0 0
править 0 0
правка 0 0
предлагать 0 0
представитель 2,120263536200091 0,006154611135559045
представление 2,995732273553991 0,004347942341878071
приверженец 3,2188758248682006 0,004671808163814514
привлекать 4,605170185988092 0,006683846423785329
принять 1,3862943611198906 0,0020120382599708134
пробыть 3,506557897319982 0,005089343827750337
проводить 3,2188758248682006 0,004671808163814514
проект 0 0
пророк 2,995732273553991 0,004347942341878071
пророчествовать 4,605170185988092 0,006683846423785329
прошлое 3,506557897319982 0,005089343827750337
раздел 0,9675840262617057 0,0014043309524843335
разработка 1,07880966137193 0,0046972844471927285
разработчик 0 0
религия 0,083381608939051 0,0012101830034695355
решение 2,407945608651872 0,003494841231715344
родиться 0,8915981192837835 0,0012940466172478716
родственный 0,21072103131565253 0,0003058360396453593
русский 0 0
сведение 0 0
свежий 0 0
света 2,0402208285265546 0,005922266555955165
свободный 0 0
связать 0 0
священник 2,8134107167600364 0,004083324697764929
священный 2,659260036932778 0,007719187335073376
сентябрь 0 0
сийид 4,605170185988092 0,006683846423785329
синтоизм 3,506557897319982 0,015268031483251008
система 0 0
слой 2,8134107167600364 0,004083324697764929
случай 0 0
случайный 0 0
смотреть 0 0
смысл 3,912023005428146 0,005677827293799922
событие 0 0
совет 2,302585092994046 0,0033419232118926646
современный 1,0216512475319812 0,00148280297174453
согласно 1,8971199848858813 0,008260319237529236
содержание 0,1392620673335076 0,00020212201354645516
создать 0 0
сообщество 0 0
сослан 4,605170185988092 0,006683846423785329
состоять 1,7719568419318754 0,0025717806123829834
сохранение 0 0
социальный 2,5257286443082556 0,0036657890338291084
список 0 0
спорт 0,083381608939051 0,0002420366006939071
справедливость 4,605170185988092 0,026735385695141316
среднее 2,120263536200091 0,0030773055677795224
ссылаться 0 0
ссылка 0 0
статистик 0 0
стать 0,4620354595965586 0,0006705884754667034
статья 0 0
столица 0,7985076962177716 0,0011589371498080866
страна 0,43078291609245434 0,0012504583921406512
страница 0 0
существовать 1,4271163556401458 0,002071286437794116
считать 1,8325814637483102 0,0026597699038437015
сюд 0 0
такой 1,7147984280919266 0,002488822101729937
тегеран 4,605170185988092 0,006683846423785329
текст 0 0
территория 0,8675005677047231 0,0037772158245488667
техника 0,06187540371808745 0,00017960929961708985
течь 0 0
тогдашний 4,605170185988092 0,006683846423785329
тот 2,995732273553991 0,004347942341878071
тюрьма 2,8134107167600364 0,004083324697764929
указатель 0 0
указать 2,407945608651872 0,003494841231715344
управлять 3,506557897319982 0,005089343827750337
условие 0 0
утратить 2,8134107167600364 0,004083324697764929
участие 0 0
участник 0 0
фантастический 3,506557897319982 0,005089343827750337
февраль 0 0
философия 0,09431067947124142 0,0002737610434578851
форум 0 0
французский 0,23572233352106994 0,00034212239988544256
храм 1,2729656758128876 0,003695110815131749
христианство 2,120263536200091 0,009231916703338568
хусейн 3,506557897319982 0,005089343827750337
царь 2,120263536200091 0,0030773055677795224
человечество 2,5257286443082556 0,0036657890338291084
читать 0 0
член 1,7147984280919266 0,002488822101729937
шаблон 0 0
широкий 2,207274913189721 0,0032035920365598275
элемент 0,19845093872383823 0,0005760549745249296
энциклопедия 0 0
явить 4,605170185988092 0,006683846423785329
явленый 4,605170185988092 0,006683846423785329
являться 0,3424903089467759 0,0004970831769909664
язык 0 0
