август 0 0
австралия 2,5257286443082556 0,0062363670229833475
австрия 2,8134107167600364 0,0034733465639012794
австробэйлиецветный 4,605170185988092 0,005685395291343323
автор 1,7147984280919266 0,0010585175482048929
адольф 3,2188758248682006 0,003973920771442223
аироцветный 4,605170185988092 0,005685395291343323
алфавит 0 0
америка 1,4271163556401458 0,0026428080660002703
американский 1,4271163556401458 0,00088093602200009
анатомия 3,506557897319982 0,0064936257357777446
англ 1,0498221244986776 0,0006480383484559738
английский 0,37106368139083196 0,0006871549655385777
англия 2,120263536200091 0,0026176093039507295
антоцеротовидный 4,605170185988092 0,005685395291343323
апостол 2,8134107167600364 0,0017366732819506397
апрель 0 0
арабский 0,38566248081198473 0,0002380632597604844
артур 2,995732273553991 0,003698434905622211
архив 0,3011050927839216 0,002230408094695716
астроцветный 4,605170185988092 0,005685395291343323
баз 2,5257286443082556 0,0031181835114916737
банкс 4,605170185988092 0,008528092937014986
башкирский 3,506557897319982 0,002164541911925915
белый 1,6094379124341003 0,0009934801928605558
бересклетоцветный 4,605170185988092 0,005685395291343323
биолог 3,506557897319982 0,002164541911925915
биологический 2,407945608651872 0,005945544712720671
биология 2,8134107167600364 0,02257675266535832
бифштекс 4,605170185988092 0,005685395291343323
блэк 3,912023005428146 0,004829658031392773
бобовоцветный 4,605170185988092 0,005685395291343323
ботаник 3,912023005428146 0,03139277720405303
ботаника 2,995732273553991 0,2052631372620327
ботанический 3,912023005428146 0,04829658031392772
бразилия 2,659260036932778 0,003283037082633059
бразильский 3,2188758248682006 0,0019869603857211116
букоцветный 4,605170185988092 0,005685395291343323
бусенник 4,605170185988092 0,005685395291343323
век 0,5108256237659907 0,00031532445911480907
великобритания 1,6607312068216509 0,004100570881041113
венгрия 2,8134107167600364 0,0034733465639012794
верескоцветный 4,605170185988092 0,005685395291343323
версия 0 0
ветвь 2,995732273553991 0,003698434905622211
взаимоотношение 4,605170185988092 0,0028426976456716615
вид 1,0498221244986776 0,007128421833015712
википедия 0 0
вильям 3,912023005428146 0,004829658031392773
вклад 0 0
внешний 1,3862943611198906 0,0008557372599505498
внутренний 2,120263536200091 0,0013088046519753648
вовс 3,912023005428146 0,0024148290156963863
вод 1,8971199848858813 0,0011710617190653588
водоросль 3,506557897319982 0,00432908382385183
возможность 2,5257286443082556 0,0015590917557458369
волосистый 4,605170185988092 0,0028426976456716615
ворсянкоцветный 4,605170185988092 0,005685395291343323
врач 2,995732273553991 0,0018492174528111055
встречаться 2,659260036932778 0,003283037082633059
вьетнамский 1,6094379124341003 0,0009934801928605558
гарриецветный 4,605170185988092 0,005685395291343323
гвоздичноцветный 4,605170185988092 0,005685395291343323
генрих 2,5257286443082556 0,0015590917557458369
геоботаник 4,605170185988092 0,005685395291343323
география 0,083381608939051 0,00020588051589889134
геологический 3,2188758248682006 0,0019869603857211116
гераниецветный 4,605170185988092 0,005685395291343323
гербарный 4,605170185988092 0,0028426976456716615
германия 1,9661128563728327 0,0024272998226825093
гинкговидный 4,605170185988092 0,005685395291343323
гнетовидный 4,605170185988092 0,005685395291343323
голосеменной 4,605170185988092 0,005685395291343323
горечавкоцветный 4,605170185988092 0,005685395291343323
горный 1,8971199848858813 0,0011710617190653588
город 0,3424903089467759 0,00021141377095479992
греча 1,9661128563728327 0,0012136499113412547
грузинский 1,8325814637483102 0,001131223125770562
гуннероцветный 4,605170185988092 0,005685395291343323
густав 3,2188758248682006 0,0019869603857211116
даний 2,995732273553991 0,0018492174528111055
дания 2,995732273553991 0,0018492174528111055
данный 0,1508228897345837 0,00027930164765663647
дата 2,302585092994046 0,0028426976456716615
два 0 0
двудольный 4,605170185988092 0,005685395291343323
де 1,1394342831883648 0,0014067089915905738
действительность 4,605170185988092 0,0028426976456716615
декабрь 0 0
декларация 3,506557897319982 0,002164541911925915
делегатский 4,605170185988092 0,0028426976456716615
дело 2,120263536200091 0,0013088046519753648
день 1,3862943611198906 0,0017114745199010995
десять 3,506557897319982 0,00432908382385183
джеймс 2,5257286443082556 0,004677275267237511
джемс 4,605170185988092 0,0028426976456716615
джозеф 2,8134107167600364 0,006946693127802559
джон 2,302585092994046 0,0028426976456716615
дикий 3,506557897319982 0,002164541911925915
диоскорейноцветный 4,605170185988092 0,005685395291343323
добавить 1,0498221244986776 0,0006480383484559738
добро 1,8325814637483102 0,001131223125770562
др 1,8971199848858813 0,0011710617190653588
древнегреческий 2,302585092994046 0,0014213488228358307
древнейший 2,407945608651872 0,0014863861781801678
дружить 4,605170185988092 0,0028426976456716615
единственный 1,3470736479666094 0,000831526943189265
ежегодный 2,8134107167600364 0,0034733465639012794
естественный 3,2188758248682006 0,0019869603857211116
естествознание 3,912023005428146 0,004829658031392773
естествоиспытатель 3,912023005428146 0,0024148290156963863
жанейро 3,506557897319982 0,00432908382385183
жаркое 3,506557897319982 0,002164541911925915
животное 2,407945608651872 0,0014863861781801678
журнал 0 0
заказник 4,605170185988092 0,005685395291343323
закономерность 3,912023005428146 0,0024148290156963863
заметный 2,8134107167600364 0,0017366732819506397
заниматься 0 0
запад 0,9162907318741551 0,000565611562885281
заповедник 2,302585092994046 0,0028426976456716615
запрос 0,1165338162559516 0,00021580336343694743
земной 2,8134107167600364 0,0017366732819506397
злакоцветный 4,605170185988092 0,005685395291343323
знаете 0,06187540371808745 0,00011458408095942121
знак 0 0
знаменитый 2,120263536200091 0,0013088046519753648
зона 2,659260036932778 0,003283037082633059
зонтикоцветный 4,605170185988092 0,005685395291343323
иврит 1,6607312068216509 0,0010251427202602782
избранный 0,083381608939051 0,0002573506448736142
избрать 0 0
известный 0,7765287894989963 0,0009586775178999954
изменение 0 0
изображение 0,06187540371808745 0,00011458408095942121
изучать 2,5257286443082556 0,0015590917557458369
илла 1,3862943611198906 0,002567211779851649
иллюстрация 1,8325814637483102 0,002262446251541124
имбирецветный 4,605170185988092 0,005685395291343323
иметь 0,616186139423817 0,00038036181445914624
иммунология 3,912023005428146 0,01207414507848193
институт 1,9661128563728327 0,0024272998226825093
искать 0 0
искусство 0,083381608939051 0,00010294025794944567
испанский 0,49429632181478017 0,00030512118630541987
использование 0 0
использовать 1,4271163556401458 0,00176187204400018
использоваться 1,4696759700589417 0,0009072073889252727
исследование 2,120263536200091 0,0039264139559260945
история 0 0
источник 0 0
италия 1,8325814637483102 0,002262446251541124
итальянский 0,7339691750802005 0,0009061347840496303
июль 0,9162907318741551 0,000565611562885281
июнь 0 0
к 2,5257286443082556 0,0031181835114916737
казаться 4,605170185988092 0,0028426976456716615
кальм 4,605170185988092 0,005685395291343323
камнеломкоцветный 4,605170185988092 0,005685395291343323
канеллоцветный 4,605170185988092 0,005685395291343323
капустоцветный 4,605170185988092 0,005685395291343323
карл 1,9661128563728327 0,0060682495567062735
кат 3,2188758248682006 0,027817445400095557
категория 0 0
кизилоцветный 4,605170185988092 0,005685395291343323
кисличноцветный 4,605170185988092 0,005685395291343323
китайский 1,171182981502945 0,0014459049154357346
классификация 2,5257286443082556 0,0015590917557458369
клубень 4,605170185988092 0,005685395291343323
книга 0 0
код 0 0
коллекция 2,120263536200091 0,0026176093039507295
коммелиноцветный 4,605170185988092 0,005685395291343323
конгресс 3,506557897319982 0,00432908382385183
конференция 2,659260036932778 0,0016415185413165296
кора 3,506557897319982 0,00432908382385183
корневище 3,912023005428146 0,004829658031392773
королевский 2,5257286443082556 0,0031181835114916737
который 0,9162907318741551 0,001131223125770562
красная 2,207274913189721 0,0013625153785121736
красный 0,7765287894989963 0,0009586775178999954
кронквист 4,605170185988092 0,011370790582686646
кроссосомоцветный 4,605170185988092 0,0028426976456716615
круг 3,2188758248682006 0,0019869603857211116
крупнейший 1,2039728043259361 0,000743193089090084
крупный 1,4271163556401458 0,00088093602200009
кулинария 3,506557897319982 0,010822709559629573
культивироваться 4,605170185988092 0,0028426976456716615
купить 3,2188758248682006 0,003973920771442223
кустарник 3,912023005428146 0,0024148290156963863
лавроцветный 4,605170185988092 0,005685395291343323
лайне 4,605170185988092 0,005685395291343323
лат 1,8325814637483102 0,001131223125770562
лепесток 4,605170185988092 0,0028426976456716615
леса 2,659260036932778 0,0016415185413165296
лилиецветный 4,605170185988092 0,005685395291343323
линнеевский 4,605170185988092 0,0028426976456716615
линнеть 4,605170185988092 0,019898883519701628
лист 2,995732273553991 0,003698434905622211
лихенолог 4,605170185988092 0,0028426976456716615
личность 0,127833371509885 0,00015781897717269752
лондон 2,120263536200091 0,0039264139559260945
лондонский 2,995732273553991 0,0018492174528111055
луковица 4,605170185988092 0,005685395291343323
лучший 0 0
любая 2,8134107167600364 0,0017366732819506397
лютикоцветный 4,605170185988092 0,005685395291343323
магнолиецветный 4,605170185988092 0,005685395291343323
май 0 0
мальвоцветный 4,605170185988092 0,005685395291343323
мальпига 4,605170185988092 0,005685395291343323
мальпигиецветный 4,605170185988092 0,0028426976456716615
март 0 0
марта 0,3566749439387324 0,0015411880293648929
марчелло 4,605170185988092 0,005685395291343323
материал 0 0
махачкала 4,605170185988092 0,0028426976456716615
мбк 4,605170185988092 0,0028426976456716615
международный 0,9942522733438669 0,0024549438847996713
место 0 0
микология 3,912023005428146 0,009659316062785545
микробиология 3,912023005428146 0,01207414507848193
микроскопический 4,605170185988092 0,0028426976456716615
миро 0 0
миртоцветный 4,605170185988092 0,005685395291343323
младший 2,5257286443082556 0,0015590917557458369
многие 1,5606477482646683 0,0009633628075707829
мобильный 0 0
мой 0 0
монотипный 4,605170185988092 0,0028426976456716615
морозостойкий 4,605170185988092 0,0028426976456716615
морфология 3,912023005428146 0,009659316062785545
мох 4,605170185988092 0,011370790582686646
моча 0,16251892949777494 0,00010032032685047835
навигация 0 0
награда 1,3470736479666094 0,00166305388637853
надкатегория 3,912023005428146 0,0024148290156963863
нажать 0 0
название 0 0
найти 0 0
написание 1,9661128563728327 0,0024272998226825093
напоминать 3,2188758248682006 0,0019869603857211116
наука 0,05129329438755048 0,00022163769179805762
находиться 0 0
начало 1,2039728043259361 0,000743193089090084
начинать 0,1508228897345837 0,00018620109843775763
некоммерческий 0 0
немецкий 0,5108256237659907 0,00031532445911480907
новость 1,4271163556401458 0,0026428080660002703
новый 0 0
норидж 3,912023005428146 0,004829658031392773
ноябрь 0 0
нюландер 4,605170185988092 0,005685395291343323
образец 2,407945608651872 0,0014863861781801678
обсуждение 0 0
общество 0,07257069283483537 0,0003583737917769648
общий 1,3470736479666094 0,000831526943189265
обязательный 0 0
однодольный 4,605170185988092 0,005685395291343323
окраска 4,605170185988092 0,0028426976456716615
октябрь 0 0
онтогенез 4,605170185988092 0,005685395291343323
описание 0 0
описать 2,995732273553991 0,003698434905622211
опубликовать 2,995732273553991 0,003698434905622211
организация 0 0
орхидея 3,912023005428146 0,004829658031392773
основатель 1,9661128563728327 0,0012136499113412547
основной 0 0
основоположник 2,407945608651872 0,0029727723563603356
особенность 2,8134107167600364 0,0034733465639012794
оставить 2,302585092994046 0,0014213488228358307
остаться 2,8134107167600364 0,0017366732819506397
ответственность 0 0
отдельный 0 0
отказ 0 0
отклонить 4,605170185988092 0,0028426976456716615
относиться 1,7147984280919266 0,0031755526446146792
отпатрулировать 2,207274913189721 0,0040875461355365204
отсутствовать 0,05129329438755048 0,0001899751643983351
охватывать 2,995732273553991 0,0018492174528111055
оценивание 0,1508228897345837 0,00018620109843775763
падубоцветный 4,605170185988092 0,005685395291343323
пальмоцветный 4,605170185988092 0,0028426976456716615
памятник 1,2039728043259361 0,001486386178180168
памятный 4,605170185988092 0,005685395291343323
панданоцветный 4,605170185988092 0,005685395291343323
папоротниковидный 4,605170185988092 0,005685395291343323
пер 4,605170185988092 0,005685395291343323
первый 0 0
перебраться 3,912023005428146 0,0024148290156963863
перейти 0 0
переносить 3,912023005428146 0,0024148290156963863
переувлажнение 4,605170185988092 0,0028426976456716615
перечноцветный 4,605170185988092 0,005685395291343323
персидский 1,5606477482646683 0,0009633628075707829
персоналия 0,07257069283483537 8,95934479442412E-05
песочница 4,605170185988092 0,0028426976456716615
пестик 4,605170185988092 0,005685395291343323
печать 0 0
плауновидный 4,605170185988092 0,005685395291343323
плод 3,912023005428146 0,00724448704708916
пн 0,127833371509885 0,0009469138630361852
побег 3,912023005428146 0,004829658031392773
поверхность 3,2188758248682006 0,0019869603857211116
подборка 1,6094379124341003 0,008941321735745002
подкатегория 2,995732273553991 0,011095304716866634
подробный 0 0
пожаловать 1,7719568419318754 0,0010938005197110342
поиск 0 0
показать 1,2729656758128876 0,0007857812813659799
покров 2,995732273553991 0,0018492174528111055
покрытосеменной 4,605170185988092 0,011370790582686646
политик 0 0
полность 2,407945608651872 0,0014863861781801678
получить 0 0
помочь 0,127833371509885 0,00015781897717269752
помощь 0,127833371509885 7,890948858634876E-05
портал 0 0
португальский 0,49429632181478017 0,00030512118630541987
последний 0 0
посмотреть 0 0
почва 3,912023005428146 0,0024148290156963863
почвоведение 4,605170185988092 0,008528092937014986
почка 4,605170185988092 0,005685395291343323
править 0 0
правка 0 0
предлагать 0 0
предложение 3,506557897319982 0,002164541911925915
предложить 2,407945608651872 0,0014863861781801678
предыдущий 3,506557897319982 0,00432908382385183
прибрежный 2,8134107167600364 0,0017366732819506397
прибыть 2,995732273553991 0,0018492174528111055
примечательный 2,0402208285265546 0,0025187911463290798
принять 1,3862943611198906 0,002567211779851649
природа 1,07880966137193 0,001997795669207278
проблема 2,407945608651872 0,0014863861781801678
проведение 2,8134107167600364 0,0017366732819506397
продолжить 3,506557897319982 0,002164541911925915
проект 0 0
протеецветный 4,605170185988092 0,0028426976456716615
профессор 2,5257286443082556 0,004677275267237511
прошлый 3,912023005428146 0,0024148290156963863
псилотовидный 4,605170185988092 0,005685395291343323
пурпурный 4,605170185988092 0,0028426976456716615
пустынь 2,8134107167600364 0,0017366732819506397
путешественник 2,8134107167600364 0,0017366732819506397
путь 2,120263536200091 0,0013088046519753648
пятнистый 4,605170185988092 0,005685395291343323
работа 0,9942522733438669 0,0024549438847996713
развитие 0,9416085398584451 0,0005812398394187933
раздел 0,9675840262617057 0,0029863704514250175
разработчик 0 0
район 1,171182981502945 0,0007229524577178673
раслить 4,605170185988092 0,0028426976456716615
распознать 4,605170185988092 0,0028426976456716615
расположение 3,506557897319982 0,002164541911925915
распространение 2,8134107167600364 0,0017366732819506397
растение 2,8134107167600364 0,07120360455997624
растениеводство 4,605170185988092 0,008528092937014986
расти 3,912023005428146 0,0024148290156963863
растительность 3,912023005428146 0,004829658031392773
растительный 3,2188758248682006 0,0019869603857211116
регион 0,9942522733438669 0,0006137359711999178
религия 0,083381608939051 0,00010294025794944567
ресурсоведение 4,605170185988092 0,0028426976456716615
решение 2,407945608651872 0,0014863861781801678
рио 3,2188758248682006 0,003973920771442223
роголистникоцветный 4,605170185988092 0,005685395291343323
родина 1,6094379124341003 0,0009934801928605558
родиться 0,8915981192837835 0,0033022152566066056
родственный 0,21072103131565253 0,0002601494213773488
рождение 2,0402208285265546 0,0025187911463290798
розетка 3,912023005428146 0,004829658031392773
розоцветный 4,605170185988092 0,005685395291343323
россия 0,7765287894989963 0,0009586775178999954
руководство 2,0402208285265546 0,0012593955731645399
рукопись 3,912023005428146 0,0024148290156963863
русский 0 0
саговниковидный 4,605170185988092 0,005685395291343323
самый 0,5447271754416719 0,0006725026857304591
сант 2,8134107167600364 0,0017366732819506397
санталоцветный 4,605170185988092 0,005685395291343323
сапиндоцветный 4,605170185988092 0,005685395291343323
сведение 0 0
свежий 0 0
свободный 0 0
свой 1,4696759700589417 0,0009072073889252727
связать 0 0
связь 1,6607312068216509 0,0010251427202602782
северный 1,1086626245216111 0,0013687192895328532
семейство 2,995732273553991 0,007396869811244422
семя 3,506557897319982 0,00432908382385183
сентябрь 0 0
система 0 0
систематика 3,912023005428146 0,009659316062785545
скончаться 2,995732273553991 0,0018492174528111055
слева 4,605170185988092 0,0028426976456716615
сложение 4,605170185988092 0,0028426976456716615
случай 0 0
случайный 0 0
смерть 1,8325814637483102 0,001131223125770562
смит 3,912023005428146 0,0169038031098747
смотреть 0 0
собиратель 4,605170185988092 0,005685395291343323
собрание 1,9661128563728327 0,0012136499113412547
событие 0 0
совместный 2,120263536200091 0,0013088046519753648
современный 1,0216512475319812 0,001261297836459236
содержание 0,1392620673335076 8,596423909475778E-05
содержать 3,2188758248682006 0,04371312848586445
создание 0,8675005677047231 0,002141976710382032
создать 0 0
сообщество 0 0
состав 1,0498221244986776 0,0006480383484559738
состояние 1,7147984280919266 0,0010585175482048929
состояться 2,207274913189721 0,0013625153785121736
сохранение 0 0
соцветие 4,605170185988092 0,005685395291343323
сочинение 3,2188758248682006 0,0019869603857211116
спаржецветный 4,605170185988092 0,005685395291343323
список 0 0
спорт 0,083381608939051 0,00010294025794944567
справа 4,605170185988092 0,005685395291343323
справочный 3,912023005428146 0,004829658031392773
среда 2,995732273553991 0,0018492174528111055
ссср 1,4271163556401458 0,00176187204400018
ссылаться 0 0
ссылка 0 0
стабилизация 4,605170185988092 0,0028426976456716615
стабильный 1,4271163556401458 0,00088093602200009
статистик 0 0
стать 0,4620354595965586 0,0005704141476500724
статья 0 0
ствол 3,506557897319982 0,00432908382385183
стебель 3,506557897319982 0,00432908382385183
стерлинг 3,506557897319982 0,00432908382385183
страница 0 0
странный 3,506557897319982 0,002164541911925915
строение 2,407945608651872 0,0014863861781801678
сша 0,9675840262617057 0,0017918222708550107
съезд 4,605170185988092 0,0028426976456716615
сын 1,6607312068216509 0,0010251427202602782
сэр 3,2188758248682006 0,0019869603857211116
сюд 0 0
тайский 2,407945608651872 0,0014863861781801678
таксономия 3,912023005428146 0,0169038031098747
текст 0 0
техника 0,06187540371808745 7,63893873062808E-05
течение 1,9661128563728327 0,0012136499113412547
течь 0 0
толстостенка 4,605170185988092 0,005685395291343323
тон 4,605170185988092 0,0028426976456716615
трава 2,8134107167600364 0,0017366732819506397
требовать 1,4696759700589417 0,0009072073889252727
тсонг 3,912023005428146 0,0024148290156963863
тыквоцветный 4,605170185988092 0,005685395291343323
тычинка 4,605170185988092 0,005685395291343323
удивительный 3,912023005428146 0,004829658031392773
указание 3,912023005428146 0,0024148290156963863
указатель 0 0
украина 1,9661128563728327 0,0024272998226825093
украинский 1,07880966137193 0,0006659318897357593
улучшение 1,4271163556401458 0,00176187204400018
улучшить 1,6607312068216509 0,0010251427202602782
умеренный 3,912023005428146 0,0024148290156963863
университет 1,3470736479666094 0,00166305388637853
уокер 3,912023005428146 0,0024148290156963863
условие 0 0
участие 0 0
участник 0 0
фаллуджия 4,605170185988092 0,011370790582686646
фаллюгия 4,605170185988092 0,0028426976456716615
фармакология 3,912023005428146 0,004829658031392773
фармация 4,605170185988092 0,005685395291343323
февраль 0 0
филогения 4,605170185988092 0,0028426976456716615
философия 0,09431067947124142 0,00011643293761881656
финляндия 2,5257286443082556 0,004677275267237511
финский 1,9661128563728327 0,0036409497340237646
фитогеография 4,605170185988092 0,0028426976456716615
фитохимия 4,605170185988092 0,005685395291343323
фитоценология 4,605170185988092 0,005685395291343323
флор 2,5257286443082556 0,0062363670229833475
флора 4,605170185988092 0,0028426976456716615
флористический 4,605170185988092 0,0028426976456716615
формула 2,8134107167600364 0,0034733465639012794
форум 0 0
фотография 2,659260036932778 0,0016415185413165296
фотосинтез 4,605170185988092 0,005685395291343323
франций 1,7147984280919266 0,0010585175482048929
франция 1,3093333199837622 0,0016164608888688421
французский 0,23572233352106994 0,00014550761328461107
фрукт 3,912023005428146 0,0024148290156963863
фунт 2,995732273553991 0,003698434905622211
хвойный 3,912023005428146 0,004829658031392773
хвощевидный 4,605170185988092 0,005685395291343323
химия 3,506557897319982 0,00432908382385183
хозяйственный 3,912023005428146 0,0024148290156963863
хороший 0,7985076962177716 0,0009858119706392242
хх 1,2729656758128876 0,0007857812813659799
цветковый 4,605170185988092 0,005685395291343323
цветок 2,8134107167600364 0,012156712973654477
цветоложе 4,605170185988092 0,005685395291343323
цветоножка 4,605170185988092 0,005685395291343323
целик 3,912023005428146 0,0024148290156963863
цитология 3,912023005428146 0,00724448704708916
частухоцветный 4,605170185988092 0,005685395291343323
часть 0,5978370007556204 0,00036903518565161754
чешский 1,3862943611198906 0,0008557372599505498
читать 0 0
член 1,7147984280919266 0,0010585175482048929
шаблон 0 0
шведский 1,7147984280919266 0,0021170350964097857
швеция 2,8134107167600364 0,0034733465639012794
шиповник 4,605170185988092 0,005685395291343323
широкий 2,207274913189721 0,0013625153785121736
штат 1,7147984280919266 0,0021170350964097857
шэньчжэнь 4,605170185988092 0,005685395291343323
шэньчжэньский 4,605170185988092 0,0028426976456716615
эволюционный 3,506557897319982 0,010822709559629573
эволюция 3,2188758248682006 0,0019869603857211116
эдварда 2,995732273553991 0,005547652358433317
эдинбургский 4,605170185988092 0,0028426976456716615
экология 2,995732273553991 0,0018492174528111055
экономист 3,912023005428146 0,0024148290156963863
экономический 2,120263536200091 0,0013088046519753648
элемент 0,19845093872383823 0,0002450011589183188
энглер 4,605170185988092 0,005685395291343323
энциклопедия 0 0
эрик 3,506557897319982 0,00432908382385183
эспирит 4,605170185988092 0,0028426976456716615
юго 1,171182981502945 0,0007229524577178673
южный 1,171182981502945 0,0007229524577178673
язык 0 0
японский 1,4696759700589417 0,0009072073889252727
ясноткоцветный 4,605170185988092 0,005685395291343323
ястребинка 4,605170185988092 0,005685395291343323
