август 0 0
августа 0,843970070294529 0,0009689667856423984
автономный 1,6607312068216509 0,0038133896827133203
административный 0,7133498878774648 0,0024570030581313367
аларо 4,605170185988092 0,021148887191678952
алфавит 0 0
альчинас 4,605170185988092 0,010574443595839476
английский 0,37106368139083196 0,0004260203001042847
андрей 1,2039728043259361 0,002764575899715123
андрес 4,605170185988092 0,010574443595839476
апрель 0 0
архив 0,3011050927839216 0,0013828018038297204
архипелаг 3,506557897319982 0,020129494244087155
архитектура 1,1086626245216111 0,0025457235924721267
балеарес 4,605170185988092 0,010574443595839476
балеарский 3,506557897319982 0,19324314474323664
баллиарьес 4,605170185988092 0,005287221797919738
беллетта 4,605170185988092 0,010574443595839476
берег 1,6094379124341003 0,001847804721508726
бьяджини 3,912023005428146 0,008982831240937189
валенсия 2,995732273553991 0,010318251229233034
валеро 4,605170185988092 0,010574443595839476
версия 0 0
вики 1,6094379124341003 0,001847804721508726
википедия 0 0
вильяр 3,506557897319982 0,00805179769763486
вклад 0 0
восточный 0,9162907318741551 0,0010519985440575834
вручить 2,120263536200091 0,002434286493915145
ганида 4,605170185988092 0,010574443595839476
гарсия 2,995732273553991 0,006878834152822023
география 0,083381608939051 0,0001914617886086131
герб 0,7133498878774648 0,0016380020387542246
гимнесия 4,605170185988092 0,010574443595839476
гласить 3,506557897319982 0,00402589884881743
горан 3,506557897319982 0,00805179769763486
греческий 1,4271163556401458 0,004915440949392006
далья 0,3566749439387324 0,00040950050968855615
даниэль 3,2188758248682006 0,007391218886034904
данный 0,1508228897345837 0,00017316060819125566
два 0 0
де 1,1394342831883648 0,003924572731992071
декабрь 0 0
деление 0,9675840262617057 0,003332665991716552
дерево 1,7147984280919266 0,00196876972226398
доисторический 2,659260036932778 0,00610622281729685
дополнить 1,5141277326297755 0,001738378567887228
достопримечательность 1,7147984280919266 0,00393753944452796
древний 1,4696759700589417 0,001687343249206592
европейский 1,1086626245216111 0,0012728617962360633
жан 2,659260036932778 0,00610622281729685
жоан 4,605170185988092 0,010574443595839476
журнал 0 0
заниматься 0 0
запад 0,9162907318741551 0,0010519985440575834
запрос 0,1165338162559516 0,0002675862600595904
заслуга 2,0402208285265546 0,004684778021874982
звезда 1,8325814637483102 0,002103997088115167
знаете 0,06187540371808745 0,00014207899820456362
знак 0 0
ибица 4,605170185988092 0,005287221797919738
ивис 4,605170185988092 0,010574443595839476
избранный 0,083381608939051 0,0002871926829129196
избрать 0 0
известный 0,7765287894989963 0,0008915370717554492
изменение 0 0
изображение 0,06187540371808745 7,103949910228181E-05
интервик 0,9675840262617057 0,0011108886639055176
исидоро 3,912023005428146 0,008982831240937189
искать 0 0
искусство 0,083381608939051 0,0001914617886086131
испания 1,7147984280919266 0,02559400638943174
испанский 0,49429632181478017 0,0034050263270822972
испанско 2,5257286443082556 0,005799606531132619
использование 0 0
история 0 0
источник 0 0
июль 0,9162907318741551 0,00315599563217275
июнь 0 0
кабрер 3,506557897319982 0,00805179769763486
какой 1,8971199848858813 0,002178094127308704
канарский 3,2188758248682006 0,011086828329052355
каро 4,605170185988092 0,010574443595839476
касаться 2,995732273553991 0,0034394170764110114
каталанский 1,8325814637483102 0,008415988352460668
каталония 2,995732273553991 0,010318251229233034
категория 0 0
кб 3,2188758248682006 0,014782437772069808
классический 2,5257286443082556 0,0028998032655663097
книга 0 0
код 0 0
консейсан 3,912023005428146 0,008982831240937189
корень 3,2188758248682006 0,003695609443017452
крепость 1,9661128563728327 0,004514610462394564
кристобаль 3,506557897319982 0,00805179769763486
крупный 1,4271163556401458 0,0016384803164640022
кузахмет 4,605170185988092 0,031723330787518426
культура 0,3566749439387324 0,0008190010193771123
латинский 2,407945608651872 0,0055291517994302455
леонардо 3,2188758248682006 0,007391218886034904
личность 0,127833371509885 0,0001467662129849426
лопес 2,8134107167600364 0,006460185342732575
луис 2,659260036932778 0,00610622281729685
лучший 0 0
май 0 0
майкл 2,995732273553991 0,006878834152822023
максима 2,0402208285265546 0,014054334065624945
мальорка 4,605170185988092 0,02643610898959869
мари 3,506557897319982 0,00805179769763486
март 0 0
марта 0,3566749439387324 0,00040950050968855615
мартин 2,207274913189721 0,005068369490676742
материал 0 0
менорка 4,605170185988092 0,02643610898959869
место 0 0
мигел 4,605170185988092 0,010574443595839476
милоевич 3,506557897319982 0,00805179769763486
миро 0 0
мобильный 0 0
мой 0 0
момент 2,0402208285265546 0,002342389010937491
монтьель 4,605170185988092 0,010574443595839476
море 1,1394342831883648 0,0026163818213280478
моча 0,16251892949777494 0,0001865888972419919
муниципалитет 3,2188758248682006 0,007391218886034904
муньяр 4,605170185988092 0,010574443595839476
навигация 0 0
награда 1,3470736479666094 0,0015465828334863484
нажать 0 0
название 0 0
найти 0 0
написать 0,9942522733438669 0,0011415066284085728
народ 1,4271163556401458 0,0016384803164640022
настоящий 1,6094379124341003 0,001847804721508726
наука 0,05129329438755048 0,00011778023969586793
находиться 0 0
национальный 0,7550225842780328 0,0017336913531068492
начать 0,38566248081198473 0,008855625276968652
начинать 0,1508228897345837 0,0003463212163825113
неделя 1,5141277326297755 0,005215135703661684
некоммерческий 0 0
нечитаемый 1,5606477482646683 0,0053753653786383524
новый 0 0
ноябрь 0 0
оба 3,912023005428146 0,004491415620468594
обсуждение 0 0
общество 0,07257069283483537 0,0001666376414117919
обязательный 0 0
один 0,843970070294529 0,0009689667856423984
октябрь 0 0
описание 0 0
организация 0 0
орден 1,5141277326297755 0,003476757135774456
основной 0 0
остров 1,2039728043259361 0,07187897339259319
ответственность 0 0
отдельный 0 0
отказ 0 0
отсутствовать 0,05129329438755048 0,00017667035954380188
официальный 1,07880966137193 0,0024771748825991504
оценивание 0,1508228897345837 0,0003463212163825113
пабло 2,995732273553991 0,006878834152822023
пальма 4,605170185988092 0,005287221797919738
первый 0 0
перевести 1,7719568419318754 0,002034393618750718
перейти 0 0
персоналия 0,07257069283483537 0,0004165941035294798
печать 0 0
пиренейский 3,506557897319982 0,00402589884881743
плегесуэло 4,605170185988092 0,010574443595839476
пн 0,127833371509885 0,0005870648519397703
подробный 0 0
подтверждать 4,605170185988092 0,005287221797919738
поиск 0 0
политик 0 0
полуостров 1,9661128563728327 0,004514610462394564
получить 0 0
пользоваться 1,9661128563728327 0,002257305231197282
помочь 0,127833371509885 0,0001467662129849426
помощь 0,127833371509885 0,0001467662129849426
портал 0 0
последний 0 0
посмотреть 0 0
потенциальный 1,5141277326297755 0,005215135703661684
правило 1,4696759700589417 0,001687343249206592
править 0 0
правка 0 0
практический 1,8971199848858813 0,002178094127308704
предлагать 0 0
признать 1,7147984280919266 0,00196876972226398
провинция 1,7147984280919266 0,00393753944452796
проект 0 0
происхождение 1,7147984280919266 0,00196876972226398
пункт 1,5606477482646683 0,0035835769190922353
развитие 0,9416085398584451 0,0010810660618351838
раздел 0,9675840262617057 0,0011108886639055176
различный 1,8971199848858813 0,002178094127308704
разработка 1,07880966137193 0,0037157623238987256
разработчик 0 0
регион 0,9942522733438669 0,0011415066284085728
редактор 2,207274913189721 0,002534184745338371
рекарта 3,912023005428146 0,008982831240937189
религия 0,083381608939051 0,0001914617886086131
родственный 0,21072103131565253 0,0002419300015105081
романенко 2,995732273553991 0,006878834152822023
русский 0 0
сабидо 4,605170185988092 0,010574443595839476
самый 0,5447271754416719 0,0006254043346058232
сан 2,302585092994046 0,005287221797919738
сантуери 4,605170185988092 0,010574443595839476
сведение 0 0
свежий 0 0
свободный 0 0
связать 0 0
сентябрь 0 0
система 0 0
случай 0 0
случайный 0 0
смотреть 0 0
событие 0 0
содержание 0,1392620673335076 0,00015988756295465855
создать 0 0
сообщество 0 0
сохранение 0 0
список 0 0
спорт 0,083381608939051 0,0003829235772172262
средиземный 2,659260036932778 0,003053111408648425
ссылаться 0 0
ссылка 0 0
статистик 0 0
стать 0,4620354595965586 0,0005304655104438101
статья 0 0
столица 0,7985076962177716 0,0009167711782063968
страница 0 0
суред 4,605170185988092 0,010574443595839476
существенный 2,0402208285265546 0,002342389010937491
считать 1,8325814637483102 0,002103997088115167
сюд 0 0
текст 0 0
тема 0,7550225842780328 0,0008668456765534246
тематика 1,7147984280919266 0,00196876972226398
теория 1,8971199848858813 0,002178094127308704
техника 0,06187540371808745 0,00014207899820456362
течь 0 0
тогорес 4,605170185988092 0,010574443595839476
тоня 2,995732273553991 0,006878834152822023
транскрипция 2,120263536200091 0,002434286493915145
транспорт 0,9162907318741551 0,002103997088115167
указатель 0 0
улучшить 1,6607312068216509 0,0019066948413566601
ум 3,506557897319982 0,00805179769763486
условие 0 0
устав 3,2188758248682006 0,003695609443017452
уходить 3,2188758248682006 0,003695609443017452
участие 0 0
участник 0 0
февраль 0 0
фелип 3,506557897319982 0,00805179769763486
философия 0,09431067947124142 0,00021655724333235688
форментер 4,605170185988092 0,010574443595839476
форум 0 0
французский 0,23572233352106994 0,0002706341372228128
ханс 3,506557897319982 0,00805179769763486
хаум 4,605170185988092 0,010574443595839476
хосе 2,407945608651872 0,0055291517994302455
хулио 3,912023005428146 0,008982831240937189
целый 1,7719568419318754 0,002034393618750718
читать 0 0
шаблон 0 0
элемент 0,19845093872383823 0,0004556852783555413
эндемик 3,912023005428146 0,008982831240937189
энциклопедия 0 0
являться 0,3424903089467759 0,0007864301009110813
язык 0 0
якоб 3,912023005428146 0,008982831240937189
январь 0,6733445532637655 0,003092282678593642
