август 0 0
авиатор 4,605170185988092 0,003041724033017234
австразия 4,605170185988092 0,006083448066034468
австрийский 3,2188758248682006 0,004252147721094056
административный 0,7133498878774648 0,0018846760578004353
албанский 2,995732273553991 0,001978687102743719
александровна 2,659260036932778 0,001756446523733671
алфавит 0 0
альберт 3,2188758248682006 0,010630369302735141
альтернатива 4,605170185988092 0,006083448066034468
альянс 3,912023005428146 0,005167797893564262
английский 0,37106368139083196 0,00024508829682353496
андрющенко 4,605170185988092 0,006083448066034468
апрель 0 0
арабский 0,38566248081198473 0,00025473083276881424
арденна 3,912023005428146 0,002583898946782131
арденнский 4,605170185988092 0,006083448066034468
армянский 1,8325814637483102 0,0012104236880768231
архив 0,3011050927839216 0,001591044083402492
архитектор 2,5257286443082556 0,0033364975486238515
атребат 4,605170185988092 0,006083448066034468
африканский 2,120263536200091 0,001400438266974961
баарл 4,605170185988092 0,006083448066034468
баварский 3,506557897319982 0,0023160884394451665
баскур 3,912023005428146 0,005167797893564262
баттис 4,605170185988092 0,006083448066034468
белг 3,912023005428146 0,005167797893564262
белгик 4,605170185988092 0,006083448066034468
белловак 4,605170185988092 0,006083448066034468
бельгиец 3,506557897319982 0,006948265318335499
бельгийский 3,2188758248682006 0,059530068095316795
бельгия 2,8134107167600364 0,25829860609619887
битва 1,8971199848858813 0,010024412073373217
близ 2,5257286443082556 0,0016682487743119258
блюдо 3,2188758248682006 0,004252147721094056
бовить 4,605170185988092 0,006083448066034468
бодуэн 4,605170185988092 0,003041724033017234
бойня 4,605170185988092 0,006083448066034468
большой 1,1086626245216111 0,0014645477206362103
борьба 1,8325814637483102 0,0024208473761536463
брабант 4,605170185988092 0,006083448066034468
брат 2,302585092994046 0,001520862016508617
брюсселизация 4,605170185988092 0,003041724033017234
брюссель 4,605170185988092 0,02433379226413787
брюссельский 4,605170185988092 0,0182503441981034
бульон 3,912023005428146 0,005167797893564262
бургомистр 4,605170185988092 0,006083448066034468
бургундский 3,912023005428146 0,005167797893564262
валлония 4,605170185988092 0,0091251720990517
валлонский 4,605170185988092 0,006083448066034468
ван 2,8134107167600364 0,003716526706420127
варегем 4,605170185988092 0,006083448066034468
ватерлоо 4,605170185988092 0,006083448066034468
вафля 4,605170185988092 0,006083448066034468
век 0,5108256237659907 0,000337401336701447
версия 0 0
виандный 3,912023005428146 0,005167797893564262
викиновость 1,0216512475319812 0,0006748026734028938
википедия 0 0
викисклад 0,5798184952529422 0,00038297126502836337
викисловарь 1,4271163556401458 0,0009426131807398585
викитек 1,1394342831883648 0,0007525986018417205
викицитатник 0,9675840262617057 0,0006390911666193565
вклад 0 0
владение 2,659260036932778 0,001756446523733671
влияние 2,302585092994046 0,001520862016508617
вносить 2,659260036932778 0,001756446523733671
военный 1,0498221244986776 0,001386819186920314
восток 0,7985076962177716 0,0010548318311991698
восточный 0,9162907318741551 0,0012104236880768231
вступление 2,659260036932778 0,001756446523733671
второй 1,2378743560016172 0,0016352369299889263
входной 3,506557897319982 0,0023160884394451665
газа 3,2188758248682006 0,004252147721094056
гегемония 4,605170185988092 0,006083448066034468
генрих 2,5257286443082556 0,0033364975486238515
гент 4,605170185988092 0,006083448066034468
география 0,083381608939051 0,00027536858962698483
герб 0,7133498878774648 0,0009423380289002176
германий 2,207274913189721 0,0014579094538901725
германия 1,9661128563728327 0,0077917286249914106
герцог 3,506557897319982 0,004632176878890333
герцогиня 3,912023005428146 0,002583898946782131
герцогство 3,2188758248682006 0,012756443163282168
гимн 1,2378743560016172 0,0016352369299889263
главный 1,9661128563728327 0,0012986214374985684
гогенцоллерна 4,605170185988092 0,003041724033017234
год 0,6348782724359695 0,00041933835695902874
голландия 3,506557897319982 0,0023160884394451665
гор 1,5141277326297755 0,0010000843676550696
город 0,3424903089467759 0,0013572931662355716
горчичный 3,912023005428146 0,002583898946782131
гостиная 4,605170185988092 0,003041724033017234
государственный 0,7765287894989963 0,004616089237444496
государство 0,6733445532637655 0,0022237270583347606
готский 4,605170185988092 0,003041724033017234
гражданство 4,605170185988092 0,006083448066034468
граница 1,4271163556401458 0,001885226361479717
граничить 1,1394342831883648 0,0007525986018417205
граф 2,8134107167600364 0,007433053412840254
графство 2,8134107167600364 0,007433053412840254
гробница 3,2188758248682006 0,002126073860547028
гуманистический 4,605170185988092 0,006083448066034468
гюстава 4,605170185988092 0,006083448066034468
д 1,5141277326297755 0,003000253102965209
давний 4,605170185988092 0,003041724033017234
дал 2,407945608651872 0,001590452845873099
далья 0,3566749439387324 0,0004711690144501088
дама 3,506557897319982 0,0023160884394451665
данный 0,1508228897345837 9,961881752614511E-05
два 0 0
дверь 3,912023005428146 0,005167797893564262
движение 1,6094379124341003 0,002126073860547028
декабрь 0 0
деление 0,9675840262617057 0,0019172734998580694
демократ 3,912023005428146 0,005167797893564262
демократический 1,9661128563728327 0,005194485749994274
деревня 1,8325814637483102 0,0024208473761536463
деятель 1,5141277326297755 0,0020001687353101393
джозеф 2,8134107167600364 0,003716526706420127
династия 2,0402208285265546 0,0026951397999029785
дичь 4,605170185988092 0,006083448066034468
дом 1,3470736479666094 0,004448724068581934
домашний 2,302585092994046 0,001520862016508617
доработка 2,5257286443082556 0,0016682487743119258
дочь 2,407945608651872 0,001590452845873099
древнейший 2,407945608651872 0,001590452845873099
дэвид 2,407945608651872 0,003180905691746198
дюбуа 4,605170185988092 0,006083448066034468
европа 0,8915981192837835 0,004122316271457388
европейский 1,1086626245216111 0,0014645477206362103
евросоюз 4,605170185988092 0,003041724033017234
елизавета 2,995732273553991 0,001978687102743719
ес 3,506557897319982 0,004632176878890333
жанна 4,605170185988092 0,006083448066034468
жениться 3,506557897319982 0,0023160884394451665
живой 2,659260036932778 0,003512893047467342
житель 1,7147984280919266 0,0011326277596379964
журнал 0 0
журналист 3,912023005428146 0,002583898946782131
заметный 2,8134107167600364 0,0018582633532100636
заниматься 0 0
запад 0,9162907318741551 0,0012104236880768231
западный 0,9942522733438669 0,000656705596660414
запрос 0,1165338162559516 0,0003078832661980227
зигмаринген 4,605170185988092 0,003041724033017234
знаете 0,06187540371808745 8,17376535245541E-05
знак 0 0
знаменит 4,605170185988092 0,003041724033017234
золотой 1,4696759700589417 0,0019414477807912043
зюлте 4,605170185988092 0,006083448066034468
играть 2,120263536200091 0,001400438266974961
избранный 0,083381608939051 0,00022029487170158784
избрать 0 0
известный 0,7765287894989963 0,0005128988041604995
изделие 2,995732273553991 0,001978687102743719
изменение 0 0
изображение 0,06187540371808745 0,0001634753070491082
иметь 0,616186139423817 0,0008139843321318586
инженер 3,2188758248682006 0,002126073860547028
интерес 2,659260036932778 0,003512893047467342
ипр 4,605170185988092 0,0182503441981034
иприт 4,605170185988092 0,003041724033017234
искать 0 0
искусство 0,083381608939051 0,00011014743585079392
испанский 0,49429632181478017 0,0003264837000097623
использование 0 0
использовать 1,4271163556401458 0,001885226361479717
исторический 1,2378743560016172 0,0016352369299889263
история 0 0
источник 0 0
итальянский 0,7339691750802005 0,00048478809450475596
июнь 0 0
кантон 3,912023005428146 0,005167797893564262
карл 1,9661128563728327 0,0012986214374985684
картофель 3,506557897319982 0,0023160884394451665
категория 0 0
квартал 3,506557897319982 0,0023160884394451665
кельт 4,605170185988092 0,006083448066034468
киесель 4,605170185988092 0,006083448066034468
клуб 1,7719568419318754 0,0023407620104780387
км 0,8209805520698303 0,0005422592814199672
книга 0 0
кобург 4,605170185988092 0,006083448066034468
код 0 0
колония 1,8325814637483102 0,003631271064230469
комикс 3,2188758248682006 0,002126073860547028
конго 2,659260036932778 0,008782232618668355
конституционный 2,659260036932778 0,003512893047467342
конфликтовать 4,605170185988092 0,003041724033017234
королевский 2,5257286443082556 0,0016682487743119258
королевство 1,6094379124341003 0,004252147721094056
король 1,7147984280919266 0,010193649836741968
костюм 2,8134107167600364 0,0018582633532100636
красный 0,7765287894989963 0,001025797608320999
кулинарный 3,912023005428146 0,002583898946782131
культура 0,3566749439387324 0,0004711690144501088
куртрер 4,605170185988092 0,006083448066034468
кухня 2,302585092994046 0,02433379226413787
ле 3,2188758248682006 0,002126073860547028
леди 3,912023005428146 0,005167797893564262
леопольда 3,912023005428146 0,012919494733910655
либерал 3,912023005428146 0,005167797893564262
либеральный 3,2188758248682006 0,008504295442188113
лимбург 4,605170185988092 0,006083448066034468
лимбургский 4,605170185988092 0,006083448066034468
личность 0,127833371509885 0,0001688683903697292
личный 2,5257286443082556 0,0016682487743119258
луи 2,995732273553991 0,003957374205487438
лучший 0 0
льежский 4,605170185988092 0,0091251720990517
люксембург 4,605170185988092 0,012166896132068936
май 0 0
макарий 4,605170185988092 0,006083448066034468
мальмедь 4,605170185988092 0,006083448066034468
мальчик 3,506557897319982 0,004632176878890333
мареваль 4,605170185988092 0,006083448066034468
марина 3,2188758248682006 0,002126073860547028
мария 1,6607312068216509 0,001096916252854459
маролла 4,605170185988092 0,006083448066034468
март 0 0
марш 3,912023005428146 0,002583898946782131
масон 4,605170185988092 0,003041724033017234
материал 0 0
менапия 4,605170185988092 0,006083448066034468
мероветь 4,605170185988092 0,003041724033017234
меровинг 4,605170185988092 0,006083448066034468
место 0 0
миро 0 0
млн 1,8325814637483102 0,0024208473761536463
мобильный 0 0
мой 0 0
монархия 2,8134107167600364 0,005574790059630191
моника 3,912023005428146 0,005167797893564262
море 1,1394342831883648 0,001505197203683441
морепродукт 4,605170185988092 0,003041724033017234
мореснуть 4,605170185988092 0,006083448066034468
морин 4,605170185988092 0,006083448066034468
москва 1,4271163556401458 0,001885226361479717
моча 0,16251892949777494 0,00010734407496550525
мужавамарий 3,912023005428146 0,005167797893564262
муниципалитет 3,2188758248682006 0,004252147721094056
навигация 0 0
нажать 0 0
название 0 0
назвать 1,9661128563728327 0,0012986214374985684
называть 1,6607312068216509 0,001096916252854459
найти 0 0
население 0,5108256237659907 0,0010122040101043408
наследник 3,912023005428146 0,002583898946782131
наследство 3,912023005428146 0,005167797893564262
настолько 3,912023005428146 0,002583898946782131
настоящий 1,6094379124341003 0,001063036930273514
нато 2,995732273553991 0,003957374205487438
наука 0,05129329438755048 0,00013551729032377935
находиться 0 0
национальный 0,7550225842780328 0,001496081738992139
начинать 0,1508228897345837 0,00019923763505229022
небольшой 1,9661128563728327 0,0012986214374985684
некоммерческий 0 0
немецкий 0,5108256237659907 0,0010122040101043408
немецкоязычный 4,605170185988092 0,006083448066034468
неоднократный 3,506557897319982 0,0023160884394451665
нетронутый 4,605170185988092 0,003041724033017234
нефшато 4,605170185988092 0,006083448066034468
нидерланд 2,207274913189721 0,024784460716132932
нидерландский 4,605170185988092 0,012166896132068936
никитин 2,995732273553991 0,003957374205487438
николаевич 1,5606477482646683 0,0020616218603232077
новый 0 0
носить 1,6094379124341003 0,001063036930273514
ноябрь 0 0
обин 4,605170185988092 0,006083448066034468
область 0,7765287894989963 0,0005128988041604995
обнаружить 2,407945608651872 0,001590452845873099
образование 0,7339691750802005 0,00048478809450475596
обсуждение 0 0
общество 0,07257069283483537 0,00019173234566667206
объявить 2,207274913189721 0,0014579094538901725
обязательный 0 0
оказать 2,995732273553991 0,001978687102743719
оказаться 2,407945608651872 0,001590452845873099
окончить 2,407945608651872 0,001590452845873099
октябрь 0 0
омываться 2,302585092994046 0,001520862016508617
оон 3,2188758248682006 0,004252147721094056
операция 1,9661128563728327 0,002597242874997137
описание 0 0
определять 4,605170185988092 0,006083448066034468
организация 0 0
орден 1,5141277326297755 0,0020001687353101393
основной 0 0
основный 1,8325814637483102 0,0012104236880768231
ответственность 0 0
отдельный 0 0
отец 1,7719568419318754 0,0011703810052390194
отказ 0 0
отсутствовать 0,05129329438755048 0,0006775864516188968
официальный 1,07880966137193 0,0014251118380078337
оценивание 0,1508228897345837 0,00019923763505229022
очередь 2,995732273553991 0,001978687102743719
паас 4,605170185988092 0,006083448066034468
параллельный 3,912023005428146 0,002583898946782131
партия 1,8325814637483102 0,009683389504614585
пашендейл 4,605170185988092 0,006083448066034468
первый 0 0
перевести 1,7719568419318754 0,0011703810052390194
перейти 0 0
персоналия 0,07257069283483537 0,00023966543208334007
печать 0 0
пиво 4,605170185988092 0,012166896132068936
писатель 2,207274913189721 0,0014579094538901725
писать 2,0402208285265546 0,0013475698999514893
племянник 3,506557897319982 0,0023160884394451665
площадь 1,07880966137193 0,0007125559190039168
пн 0,127833371509885 0,0003377367807394584
подробный 0 0
поиск 0 0
политик 0 0
политический 1,2039728043259361 0,0031809056917461984
получить 0 0
помимо 2,659260036932778 0,001756446523733671
помочь 0,127833371509885 8,44341951848646E-05
портал 0 0
портрет 2,995732273553991 0,003957374205487438
португальский 0,49429632181478017 0,0003264837000097623
последний 0 0
посмотреть 0 0
поэт 1,8971199848858813 0,0012530515091716521
поэтом 2,8134107167600364 0,0018582633532100636
править 0 0
правка 0 0
правление 2,659260036932778 0,001756446523733671
право 0,843970070294529 0,0011148878075224954
превышать 2,995732273553991 0,001978687102743719
предлагать 0 0
предпочитать 3,912023005428146 0,002583898946782131
преобладать 3,506557897319982 0,0023160884394451665
престол 2,995732273553991 0,003957374205487438
прибрежный 2,8134107167600364 0,0018582633532100636
приключение 3,506557897319982 0,004632176878890333
принадлежность 3,506557897319982 0,0023160884394451665
принцесса 2,8134107167600364 0,0018582633532100636
природа 1,07880966137193 0,0014251118380078337
провинция 1,7147984280919266 0,0045305110385519855
прогрессивный 3,912023005428146 0,005167797893564262
продукт 2,8134107167600364 0,003716526706420127
проект 0 0
происходить 1,9661128563728327 0,0012986214374985684
простой 3,2188758248682006 0,002126073860547028
пьер 3,2188758248682006 0,004252147721094056
работа 0,9942522733438669 0,000656705596660414
разделить 2,8134107167600364 0,003716526706420127
различие 3,912023005428146 0,002583898946782131
размер 2,8134107167600364 0,003716526706420127
разойтись 4,605170185988092 0,003041724033017234
разработчик 0 0
район 1,171182981502945 0,0007735686799887352
ракетка 4,605170185988092 0,003041724033017234
ранний 1,8971199848858813 0,0012530515091716521
располагаться 2,207274913189721 0,0014579094538901725
ратуша 4,605170185988092 0,003041724033017234
революция 2,120263536200091 0,005601753067899844
регион 0,9942522733438669 0,006567055966604141
региональный 3,2188758248682006 0,004252147721094056
резонанс 4,605170185988092 0,003041724033017234
рексизм 4,605170185988092 0,006083448066034468
религия 0,083381608939051 0,00011014743585079392
реми 3,506557897319982 0,004632176878890333
ремонтный 4,605170185988092 0,003041724033017234
ресторанный 4,605170185988092 0,003041724033017234
реформистский 4,605170185988092 0,006083448066034468
римский 2,407945608651872 0,003180905691746198
родственный 0,21072103131565253 0,00013918165872896468
руанда 3,2188758248682006 0,004252147721094056
ругательный 4,605170185988092 0,003041724033017234
руно 4,605170185988092 0,006083448066034468
русский 0 0
рыба 2,5257286443082556 0,0033364975486238515
саксный 3,912023005428146 0,005167797893564262
самый 0,5447271754416719 0,0003597933787593606
сведение 0 0
свежий 0 0
свидетельство 3,2188758248682006 0,002126073860547028
свободный 0 0
связать 0 0
север 1,0216512475319812 0,0006748026734028938
северный 1,1086626245216111 0,0014645477206362103
северо 1,6094379124341003 0,002126073860547028
сезонный 4,605170185988092 0,003041724033017234
сентябрь 0 0
сергеевич 2,302585092994046 0,003041724033017234
сергей 1,8325814637483102 0,0024208473761536463
середина 2,120263536200091 0,001400438266974961
серия 2,207274913189721 0,0014579094538901725
серрюзие 4,605170185988092 0,006083448066034468
сила 0,9416085398584451 0,0024877372255176886
символ 0,9416085398584451 0,0018658029191382663
система 0 0
слово 1,5606477482646683 0,0010308109301616038
сложный 3,506557897319982 0,0023160884394451665
служить 2,0402208285265546 0,0013475698999514893
случай 0 0
случайный 0 0
смертельный 3,912023005428146 0,002583898946782131
смерть 1,8325814637483102 0,0012104236880768231
смотреть 0 0
событие 0 0
содержание 0,1392620673335076 9,198287142239604E-05
создание 0,8675005677047231 0,001718957531779504
создать 0 0
сообщество 0 0
сопровождаться 3,912023005428146 0,002583898946782131
соседний 3,2188758248682006 0,002126073860547028
состоять 1,7719568419318754 0,0011703810052390194
сохранение 0 0
социалистический 1,9661128563728327 0,0077917286249914106
сочетать 3,912023005428146 0,002583898946782131
союз 1,4696759700589417 0,0009707238903956021
список 0 0
спорт 0,083381608939051 0,00011014743585079392
сражение 2,8134107167600364 0,003716526706420127
среди 1,4696759700589417 0,0009707238903956021
средневековый 2,659260036932778 0,001756446523733671
среднее 2,120263536200091 0,001400438266974961
ссылаться 0 0
ссылка 0 0
старший 2,407945608651872 0,001590452845873099
статистик 0 0
стать 0,4620354595965586 0,00030517533658953676
статья 0 0
столица 0,7985076962177716 0,0005274159155995849
столичный 3,2188758248682006 0,008504295442188113
страна 0,43078291609245434 0,0008535989090339253
страница 0 0
стрепать 4,605170185988092 0,006083448066034468
существование 2,5257286443082556 0,0016682487743119258
считаться 1,5141277326297755 0,0010000843676550696
сын 1,6607312068216509 0,002193832505708918
сытный 4,605170185988092 0,003041724033017234
сюд 0 0
такой 1,7147984280919266 0,0022652555192759927
тантан 4,605170185988092 0,006083448066034468
текст 0 0
теннис 2,8134107167600364 0,0018582633532100636
теннисный 4,605170185988092 0,003041724033017234
тереза 4,605170185988092 0,006083448066034468
территориальный 2,407945608651872 0,001590452845873099
техника 0,06187540371808745 0,0001634753070491082
течь 0 0
тираж 3,2188758248682006 0,002126073860547028
титул 2,659260036932778 0,003512893047467342
токсандрия 4,605170185988092 0,006083448066034468
традиция 1,8971199848858813 0,0025061030183433043
требовать 1,4696759700589417 0,0009707238903956021
турне 3,912023005428146 0,005167797893564262
тусс 4,605170185988092 0,006083448066034468
указатель 0 0
украинский 1,07880966137193 0,0007125559190039168
улица 1,8971199848858813 0,0012530515091716521
уничтожение 2,8134107167600364 0,0018582633532100636
урундить 4,605170185988092 0,006083448066034468
условие 0 0
устроить 3,912023005428146 0,002583898946782131
устройство 1,3470736479666094 0,00266923444114916
участие 0 0
участник 0 0
февраль 0 0
федерация 1,4271163556401458 0,001885226361479717
филипп 2,659260036932778 0,003512893047467342
философия 0,09431067947124142 0,0001245847813358539
флаг 0,8675005677047231 0,0011459716878530028
фламандский 4,605170185988092 0,042584136462241275
фландрия 4,605170185988092 0,0091251720990517
фландрский 4,605170185988092 0,012166896132068936
фон 1,9661128563728327 0,002597242874997137
форма 1,6607312068216509 0,002193832505708918
форт 2,8134107167600364 0,014866106825680509
форум 0 0
фр 2,407945608651872 0,001590452845873099
франк 2,995732273553991 0,005936061308231157
франкский 4,605170185988092 0,003041724033017234
франций 1,7147984280919266 0,0011326277596379964
франция 1,3093333199837622 0,009512989775311351
французский 0,23572233352106994 0,0012455605470069746
фредерика 2,995732273553991 0,003957374205487438
фридрих 2,995732273553991 0,001978687102743719
фронт 2,120263536200091 0,002800876533949922
фря 4,605170185988092 0,006083448066034468
футболист 1,8971199848858813 0,0025061030183433043
футбольный 1,9661128563728327 0,0012986214374985684
халтерный 4,605170185988092 0,006083448066034468
хеймсон 4,605170185988092 0,006083448066034468
хильдерик 4,605170185988092 0,003041724033017234
хлодвиг 4,605170185988092 0,003041724033017234
хороший 0,7985076962177716 0,0005274159155995849
храниться 3,506557897319982 0,0023160884394451665
христианский 2,659260036932778 0,007025786094934684
художник 1,9661128563728327 0,002597242874997137
целый 1,7719568419318754 0,0011703810052390194
центр 0,8915981192837835 0,001177804648987825
церковь 1,4271163556401458 0,0009426131807398585
частное 4,605170185988092 0,003041724033017234
чел 2,0402208285265546 0,0013475698999514893
чемпионат 1,4696759700589417 0,0009707238903956021
чешский 1,3862943611198906 0,0009156501724702052
численность 1,9661128563728327 0,0012986214374985684
читать 0 0
член 1,7147984280919266 0,0011326277596379964
шаблон 0 0
ширль 3,912023005428146 0,005167797893564262
школа 1,8325814637483102 0,0012104236880768231
шоколад 3,506557897319982 0,004632176878890333
эбен 4,605170185988092 0,006083448066034468
эбурон 4,605170185988092 0,006083448066034468
экземпляр 2,8134107167600364 0,0018582633532100636
эколо 4,605170185988092 0,006083448066034468
экономика 0,7550225842780328 0,0009973878259947593
элемент 0,19845093872383823 0,00026215447651761986
элена 3,912023005428146 0,005167797893564262
эмаль 4,605170185988092 0,006083448066034468
эно 4,605170185988092 0,006083448066034468
энциклопедия 0 0
эржа 4,605170185988092 0,006083448066034468
ювелир 4,605170185988092 0,003041724033017234
юг 1,0216512475319812 0,0006748026734028938
юго 1,171182981502945 0,0007735686799887352
южный 1,171182981502945 0,0015471373599774704
юрист 2,5257286443082556 0,0016682487743119258
явление 2,407945608651872 0,001590452845873099
являться 0,3424903089467759 0,0002262155277059286
язык 0 0
языковой 3,912023005428146 0,005167797893564262
