авамер 4,605170185988092 0,010722165741532227
август 0 0
автономный 1,6607312068216509 0,003866661715533529
агбар 4,605170185988092 0,010722165741532227
александровна 2,659260036932778 0,006191525115093778
алиу 4,605170185988092 0,010722165741532227
алфавит 0 0
английский 0,37106368139083196 0,0004319716896284423
андрей 1,2039728043259361 0,0028031962848100956
апрель 0 0
арабский 0,38566248081198473 0,0004489667995482942
архив 0,3011050927839216 0,0014021191747796116
архитектура 1,1086626245216111 0,0025812866694333203
балеарский 3,506557897319982 0,012246418733364314
барселона 3,912023005428146 0,2914662076221203
барселонский 4,605170185988092 0,010722165741532227
башня 2,8134107167600364 0,006550432402235242
беранковый 4,605170185988092 0,010722165741532227
бесос 4,605170185988092 0,010722165741532227
бурешов 4,605170185988092 0,010722165741532227
вавров 4,605170185988092 0,010722165741532227
важнейший 2,5257286443082556 0,002940312740754663
валенсия 2,995732273553991 0,01046239443616062
васькин 4,605170185988092 0,010722165741532227
версия 0 0
вид 1,0498221244986776 0,0024442889976686324
вики 1,6094379124341003 0,001873618058712573
википедия 0 0
вилпарт 4,605170185988092 0,010722165741532227
виркус 4,605170185988092 0,010722165741532227
вклад 0 0
водный 2,5257286443082556 0,005880625481509326
восток 0,7985076962177716 0,0009295782260975222
вручить 2,120263536200091 0,0024682928244471373
всемирный 1,6607312068216509 0,0019333308577667645
входить 1,2378743560016172 0,0014410644423767372
вячеслав 3,2188758248682006 0,007494472234850292
гана 3,2188758248682006 0,014988944469700585
география 0,083381608939051 0,00038827291706193713
герб 0,7133498878774648 0,0016608844886553313
горный 1,8971199848858813 0,002208521519075531
город 0,3424903089467759 0,0031896652754065274
граница 1,4271163556401458 0,003322738895553308
гряда 3,912023005428146 0,004554159494095629
далья 0,3566749439387324 0,00041522112216383283
данный 0,1508228897345837 0,00017557961552338032
два 0 0
декабрь 0 0
дерево 1,7147984280919266 0,001996272908139612
дивонин 4,605170185988092 0,010722165741532227
дополнить 1,5141277326297755 0,0017626632510241856
достопримечательность 1,7147984280919266 0,003992545816279224
европейский 1,1086626245216111 0,0038719300041499807
елена 2,407945608651872 0,00560639256962019
жаков 4,605170185988092 0,010722165741532227
жизл 2,5257286443082556 0,005880625481509326
житель 1,7147984280919266 0,001996272908139612
журнал 0 0
заниматься 0 0
запрос 0,1165338162559516 0,00027132436846554506
заслуга 2,0402208285265546 0,004750223116476262
звезда 1,8325814637483102 0,0021333893640841793
знаете 0,06187540371808745 0,00014406380376737475
знак 0 0
иберийский 3,912023005428146 0,009108318988191259
иврит 1,6607312068216509 0,0019333308577667645
игра 1,5606477482646683 0,0036336385291377607
избранный 0,083381608939051 0,00029120468779645286
избрать 0 0
изменение 0 0
изображение 0,06187540371808745 7,203190188368738E-05
интервик 0,9675840262617057 0,0011264074810962814
ирена 3,912023005428146 0,009108318988191259
искать 0 0
искусство 0,083381608939051 0,00019413645853096856
исп 1,9661128563728327 0,002288839180876406
испания 1,7147984280919266 0,02195900198953573
испанский 0,49429632181478017 0,0017262968165824685
использование 0 0
история 0 0
источник 0 0
июнь 0 0
какой 1,8971199848858813 0,002208521519075531
кат 3,2188758248682006 0,007494472234850292
каталанский 1,8325814637483102 0,006400168092252538
каталанско 4,605170185988092 0,010722165741532227
каталония 2,995732273553991 0,0174373240602677
категория 0 0
кафков 4,605170185988092 0,010722165741532227
км 0,8209805520698303 0,002867219623061107
книга 0 0
ковачов 4,605170185988092 0,010722165741532227
код 0 0
кольсерол 4,605170185988092 0,010722165741532227
крупнейший 1,2039728043259361 0,0014015981424050478
культура 0,3566749439387324 0,0008304422443276657
культурный 1,5141277326297755 0,0017626632510241856
кургайцовый 4,605170185988092 0,010722165741532227
легкоатлетка 4,605170185988092 0,010722165741532227
ленок 4,605170185988092 0,010722165741532227
летний 1,7147984280919266 0,003992545816279224
ликоу 4,605170185988092 0,010722165741532227
личность 0,127833371509885 0,00014881649768321885
лоукотов 4,605170185988092 0,010722165741532227
лутошкин 4,605170185988092 0,010722165741532227
лучший 0 0
льобрегат 4,605170185988092 0,010722165741532227
любица 4,605170185988092 0,010722165741532227
мадрид 3,2188758248682006 0,01873618058712573
май 0 0
марек 3,506557897319982 0,008164279155576208
март 0 0
марта 0,3566749439387324 0,0053978745881298265
мартин 2,207274913189721 0,005139173255389339
маршрут 3,2188758248682006 0,003747236117425146
материал 0 0
международный 0,9942522733438669 0,002314906340730773
место 0 0
миро 0 0
михаэл 4,605170185988092 0,021444331483064454
млн 1,8325814637483102 0,004266778728168359
мобильный 0 0
мой 0 0
море 1,1394342831883648 0,005305863949654784
моча 0,16251892949777494 0,00018919549417668793
муниципалитет 3,2188758248682006 0,007494472234850292
навигация 0 0
награда 1,3470736479666094 0,0015681881815676477
нажать 0 0
название 0 0
найти 0 0
написать 0,9942522733438669 0,0011574531703653864
население 0,5108256237659907 0,0011893495314691286
насчитывать 2,659260036932778 0,003095762557546889
наука 0,05129329438755048 0,00011942559810838296
находиться 0 0
национальный 0,7550225842780328 0,0017579105571083418
начать 0,38566248081198473 0,008979335990965885
начинать 0,1508228897345837 0,00035115923104676064
неделя 1,5141277326297755 0,005287989753072557
некоммерческий 0 0
нечитаемый 1,5606477482646683 0,005450457793706642
никол 3,2188758248682006 0,007494472234850292
новотников 4,605170185988092 0,010722165741532227
новый 0 0
ноябрь 0 0
область 0,7765287894989963 0,0009039916059359677
образование 0,7339691750802005 0,0017088921422123411
обсуждение 0 0
общество 0,07257069283483537 0,00016896552464455266
обязательный 0 0
октябрь 0 0
олимпийский 1,7719568419318754 0,004125627105778522
описание 0 0
организация 0 0
орден 1,5141277326297755 0,0035253265020483713
основной 0 0
остров 1,2039728043259361 0,004204794427215144
ответственность 0 0
отдельный 0 0
отказ 0 0
отсутствовать 0,05129329438755048 0,00023885119621676592
оценивание 0,1508228897345837 0,00035115923104676064
первый 0 0
перевести 1,7719568419318754 0,002062813552889261
перейти 0 0
персоналия 0,07257069283483537 0,0004224138116113817
печать 0 0
пиреней 3,912023005428146 0,009108318988191259
плато 3,506557897319982 0,004082139577788104
пн 0,127833371509885 0,0007440824884160943
побережье 1,8971199848858813 0,002208521519075531
подробный 0 0
поиск 0 0
политик 0 0
полуостров 1,9661128563728327 0,004577678361752812
получить 0 0
пользоваться 1,9661128563728327 0,002288839180876406
помочь 0,127833371509885 0,00014881649768321885
помощь 0,127833371509885 0,00014881649768321885
порт 1,8325814637483102 0,0021333893640841793
портал 0 0
последний 0 0
посмотреть 0 0
потенциальный 1,5141277326297755 0,005287989753072557
правило 1,4696759700589417 0,0017109149826064513
править 0 0
правка 0 0
практический 1,8971199848858813 0,002208521519075531
предлагать 0 0
приблизительно 2,995732273553991 0,00348746481205354
пригород 3,506557897319982 0,004082139577788104
прийт 4,605170185988092 0,010722165741532227
принимать 2,302585092994046 0,0026805414353830567
провинция 1,7147984280919266 0,003992545816279224
проект 0 0
проживать 2,302585092994046 0,0026805414353830567
промышленный 2,5257286443082556 0,002940312740754663
проходить 1,5141277326297755 0,0035253265020483713
пункт 1,5606477482646683 0,005450457793706642
развитие 0,9416085398584451 0,0010961682652601223
раздел 0,9675840262617057 0,0011264074810962814
разработка 1,07880966137193 0,003767670528656333
разработчик 0 0
расположить 0,9162907318741551 0,0010666946820420897
редактор 2,207274913189721 0,0025695866276946697
река 1,1086626245216111 0,0038719300041499807
религия 0,083381608939051 0,00019413645853096856
рената 4,605170185988092 0,010722165741532227
родственный 0,21072103131565253 0,00024530969885407745
роман 1,4696759700589417 0,0034218299652129026
русский 0 0
сведение 0 0
свежий 0 0
свенссон 4,605170185988092 0,010722165741532227
свободный 0 0
связать 0 0
север 1,0216512475319812 0,0023786990629382568
северо 1,6094379124341003 0,001873618058712573
сентябрь 0 0
система 0 0
случай 0 0
случайный 0 0
смотреть 0 0
событие 0 0
содержание 0,1392620673335076 0,0001621211493987283
создать 0 0
сообщество 0 0
составлять 1,6094379124341003 0,001873618058712573
соукупов 4,605170185988092 0,010722165741532227
сохранение 0 0
союз 1,4696759700589417 0,006843659930425805
список 0 0
спорт 0,083381608939051 0,0005824093755929057
средиземноморский 4,605170185988092 0,005361082870766113
средиземный 2,659260036932778 0,006191525115093778
ссылаться 0 0
ссылка 0 0
стайкович 3,912023005428146 0,009108318988191259
статистик 0 0
стать 0,4620354595965586 0,001075751943181743
статья 0 0
столица 0,7985076962177716 0,0018591564521950445
страна 0,43078291609245434 0,0005014934995255581
страница 0 0
существенный 2,0402208285265546 0,002375111558238131
считать 1,8325814637483102 0,0021333893640841793
сюд 0 0
тармо 4,605170185988092 0,010722165741532227
тасан 4,605170185988092 0,010722165741532227
текст 0 0
тема 0,7550225842780328 0,0008789552785541709
тематика 1,7147984280919266 0,001996272908139612
техника 0,06187540371808745 0,00014406380376737475
течь 0 0
тоомас 4,605170185988092 0,010722165741532227
торговый 2,995732273553991 0,00348746481205354
транскрипция 2,120263536200091 0,0024682928244471373
транспорт 0,9162907318741551 0,0021333893640841793
туристический 3,2188758248682006 0,003747236117425146
уильямсон 4,605170185988092 0,010722165741532227
указатель 0 0
улучшить 1,6607312068216509 0,0019333308577667645
условие 0 0
участие 0 0
участник 0 0
февраль 0 0
философия 0,09431067947124142 0,0002195824900378147
форум 0 0
франций 1,7147984280919266 0,001996272908139612
франция 1,3093333199837622 0,0030485059836641726
французский 0,23572233352106994 0,00027441482365665883
фрида 3,912023005428146 0,009108318988191259
целый 1,7719568419318754 0,002062813552889261
центр 0,8915981192837835 0,0010379489165119715
чемпионат 1,4696759700589417 0,0034218299652129026
численность 1,9661128563728327 0,002288839180876406
читать 0 0
шаблон 0 0
шефчиков 4,605170185988092 0,010722165741532227
ширина 3,912023005428146 0,004554159494095629
элемент 0,19845093872383823 0,0004620510796829761
элисон 3,912023005428146 0,009108318988191259
энциклопедия 0 0
юг 1,0216512475319812 0,0011893495314691284
язык 0 0
