август 0 0
алфавит 0 0
альбом 3,2188758248682006 0,010729586082894002
англ 1,0498221244986776 0,008748517704155646
английский 0,37106368139083196 0,0061843946898471995
апрель 0 0
архив 0,3011050927839216 0,0040147345704522885
африканский 2,120263536200091 0,003533772560333485
афроамериканский 4,605170185988092 0,015350567286626973
баллада 4,605170185988092 0,0076752836433134864
блюз 4,605170185988092 0,35306304759242035
блюзовый 4,605170185988092 0,07675283643313487
британский 1,5141277326297755 0,005047092442099252
век 0,5108256237659907 0,0008513760396099846
версия 0 0
вид 1,0498221244986776 0,0017497035408311295
викиновость 1,0216512475319812 0,0017027520792199688
википедия 0 0
викисклад 0,5798184952529422 0,0009663641587549037
вклад 0 0
вокальный 4,605170185988092 0,0076752836433134864
восток 0,7985076962177716 0,0013308461603629528
выкрик 4,605170185988092 0,015350567286626973
выходец 3,2188758248682006 0,005364793041447001
география 0,083381608939051 0,00027793869646350333
группа 1,4696759700589417 0,004898919900196473
данный 0,1508228897345837 0,00025137148289097283
два 0 0
декабрь 0 0
джаз 4,605170185988092 0,015350567286626973
дискография 3,912023005428146 0,013040076684760487
добавлять 1,7719568419318754 0,0029532614032197926
добро 1,8325814637483102 0,003054302439580517
дополнить 1,5141277326297755 0,002523546221049626
жанр 2,659260036932778 0,02216050030777315
журнал 0 0
заготовка 2,5257286443082556 0,00841909548102752
заниматься 0 0
запрос 0,1165338162559516 0,00038844605418650535
зародиться 3,506557897319982 0,00584426316219997
знак 0 0
избранный 0,083381608939051 0,00027793869646350333
избрать 0 0
изменение 0 0
иллюстрация 1,8325814637483102 0,006108604879161034
искать 0 0
искусство 0,083381608939051 0,00027793869646350333
использование 0 0
исправить 2,8134107167600364 0,004689017861266727
история 0 0
источник 0 0
июнь 0 0
категория 0 0
книга 0 0
код 0 0
конец 1,4271163556401458 0,002378527259400243
короткий 2,995732273553991 0,004992887122589985
красный 0,7765287894989963 0,0012942146491649938
культ 2,5257286443082556 0,00420954774051376
лейбл 4,605170185988092 0,015350567286626973
личность 0,127833371509885 0,00021305561918314166
лучший 0 0
май 0 0
март 0 0
материал 0 0
медиафайл 1,6094379124341003 0,0026823965207235004
место 0 0
миро 0 0
многое 2,995732273553991 0,004992887122589985
мобильный 0 0
мой 0 0
моча 0,16251892949777494 0,0002708648824962916
мочь 0,8209805520698303 0,001368300920116384
музыка 1,2729656758128876 0,019094485137193314
музыкальный 2,207274913189721 0,014715166087931475
музыкант 2,995732273553991 0,00998577424517997
н 1,4696759700589417 0,004898919900196473
навигация 0 0
нажать 0 0
название 0 0
найти 0 0
наука 0,05129329438755048 0,0001709776479585016
находиться 0 0
начинать 0,1508228897345837 0,0005027429657819457
недоставать 1,07880966137193 0,00179801610228655
некоммерческий 0 0
немецкий 0,5108256237659907 0,0008513760396099846
неполнота 3,2188758248682006 0,005364793041447001
нечитаемый 1,5606477482646683 0,007803238741323342
новый 0 0
ноябрь 0 0
обсуждение 0 0
общество 0,07257069283483537 0,00024190230944945125
обязательный 0 0
октябрь 0 0
описание 0 0
организация 0 0
основной 0 0
особенность 2,8134107167600364 0,004689017861266727
ответственность 0 0
отдельный 0 0
отказ 0 0
отсутствовать 0,05129329438755048 0,000427444119896254
оценивание 0,1508228897345837 0,0005027429657819457
первый 0 0
перейти 0 0
персоналия 0,07257069283483537 0,00024190230944945125
песнопение 4,605170185988092 0,0076752836433134864
песня 2,207274913189721 0,011036374565948606
печать 0 0
плантация 4,605170185988092 0,0076752836433134864
пн 0,127833371509885 0,00021305561918314166
повлиять 3,912023005428146 0,006520038342380244
подробный 0 0
пожаловать 1,7719568419318754 0,0029532614032197926
поиск 0 0
пол 2,659260036932778 0,00443210006155463
политик 0 0
получить 0 0
пометка 3,2188758248682006 0,005364793041447001
помочь 0,127833371509885 0,0004261112383662833
помощь 0,127833371509885 0,00021305561918314166
поп 3,506557897319982 0,01168852632439994
популярный 2,120263536200091 0,003533772560333485
портал 0 0
португальский 0,49429632181478017 0,0008238272030246336
посвятить 2,8134107167600364 0,004689017861266727
последний 0 0
посмотреть 0 0
потенциальный 1,5141277326297755 0,007570638663148878
пояс 2,120263536200091 0,00706754512066697
править 0 0
правка 0 0
предлагать 0 0
проект 0 0
проявление 4,605170185988092 0,0076752836433134864
работа 0,9942522733438669 0,0016570871222397782
рабочий 2,8134107167600364 0,014067053583800183
размещать 3,2188758248682006 0,005364793041447001
разработчик 0 0
религиозный 2,120263536200091 0,003533772560333485
религия 0,083381608939051 0,00027793869646350333
ринг 3,912023005428146 0,01956011502714073
ритм 4,605170185988092 0,02302585092994046
ритмичный 4,605170185988092 0,0076752836433134864
ритуал 4,605170185988092 0,0076752836433134864
рок 2,995732273553991 0,024964435612949924
ролл 4,605170185988092 0,015350567286626973
русский 0 0
сведение 0 0
свежий 0 0
светский 3,2188758248682006 0,005364793041447001
свободный 0 0
связать 0 0
сентябрь 0 0
система 0 0
сложиться 3,506557897319982 0,00584426316219997
случай 0 0
случайный 0 0
смотреть 0 0
событие 0 0
современный 1,0216512475319812 0,0017027520792199688
содержание 0,1392620673335076 0,000232103445555846
создавать 2,120263536200091 0,003533772560333485
создать 0 0
сообщество 0 0
сопровождать 4,605170185988092 0,0076752836433134864
соул 4,605170185988092 0,015350567286626973
сохранение 0 0
спиричуэлс 4,605170185988092 0,015350567286626973
список 0 0
спорт 0,083381608939051 0,00027793869646350333
среда 2,995732273553991 0,004992887122589985
ссылаться 0 0
ссылка 0 0
стандарт 2,8134107167600364 0,009378035722533455
статистик 0 0
статья 0 0
стихотворный 3,912023005428146 0,006520038342380244
страница 0 0
сша 0,9675840262617057 0,003225280087539019
сюд 0 0
такой 1,7147984280919266 0,005715994760306422
текст 0 0
техника 0,06187540371808745 0,0002062513457269582
течь 0 0
указатель 0 0
уныние 4,605170185988092 0,015350567286626973
условие 0 0
участие 0 0
участник 0 0
февраль 0 0
философия 0,09431067947124142 0,00031436893157080475
форум 0 0
французский 0,23572233352106994 0,00039287055586844993
хандра 4,605170185988092 0,015350567286626973
хлопковый 4,605170185988092 0,0076752836433134864
холлер 4,605170185988092 0,02302585092994046
христианский 2,659260036932778 0,00443210006155463
читать 0 0
шаблон 0 0
шант 4,605170185988092 0,02302585092994046
шаут 4,605170185988092 0,02302585092994046
элемент 0,19845093872383823 0,0006615031290794608
энд 3,912023005428146 0,01956011502714073
энциклопедия 0 0
юго 1,171182981502945 0,001951971635838242
язык 0 0
