аал 4,605170185988092 0,007457765483381525
абдулхади 4,605170185988092 0,007457765483381525
август 0 0
автомобильный 2,659260036932778 0,0021532469934678364
административный 0,7133498878774648 0,0011552224904898215
аднан 3,506557897319982 0,005678636270963533
азия 1,5141277326297755 0,007356086150428059
актер 3,912023005428146 0,0031676299639094296
активный 2,302585092994046 0,0018644413708453812
александрович 1,6607312068216509 0,0026894432499136047
али 2,407945608651872 0,0038995070585455412
алибег 4,605170185988092 0,01491553096676305
алфавит 0 0
аль 2,207274913189721 0,01787267136186009
английский 0,37106368139083196 0,0009013692665364339
апрель 0 0
араб 2,8134107167600364 0,002278065357700434
арабский 0,38566248081198473 0,003122773123983682
арабско 4,605170185988092 0,007457765483381525
аравия 3,2188758248682006 0,018244640302896686
арад 4,605170185988092 0,007457765483381525
арест 3,2188758248682006 0,0026063771861280973
архив 0,3011050927839216 0,0009752391669114869
архипелаг 3,506557897319982 0,0028393181354817664
архитектура 1,1086626245216111 0,000897702529977013
ассадалл 4,605170185988092 0,007457765483381525
багдад 3,506557897319982 0,0028393181354817664
база 3,506557897319982 0,0028393181354817664
бахрейн 3,506557897319982 0,3492361306642573
бахрейнский 4,605170185988092 0,022373296450144575
бейт 4,605170185988092 0,0037288827416907624
бенгальский 2,120263536200091 0,001716812579919102
берег 1,6094379124341003 0,0013031885930640487
ближний 2,659260036932778 0,0021532469934678364
большинство 1,7147984280919266 0,0013885007514914385
брауновский 4,605170185988092 0,007457765483381525
валюта 1,5141277326297755 0,0012260143584046765
век 0,5108256237659907 0,0004136239868550532
вернуться 2,659260036932778 0,004306493986935673
версия 0 0
весьма 2,659260036932778 0,0021532469934678364
вид 1,0498221244986776 0,0008500584004037875
вики 1,6094379124341003 0,0013031885930640487
викигида 3,912023005428146 0,0031676299639094296
викиновость 1,0216512475319812 0,0008272479737101062
википедия 0 0
викисклад 0,5798184952529422 0,0009389773202476795
вица 2,659260036932778 0,0021532469934678364
вклад 0 0
власть 1,4696759700589417 0,002380042056775614
вмс 3,2188758248682006 0,0026063771861280973
внешний 1,3862943611198906 0,0033675166666879935
внутри 2,995732273553991 0,0024256941486267133
возможность 2,5257286443082556 0,0020451244083467654
возникать 4,605170185988092 0,0037288827416907624
восток 0,7985076962177716 0,001293129872417444
вручить 2,120263536200091 0,001716812579919102
встреча 2,995732273553991 0,0024256941486267133
выслать 4,605170185988092 0,0037288827416907624
выставка 2,995732273553991 0,004851388297253427
география 0,083381608939051 0,00027006189130057
герб 0,7133498878774648 0,002310444980979643
гимн 1,2378743560016172 0,0020046548275329834
главный 1,9661128563728327 0,0015919942156865043
год 0,6348782724359695 0,0005140714756566554
город 0,3424903089467759 0,0005546401764320257
государственный 0,7765287894989963 0,0037726095036388486
государство 0,6733445532637655 0,002180873047008147
гран 3,506557897319982 0,0170359088128906
группа 1,4696759700589417 0,001190021028387807
далья 0,3566749439387324 0,0002888056226224554
даний 2,995732273553991 0,004851388297253427
данный 0,1508228897345837 0,00012212379735593822
два 0 0
двуречье 4,605170185988092 0,0037288827416907624
декабрь 0 0
деление 0,9675840262617057 0,0015669376943509403
дементьева 1,9661128563728327 0,006367976862746017
дерево 1,7147984280919266 0,0013885007514914385
деятель 1,5141277326297755 0,0012260143584046765
деятельность 2,120263536200091 0,001716812579919102
джоннаттанный 4,605170185988092 0,007457765483381525
джуффэйр 4,605170185988092 0,0037288827416907624
дизайн 2,995732273553991 0,0024256941486267133
дильмун 4,605170185988092 0,007457765483381525
динар 3,506557897319982 0,0028393181354817664
долина 2,120263536200091 0,001716812579919102
дополнить 1,5141277326297755 0,0012260143584046765
дочь 2,407945608651872 0,0019497535292727706
древний 1,4696759700589417 0,001190021028387807
дэнни 4,605170185988092 0,007457765483381525
желать 2,8134107167600364 0,002278065357700434
живопись 2,659260036932778 0,0064597409804035095
жила 2,995732273553991 0,0024256941486267133
жилдый 4,605170185988092 0,007457765483381525
журнал 0 0
залив 2,207274913189721 0,008936335680930045
занимать 1,4696759700589417 0,001190021028387807
заниматься 0 0
западный 0,9942522733438669 0,000805062569509204
запрос 0,1165338162559516 0,000188718730778869
заслуга 2,0402208285265546 0,0033040013417434083
знаете 0,06187540371808745 0,00010020308294427118
знак 0 0
зыртый 4,605170185988092 0,007457765483381525
игорь 2,5257286443082556 0,004090248816693531
избранный 0,083381608939051 0,00020254641847542755
избрать 0 0
известнейший 4,605170185988092 0,0037288827416907624
известный 0,7765287894989963 0,0012575365012129495
изменение 0 0
изображение 0,06187540371808745 5,010154147213559E-05
импульс 4,605170185988092 0,0037288827416907624
инд 4,605170185988092 0,0037288827416907624
интервик 0,9675840262617057 0,0007834688471754701
интернет 1,6607312068216509 0,0026894432499136047
интерьер 3,506557897319982 0,0028393181354817664
искать 0 0
искусство 0,083381608939051 0,0008101856739017102
исламский 3,2188758248682006 0,005212754372256195
испанский 0,49429632181478017 0,00040023993669212966
исполнять 2,995732273553991 0,0024256941486267133
использование 0 0
история 0 0
источник 0 0
июнь 0 0
каир 3,506557897319982 0,0028393181354817664
какой 1,8971199848858813 0,0015361295424177175
каллиграфия 4,605170185988092 0,007457765483381525
катар 3,912023005428146 0,00950288989172829
категория 0 0
кинематограф 1,5141277326297755 0,002452028716809353
клуб 1,7719568419318754 0,002869565735922065
км 0,8209805520698303 0,0013295231612466887
книга 0 0
код 0 0
конституция 1,2729656758128876 0,0020614828758103443
коран 3,2188758248682006 0,0026063771861280973
королевство 1,6094379124341003 0,0013031885930640487
король 1,7147984280919266 0,0013885007514914385
кремнеть 4,605170185988092 0,007457765483381525
крепость 1,9661128563728327 0,00795997107843252
критиковать 3,912023005428146 0,0031676299639094296
крупный 1,4271163556401458 0,0023111196042755397
кувейт 3,912023005428146 0,00950288989172829
кугур 4,605170185988092 0,007457765483381525
культура 0,3566749439387324 0,0005776112452449108
культурный 1,5141277326297755 0,0036780430752140296
ласеромс 4,605170185988092 0,007457765483381525
литература 1,1086626245216111 0,003590810119908052
личность 0,127833371509885 0,00010350880284201214
лучший 0 0
май 0 0
макленнан 4,605170185988092 0,007457765483381525
маленький 2,995732273553991 0,0024256941486267133
манама 4,605170185988092 0,007457765483381525
марк 1,3862943611198906 0,0011225055555626644
марка 1,3470736479666094 0,001090747893090372
март 0 0
марта 0,3566749439387324 0,0008664168678673661
марья 3,506557897319982 0,02271454508385413
материал 0 0
мелкий 2,659260036932778 0,0021532469934678364
место 0 0
мигрировать 4,605170185988092 0,0037288827416907624
миро 0 0
множество 2,5257286443082556 0,0020451244083467654
мобильный 0 0
мой 0 0
морской 1,6607312068216509 0,0013447216249568023
мост 2,302585092994046 0,0037288827416907624
мохамед 3,2188758248682006 0,01042550874451239
моча 0,16251892949777494 0,00013159427489698374
музей 1,3093333199837622 0,001060188923063775
музыка 1,2729656758128876 0,004122965751620689
музыкант 2,995732273553991 0,0024256941486267133
н 1,4696759700589417 0,001190021028387807
набить 4,605170185988092 0,0037288827416907624
навигационный 3,912023005428146 0,006335259927818859
навигация 0 0
награда 1,3470736479666094 0,001090747893090372
нажать 0 0
название 0 0
найти 0 0
написать 0,9942522733438669 0,000805062569509204
народ 1,4271163556401458 0,0023111196042755397
население 0,5108256237659907 0,0016544959474202128
насер 3,506557897319982 0,005678636270963533
наука 0,05129329438755048 0,0001661321275710137
находиться 0 0
национальный 0,7550225842780328 0,0012227086385069358
начало 1,2039728043259361 0,0009748767646363855
начать 0,38566248081198473 0,006245546247967364
начинать 0,1508228897345837 0,00024424759471187643
неделя 1,5141277326297755 0,0036780430752140296
независимость 1,5141277326297755 0,0012260143584046765
некоммерческий 0 0
некоторые 1,8325814637483102 0,0014838716305654333
новый 0 0
носить 1,6094379124341003 0,0013031885930640487
ноябрь 0 0
нынешний 3,506557897319982 0,0028393181354817664
оаэ 3,912023005428146 0,00950288989172829
образование 0,7339691750802005 0,0011886140487128753
обращение 2,302585092994046 0,0018644413708453812
обретение 3,506557897319982 0,0028393181354817664
обсуждение 0 0
обучаться 4,605170185988092 0,007457765483381525
общество 0,07257069283483537 0,0003525701676186334
общность 3,912023005428146 0,0031676299639094296
объединение 2,207274913189721 0,001787267136186009
объясняться 3,912023005428146 0,0031676299639094296
обычай 3,506557897319982 0,0028393181354817664
обязанность 2,995732273553991 0,0024256941486267133
обязательный 0 0
окончить 2,407945608651872 0,0019497535292727706
октябрь 0 0
оман 3,912023005428146 0,00950288989172829
оперативный 4,605170185988092 0,0037288827416907624
описание 0 0
оппозиционер 3,912023005428146 0,0031676299639094296
организация 0 0
организовывать 4,605170185988092 0,0037288827416907624
орден 1,5141277326297755 0,0036780430752140296
основать 1,2729656758128876 0,0010307414379051721
основной 0 0
особый 2,207274913189721 0,001787267136186009
остров 1,2039728043259361 0,0009748767646363855
островной 3,2188758248682006 0,005212754372256195
осуществляться 3,2188758248682006 0,0026063771861280973
ответственность 0 0
отдельный 0 0
отец 1,7719568419318754 0,0014347828679610326
отказ 0 0
отказывать 4,605170185988092 0,0037288827416907624
отметить 2,659260036932778 0,0021532469934678364
относительно 3,2188758248682006 0,0026063771861280973
отсутствовать 0,05129329438755048 0,0007475945740695616
официальный 1,07880966137193 0,0008735300901797004
оценивание 0,1508228897345837 0,00024424759471187643
первый 0 0
перевести 1,7719568419318754 0,0014347828679610326
перейти 0 0
период 1,3093333199837622 0,001060188923063775
персидский 1,5606477482646683 0,005054729549035363
персоналия 0,07257069283483537 0,00029380847301552785
печать 0 0
племя 2,5257286443082556 0,0020451244083467654
пн 0,127833371509885 0,0005175440142100607
подразделение 3,506557897319982 0,0028393181354817664
подробный 0 0
подъесть 4,605170185988092 0,0037288827416907624
позволить 3,506557897319982 0,0028393181354817664
поздний 2,120263536200091 0,001716812579919102
поиск 0 0
политик 0 0
политический 1,2039728043259361 0,0009748767646363855
полный 1,6094379124341003 0,0013031885930640487
положить 2,995732273553991 0,0024256941486267133
получить 0 0
пользоваться 1,9661128563728327 0,0031839884313730085
помочь 0,127833371509885 0,00010350880284201214
помощь 0,127833371509885 0,00010350880284201214
популярность 2,659260036932778 0,0021532469934678364
портал 0 0
португальский 0,49429632181478017 0,00040023993669212966
поселение 2,0402208285265546 0,0016520006708717041
поскольку 2,5257286443082556 0,0020451244083467654
последний 0 0
последовать 3,506557897319982 0,0028393181354817664
посмотреть 0 0
почта 1,6094379124341003 0,003909565779192147
почтовый 1,5606477482646683 0,0012636823872588408
правило 1,4696759700589417 0,001190021028387807
правительство 1,5606477482646683 0,0025273647745176816
править 0 0
правка 0 0
право 0,843970070294529 0,0027335063005490814
правозащитник 4,605170185988092 0,0037288827416907624
правозащитница 4,605170185988092 0,0037288827416907624
правозащитный 4,605170185988092 0,007457765483381525
праздник 1,4271163556401458 0,0023111196042755397
практический 1,8971199848858813 0,0015361295424177175
предел 3,2188758248682006 0,0026063771861280973
предлагать 0 0
предоставлять 3,506557897319982 0,0028393181354817664
представлять 1,6607312068216509 0,0013447216249568023
президент 1,3093333199837622 0,00212037784612755
приносить 3,506557897319982 0,0028393181354817664
присоединиться 2,659260036932778 0,0021532469934678364
программа 2,207274913189721 0,003574534272372018
проект 0 0
произведение 2,5257286443082556 0,0020451244083467654
пройти 2,207274913189721 0,001787267136186009
просьба 2,207274913189721 0,001787267136186009
профессиональный 2,5257286443082556 0,0020451244083467654
процесс 1,8325814637483102 0,0014838716305654333
пятый 3,506557897319982 0,0028393181354817664
работа 0,9942522733438669 0,000805062569509204
работать 1,7147984280919266 0,0013885007514914385
раджаб 4,605170185988092 0,0037288827416907624
радио 2,995732273553991 0,0024256941486267133
радиостанция 3,912023005428146 0,0031676299639094296
развитие 0,9416085398584451 0,002287308193988126
развитой 4,605170185988092 0,0037288827416907624
раздел 0,9675840262617057 0,0007834688471754701
разместить 3,912023005428146 0,0031676299639094296
разработка 1,07880966137193 0,0026205902705391014
разработчик 0 0
рамка 1,8971199848858813 0,0015361295424177175
распространить 2,8134107167600364 0,002278065357700434
регион 0,9942522733438669 0,000805062569509204
редактор 2,207274913189721 0,001787267136186009
результат 1,4696759700589417 0,001190021028387807
религия 0,083381608939051 0,00027006189130057
риф 3,506557897319982 0,005678636270963533
родитель 3,912023005428146 0,006335259927818859
родиться 0,8915981192837835 0,0007219417969909178
родригес 2,659260036932778 0,004306493986935673
родственный 0,21072103131565253 0,00017062431685477936
ромаиха 4,605170185988092 0,007457765483381525
роман 1,4696759700589417 0,004760084113551228
русский 0 0
саед 3,912023005428146 0,006335259927818859
сайгидгусейнович 4,605170185988092 0,007457765483381525
сальва 4,605170185988092 0,007457765483381525
самодеятельный 4,605170185988092 0,0037288827416907624
самый 0,5447271754416719 0,00044107463598515946
саудовский 3,506557897319982 0,01987522694837237
сахир 4,605170185988092 0,007457765483381525
сведение 0 0
свежий 0 0
свободный 0 0
связать 0 0
связь 1,6607312068216509 0,0026894432499136047
семья 2,207274913189721 0,001787267136186009
сентябрь 0 0
середина 2,120263536200091 0,001716812579919102
сила 0,9416085398584451 0,003049744258650834
символ 0,9416085398584451 0,001524872129325417
сирия 2,995732273553991 0,0024256941486267133
система 0 0
служить 2,0402208285265546 0,0016520006708717041
случай 0 0
случайный 0 0
смотреть 0 0
смочь 2,5257286443082556 0,004090248816693531
событие 0 0
содействовать 3,912023005428146 0,0031676299639094296
содержание 0,1392620673335076 0,00011276280755749603
создание 0,8675005677047231 0,002107288828432526
создать 0 0
сообщество 0 0
соуз 4,605170185988092 0,007457765483381525
сохранение 0 0
сохранять 3,912023005428146 0,0031676299639094296
список 0 0
спорт 0,083381608939051 0,00027006189130057
сречко 4,605170185988092 0,007457765483381525
ссылаться 0 0
ссылка 0 0
статистик 0 0
стать 0,4620354595965586 0,00149647112419938
статья 0 0
стоить 2,407945608651872 0,0019497535292727706
столица 0,7985076962177716 0,001939694808626166
страна 0,43078291609245434 0,002092872466845932
страница 0 0
строй 1,5606477482646683 0,0025273647745176816
существенный 2,0402208285265546 0,0016520006708717041
схожий 4,605170185988092 0,0037288827416907624
считать 1,8325814637483102 0,0014838716305654333
сша 0,9675840262617057 0,0023504065415264107
сюд 0 0
сюрреализм 3,912023005428146 0,0031676299639094296
текст 0 0
тема 0,7550225842780328 0,0012227086385069358
тематика 1,7147984280919266 0,0013885007514914385
тео 4,605170185988092 0,007457765483381525
территория 0,8675005677047231 0,002107288828432526
техника 0,06187540371808745 0,00010020308294427118
течение 1,9661128563728327 0,0015919942156865043
течь 0 0
тигер 4,605170185988092 0,007457765483381525
торговля 2,8134107167600364 0,002278065357700434
традиция 1,8971199848858813 0,0015361295424177175
транскрипция 2,120263536200091 0,001716812579919102
транспорт 0,9162907318741551 0,0014838716305654333
тысячелетие 2,8134107167600364 0,002278065357700434
убежище 3,506557897319982 0,0028393181354817664
указатель 0 0
улучшить 1,6607312068216509 0,0013447216249568023
университет 1,3470736479666094 0,004362991572361488
условие 0 0
устройство 1,3470736479666094 0,002181495786180744
участие 0 0
участник 0 0
учиться 2,659260036932778 0,0021532469934678364
февраль 0 0
философия 0,09431067947124142 0,00015272984529755693
флаг 0,8675005677047231 0,001404859218955017
флот 2,8134107167600364 0,004556130715400868
форма 1,6607312068216509 0,0013447216249568023
форум 0 0
фотография 2,659260036932778 0,0021532469934678364
французский 0,23572233352106994 0,0001908682862518785
фулбрайт 4,605170185988092 0,007457765483381525
футбол 1,7719568419318754 0,00573913147184413
хаваджа 4,605170185988092 0,01864441370845381
характерный 2,995732273553991 0,0024256941486267133
хубаить 4,605170185988092 0,007457765483381525
художественный 2,407945608651872 0,0019497535292727706
художник 1,9661128563728327 0,0047759826470595125
хх 1,2729656758128876 0,0010307414379051721
центр 0,8915981192837835 0,0028877671879636714
цивилизация 2,659260036932778 0,0021532469934678364
человек 1,1394342831883648 0,001845237705568202
чемпионат 1,4696759700589417 0,004760084113551228
читать 0 0
шаблон 0 0
шумер 4,605170185988092 0,0037288827416907624
э 2,0402208285265546 0,0016520006708717041
эйд 4,605170185988092 0,007457765483381525
экономика 0,7550225842780328 0,0024454172770138716
экономический 2,120263536200091 0,001716812579919102
экспрессионизм 4,605170185988092 0,0037288827416907624
элемент 0,19845093872383823 0,0003213780384191712
элиу 4,605170185988092 0,007457765483381525
энциклопедия 0 0
юго 1,171182981502945 0,0009483263008121012
юноша 3,912023005428146 0,006335259927818859
юричич 4,605170185988092 0,007457765483381525
являться 0,3424903089467759 0,00027732008821601284
язык 0 0
январь 0,6733445532637655 0,0010904365235040736
