абх 4,605170185988092 0,01419158763016361
абхаз 4,605170185988092 0,010643690722622709
абхазец 4,605170185988092 0,007095793815081805
абхазия 3,912023005428146 0,3285134881291741
абхазский 4,605170185988092 0,08869742268852257
август 0 0
августа 0,843970070294529 0,0006502080664826879
авидзб 4,605170185988092 0,007095793815081805
автономный 1,6607312068216509 0,003838361803131705
агудзер 4,605170185988092 0,007095793815081805
адзюбжа 4,605170185988092 0,007095793815081805
административный 0,7133498878774648 0,0010991523696108857
администрация 3,506557897319982 0,00540301679093988
ажирныхв 4,605170185988092 0,007095793815081805
азбука 4,605170185988092 0,0035478969075409027
александрович 1,6607312068216509 0,001279453934377235
алексей 1,7719568419318754 0,0027302878920367883
алфавит 0 0
альбертович 3,2188758248682006 0,002479873516847612
английский 0,37106368139083196 0,0002858734063103482
аполлонович 4,605170185988092 0,007095793815081805
апрель 0 0
апсар 4,605170185988092 0,007095793815081805
апсна 4,605170185988092 0,010643690722622709
арабский 0,38566248081198473 0,00029712055532510383
ардзинба 4,605170185988092 0,01419158763016361
арсалия 4,605170185988092 0,01419158763016361
ассра 3,912023005428146 0,0030138852121942574
атомный 2,995732273553991 0,0046159202982341925
афанасьевич 3,506557897319982 0,00270150839546994
багапш 4,605170185988092 0,007095793815081805
басёл 4,605170185988092 0,007095793815081805
бганба 4,605170185988092 0,007095793815081805
бедный 3,506557897319982 0,00270150839546994
безрадостный 4,605170185988092 0,0035478969075409027
берег 1,6094379124341003 0,001239936758423806
беслетка 4,605170185988092 0,0035478969075409027
богоматерь 2,995732273553991 0,0023079601491170962
богородица 2,8134107167600364 0,0021674967001232945
большинство 1,7147984280919266 0,0013211081880523318
большой 1,1086626245216111 0,000854131451865648
бомба 2,8134107167600364 0,004334993400246589
босния 3,2188758248682006 0,002479873516847612
будущее 2,5257286443082556 0,0019458618215009674
бухта 3,2188758248682006 0,002479873516847612
бывший 2,8134107167600364 0,0021674967001232945
валерий 2,995732273553991 0,0046159202982341925
васильевич 1,8325814637483102 0,0014118501261543223
век 0,5108256237659907 0,0003935482463528434
вековой 3,912023005428146 0,0030138852121942574
велик 3,2188758248682006 0,002479873516847612
вернуть 3,2188758248682006 0,002479873516847612
вероятность 3,912023005428146 0,0030138852121942574
версия 0 0
википедия 0 0
виктор 1,9661128563728327 0,0015147248508265276
вклад 0 0
владеть 3,506557897319982 0,00270150839546994
владимир 1,2378743560016172 0,0019073564807420913
владислав 3,506557897319982 0,01080603358187976
власть 1,4696759700589417 0,002264523836762622
вмест 1,8971199848858813 0,002923143274092267
вместо 2,8134107167600364 0,0021674967001232945
внеочередной 4,605170185988092 0,0035478969075409027
водопад 3,506557897319982 0,00540301679093988
возглавить 2,995732273553991 0,0023079601491170962
восточный 0,9162907318741551 0,0007059250630771612
выбор 2,120263536200091 0,013067880038213197
выражать 4,605170185988092 0,0035478969075409027
выселить 4,605170185988092 0,0035478969075409027
выставка 2,995732273553991 0,0023079601491170962
гагрский 4,605170185988092 0,0035478969075409027
газета 2,8134107167600364 0,0021674967001232945
гач 4,605170185988092 0,007095793815081805
генерал 1,8325814637483102 0,0028237002523086446
генеральный 2,995732273553991 0,0023079601491170962
география 0,083381608939051 0,0002569541107520832
георгия 2,5257286443082556 0,003891723643001935
герб 0,7133498878774648 0,0005495761848054428
гитлер 2,995732273553991 0,0023079601491170962
гицба 4,605170185988092 0,0035478969075409027
гласный 4,605170185988092 0,007095793815081805
глубокий 2,8134107167600364 0,0021674967001232945
гогуа 4,605170185988092 0,007095793815081805
гор 1,5141277326297755 0,0023330165371799314
гори 4,605170185988092 0,007095793815081805
город 0,3424903089467759 0,0013193001115053
городской 2,120263536200091 0,0032669700095532992
государственный 0,7765287894989963 0,0029912511151733295
государство 0,6733445532637655 0,0015562663018422933
граница 1,4271163556401458 0,0010994733094300045
григорьевич 2,407945608651872 0,0037102397667979534
груз 3,2188758248682006 0,007439620550542837
грузинский 1,8325814637483102 0,005647400504617289
грузия 2,8134107167600364 0,019507470301109654
гулиа 4,605170185988092 0,017739484537704513
гульрипшский 4,605170185988092 0,007095793815081805
гумистинский 4,605170185988092 0,0035478969075409027
гумский 4,605170185988092 0,0035478969075409027
густав 3,2188758248682006 0,002479873516847612
д 1,5141277326297755 0,0011665082685899657
давиташвили 4,605170185988092 0,007095793815081805
далья 0,3566749439387324 0,0005495761848054428
данный 0,1508228897345837 0,0001161963711360429
даурович 4,605170185988092 0,007095793815081805
два 0 0
двор 3,506557897319982 0,00270150839546994
действовать 2,120263536200091 0,0016334850047766496
декабрь 0 0
деление 0,9675840262617057 0,0014908844780611799
демократический 1,9661128563728327 0,0015147248508265276
денис 3,506557897319982 0,00270150839546994
деревня 1,8325814637483102 0,0014118501261543223
детство 3,2188758248682006 0,002479873516847612
дзен 4,605170185988092 0,0035478969075409027
диалект 3,506557897319982 0,00270150839546994
директор 3,2188758248682006 0,002479873516847612
дмитрия 2,120263536200091 0,0032669700095532992
документальный 2,8134107167600364 0,0021674967001232945
должность 2,5257286443082556 0,003891723643001935
дом 1,3470736479666094 0,0010378071247816715
дорога 1,5606477482646683 0,0024046960682044195
досрочный 4,605170185988092 0,007095793815081805
др 1,8971199848858813 0,0014615716370461336
драма 3,2188758248682006 0,004959747033695224
дружба 2,995732273553991 0,0023079601491170962
дырмить 4,605170185988092 0,0035478969075409027
евгенья 2,0402208285265546 0,0015718188201283164
единство 3,2188758248682006 0,002479873516847612
железный 1,7147984280919266 0,0026422163761046637
женщина 1,6607312068216509 0,001279453934377235
жизнь 1,5606477482646683 0,0012023480341022098
жить 1,7719568419318754 0,0027302878920367883
журнал 0 0
закавказье 2,995732273553991 0,0023079601491170962
заниматься 0 0
западный 0,9942522733438669 0,0007659878839321009
запрос 0,1165338162559516 0,00017955903891517968
здание 1,8325814637483102 0,0028237002523086446
знаете 0,06187540371808745 9,53396051126155E-05
знак 0 0
иасыфа 4,605170185988092 0,0035478969075409027
иванович 1,6094379124341003 0,002479873516847612
избиратель 4,605170185988092 0,0035478969075409027
избранный 0,083381608939051 0,0002569541107520832
избрать 0 0
известный 0,7765287894989963 0,0011965004460693317
издать 3,912023005428146 0,0030138852121942574
изменение 0 0
изменить 2,5257286443082556 0,0019458618215009674
изображение 0,06187540371808745 9,53396051126155E-05
инара 4,605170185988092 0,0035478969075409027
институт 1,9661128563728327 0,0015147248508265276
информация 1,5606477482646683 0,0012023480341022098
ираклий 3,506557897319982 0,00540301679093988
искандер 3,912023005428146 0,02411108169755406
искать 0 0
искусство 0,083381608939051 0,0001284770553760416
испанский 0,49429632181478017 0,00038081380725329755
использование 0 0
историко 2,995732273553991 0,0023079601491170962
история 0 0
источник 0 0
июль 0,9162907318741551 0,0021177751892314835
июнь 0 0
кавказ 2,8134107167600364 0,004334993400246589
камачич 4,605170185988092 0,0035478969075409027
категория 0 0
келешбей 4,605170185988092 0,0035478969075409027
кеш 3,506557897319982 0,00270150839546994
киев 3,2188758248682006 0,002479873516847612
киевский 3,2188758248682006 0,002479873516847612
кино 2,5257286443082556 0,0019458618215009674
км 0,8209805520698303 0,0006324965732433207
книга 0 0
князь 2,407945608651872 0,0018551198833989767
коб 4,605170185988092 0,007095793815081805
код 0 0
конец 1,4271163556401458 0,0010994733094300045
константин 2,659260036932778 0,0020487365461731724
конституция 1,2729656758128876 0,0019614263109597654
контролироваться 4,605170185988092 0,0035478969075409027
который 0,9162907318741551 0,0007059250630771612
крестьянский 2,995732273553991 0,0023079601491170962
круберский 4,605170185988092 0,0035478969075409027
культовый 4,605170185988092 0,007095793815081805
культура 0,3566749439387324 0,0016487285544163285
культурный 1,5141277326297755 0,0011665082685899657
кунак 4,605170185988092 0,007095793815081805
курорт 4,605170185988092 0,010643690722622709
кяласур 4,605170185988092 0,007095793815081805
лауреат 2,995732273553991 0,0023079601491170962
летие 2,995732273553991 0,0023079601491170962
лингвист 4,605170185988092 0,007095793815081805
лирика 4,605170185988092 0,0035478969075409027
литература 1,1086626245216111 0,003416525807462592
личность 0,127833371509885 0,00019696975579335132
логуа 4,605170185988092 0,007095793815081805
лучший 0 0
май 0 0
март 0 0
марта 0,3566749439387324 0,002473092831624493
массовый 2,0402208285265546 0,0015718188201283164
материал 0 0
мачавариани 4,605170185988092 0,0035478969075409027
мелкадзе 4,605170185988092 0,007095793815081805
место 0 0
месяц 1,7147984280919266 0,0026422163761046637
мехузнуть 4,605170185988092 0,007095793815081805
мечта 4,605170185988092 0,0035478969075409027
министерство 3,2188758248682006 0,002479873516847612
министр 2,120263536200091 0,0065339400191065985
миро 0 0
михаил 1,5606477482646683 0,0024046960682044195
михайлович 1,7719568419318754 0,0027302878920367883
мобильный 0 0
могила 2,5257286443082556 0,0019458618215009674
мой 0 0
молдавский 3,506557897319982 0,00810452518640982
монета 2,5257286443082556 0,0019458618215009674
море 1,1394342831883648 0,0061448690156537394
музей 1,3093333199837622 0,0030261941139840425
навигация 0 0
нажать 0 0
название 0 0
назвать 1,9661128563728327 0,0015147248508265276
назначить 2,995732273553991 0,0046159202982341925
найти 0 0
написать 0,9942522733438669 0,0007659878839321009
народ 1,4271163556401458 0,002198946618860009
народный 1,8325814637483102 0,0014118501261543223
население 0,5108256237659907 0,0011806447390585303
наследие 1,5606477482646683 0,0012023480341022098
наука 0,05129329438755048 0,0001580687038137149
находиться 0 0
начать 0,38566248081198473 0,002971205553251038
начинать 0,1508228897345837 0,0002323927422720858
небо 2,207274913189721 0,001700519963936611
независимость 1,5141277326297755 0,0011665082685899657
некоммерческий 0 0
немецкий 0,5108256237659907 0,0003935482463528434
ненависть 3,912023005428146 0,0030138852121942574
несмотря 2,302585092994046 0,0017739484537704514
несостоявшийся 3,912023005428146 0,0030138852121942574
низка 3,912023005428146 0,0030138852121942574
ник 4,605170185988092 0,007095793815081805
николай 1,5141277326297755 0,0023330165371799314
нобелевский 3,506557897319982 0,00270150839546994
новелла 4,605170185988092 0,0035478969075409027
новость 1,4271163556401458 0,002198946618860009
новый 0 0
ноябрь 0 0
нын 1,8971199848858813 0,0014615716370461336
обсуждение 0 0
общество 0,07257069283483537 0,00011181924936030104
обязательный 0 0
ограничивать 4,605170185988092 0,0035478969075409027
одержать 2,659260036932778 0,0020487365461731724
один 0,843970070294529 0,0013004161329653759
озеро 1,8325814637483102 0,0014118501261543223
октогон 4,605170185988092 0,007095793815081805
октябрь 0 0
описание 0 0
орган 1,9661128563728327 0,003029449701653055
организация 0 0
организовать 1,9661128563728327 0,0015147248508265276
освободить 3,2188758248682006 0,002479873516847612
осень 4,605170185988092 0,0035478969075409027
осетия 3,912023005428146 0,009041655636582772
основной 0 0
основоположник 2,407945608651872 0,0018551198833989767
ответственность 0 0
отдельный 0 0
отец 1,7719568419318754 0,0013651439460183941
отказ 0 0
открытый 2,995732273553991 0,0023079601491170962
открыться 3,912023005428146 0,0030138852121942574
отметить 2,659260036932778 0,0020487365461731724
отсутствовать 0,05129329438755048 0,00019758587976714362
охрана 2,995732273553991 0,0023079601491170962
оценивание 0,1508228897345837 0,0002323927422720858
очистить 2,995732273553991 0,0023079601491170962
парламент 1,4271163556401458 0,0010994733094300045
парламентский 2,995732273553991 0,0023079601491170962
пафос 4,605170185988092 0,0035478969075409027
первый 0 0
перейти 0 0
персоналия 0,07257069283483537 0,00022363849872060208
песня 2,207274913189721 0,001700519963936611
петер 3,506557897319982 0,00270150839546994
печать 0 0
пещера 2,5257286443082556 0,00778344728600387
пещерный 4,605170185988092 0,0035478969075409027
писатель 2,207274913189721 0,011903639747556278
письменный 2,995732273553991 0,0023079601491170962
пн 0,127833371509885 0,000295454633690027
победа 1,8971199848858813 0,0014615716370461336
побережье 1,8971199848858813 0,002923143274092267
побратим 3,2188758248682006 0,004959747033695224
повышение 3,2188758248682006 0,002479873516847612
подробный 0 0
поезд 3,912023005428146 0,0030138852121942574
поиск 0 0
показать 1,2729656758128876 0,0009807131554798827
политик 0 0
полномочный 4,605170185988092 0,0035478969075409027
получить 0 0
помощник 3,912023005428146 0,0030138852121942574
помощь 0,127833371509885 9,848487789667566E-05
портал 0 0
португальский 0,49429632181478017 0,00038081380725329755
последний 0 0
посмотреть 0 0
построить 1,4696759700589417 0,002264523836762622
потомок 2,659260036932778 0,0020487365461731724
поэма 3,2188758248682006 0,002479873516847612
поэт 1,8971199848858813 0,008769429822276801
правитель 2,659260036932778 0,0020487365461731724
править 0 0
правка 0 0
правовой 2,8134107167600364 0,0021674967001232945
православие 2,659260036932778 0,0020487365461731724
предлагать 0 0
представитель 2,120263536200091 0,0016334850047766496
представить 2,120263536200091 0,0016334850047766496
президент 1,3093333199837622 0,013113507827264182
президентский 2,659260036932778 0,006146209638519518
премьер 2,0402208285265546 0,0031436376402566328
приднестровский 4,605170185988092 0,010643690722622709
признать 1,7147984280919266 0,003963324564156995
приказ 3,2188758248682006 0,002479873516847612
принадлежать 2,407945608651872 0,0018551198833989767
принятие 3,912023005428146 0,0030138852121942574
присяга 4,605170185988092 0,007095793815081805
программа 2,207274913189721 0,001700519963936611
проект 0 0
прозаик 3,912023005428146 0,006027770424388515
происхождение 1,7147984280919266 0,0013211081880523318
пройти 2,207274913189721 0,001700519963936611
проникнутый 4,605170185988092 0,0035478969075409027
протекать 3,912023005428146 0,0030138852121942574
проходить 1,5141277326297755 0,0023330165371799314
радуга 4,605170185988092 0,007095793815081805
развитие 0,9416085398584451 0,0007254303080573537
различный 1,8971199848858813 0,0014615716370461336
разработчик 0 0
район 1,171182981502945 0,0018045962735022266
раннехристианский 4,605170185988092 0,007095793815081805
ранний 1,8971199848858813 0,0014615716370461336
расположить 0,9162907318741551 0,0014118501261543223
рауль 3,506557897319982 0,01080603358187976
регион 0,9942522733438669 0,0007659878839321009
редактор 2,207274913189721 0,001700519963936611
река 1,1086626245216111 0,006833051614925184
рекородный 4,605170185988092 0,0035478969075409027
религия 0,083381608939051 0,0002569541107520832
республика 0,9416085398584451 0,02321376985783532
референдум 2,659260036932778 0,004097473092346345
рисунок 3,2188758248682006 0,002479873516847612
рица 4,605170185988092 0,01419158763016361
родина 1,6094379124341003 0,001239936758423806
родиться 0,8915981192837835 0,0034345073932349132
рождение 2,0402208285265546 0,0015718188201283164
роль 2,120263536200091 0,0016334850047766496
роман 1,4696759700589417 0,001132261918381311
романович 3,912023005428146 0,006027770424388515
россия 0,7765287894989963 0,0017947506691039978
руруа 4,605170185988092 0,007095793815081805
русский 0 0
самый 0,5447271754416719 0,0004196665450244006
сборник 3,506557897319982 0,00270150839546994
сведение 0 0
свежий 0 0
светлый 4,605170185988092 0,0035478969075409027
свободный 0 0
связать 0 0
святой 1,4696759700589417 0,001132261918381311
себастополисский 4,605170185988092 0,007095793815081805
северный 1,1086626245216111 0,000854131451865648
секция 3,912023005428146 0,006027770424388515
село 2,407945608651872 0,0037102397667979534
сель 2,995732273553991 0,0023079601491170962
семинарий 3,912023005428146 0,0030138852121942574
семь 3,506557897319982 0,00270150839546994
семья 2,207274913189721 0,001700519963936611
сентябрь 0 0
сервер 3,506557897319982 0,00270150839546994
сергей 1,8325814637483102 0,0028237002523086446
символ 0,9416085398584451 0,0014508606161147074
система 0 0
скончаться 2,995732273553991 0,0046159202982341925
случай 0 0
случайный 0 0
смить 2,659260036932778 0,0020487365461731724
смотреть 0 0
собор 1,9661128563728327 0,0015147248508265276
собрание 1,9661128563728327 0,0015147248508265276
событие 0 0
советник 3,912023005428146 0,0030138852121942574
советский 1,3470736479666094 0,0010378071247816715
согласно 1,8971199848858813 0,0014615716370461336
согласный 4,605170185988092 0,0035478969075409027
содержание 0,1392620673335076 0,0001072897283000829
создавать 2,120263536200091 0,0016334850047766496
создание 0,8675005677047231 0,0006683363387555648
создать 0 0
сообщество 0 0
сооружение 2,207274913189721 0,003401039927873222
состав 1,0498221244986776 0,0008087997877493664
составить 2,407945608651872 0,0018551198833989767
состояться 2,207274913189721 0,001700519963936611
софийский 3,912023005428146 0,0030138852121942574
софия 2,8134107167600364 0,0021674967001232945
сохранение 0 0
список 0 0
спорт 0,083381608939051 0,0002569541107520832
средство 1,9661128563728327 0,0015147248508265276
ссср 1,4271163556401458 0,0010994733094300045
ссылаться 0 0
ссылка 0 0
старый 2,207274913189721 0,001700519963936611
статистик 0 0
статус 1,4271163556401458 0,002198946618860009
статья 0 0
стиль 2,0402208285265546 0,0015718188201283164
стих 2,995732273553991 0,0023079601491170962
столица 0,7985076962177716 0,0006151831249751708
страница 0 0
строительство 2,5257286443082556 0,0019458618215009674
судьба 2,995732273553991 0,0023079601491170962
сухум 4,605170185988092 0,03193107216786813
сухумка 4,605170185988092 0,0035478969075409027
сухумский 4,605170185988092 0,0035478969075409027
сюд 0 0
театр 1,9661128563728327 0,00605889940330611
театральный 2,995732273553991 0,0023079601491170962
текст 0 0
телевизионный 3,912023005428146 0,0030138852121942574
тема 0,7550225842780328 0,0011633629958059059
техника 0,06187540371808745 9,53396051126155E-05
технический 2,659260036932778 0,0020487365461731724
течь 0 0
труд 2,120263536200091 0,0016334850047766496
труппа 3,912023005428146 0,0030138852121942574
турецкий 2,8134107167600364 0,0021674967001232945
турция 2,302585092994046 0,0017739484537704514
уарчить 4,605170185988092 0,0035478969075409027
угнетатель 4,605170185988092 0,0035478969075409027
удаться 3,506557897319982 0,00270150839546994
удел 4,605170185988092 0,0035478969075409027
указатель 0 0
уничтожить 2,995732273553991 0,0023079601491170962
уровень 2,0402208285265546 0,0015718188201283164
урыс 4,605170185988092 0,0035478969075409027
условие 0 0
участвовать 1,8971199848858813 0,0014615716370461336
участие 0 0
участник 0 0
участок 2,5257286443082556 0,0019458618215009674
учебник 3,912023005428146 0,006027770424388515
учитель 2,995732273553991 0,0023079601491170962
учительский 4,605170185988092 0,0035478969075409027
учиться 2,659260036932778 0,004097473092346345
ущелье 4,605170185988092 0,007095793815081805
фазиль 4,605170185988092 0,02838317526032722
фактически 4,605170185988092 0,0035478969075409027
февраль 0 0
фестиваль 2,995732273553991 0,0046159202982341925
физик 3,912023005428146 0,0030138852121942574
физика 2,659260036932778 0,0020487365461731724
физико 3,912023005428146 0,0030138852121942574
философия 0,09431067947124142 0,00014531691752117323
фонема 4,605170185988092 0,0035478969075409027
форум 0 0
французский 0,23572233352106994 0,00018160426311330505
футбол 1,7719568419318754 0,0068257197300919704
хаджимба 4,605170185988092 0,01419158763016361
хакипс 4,605170185988092 0,0035478969075409027
хинтба 4,605170185988092 0,007095793815081805
храм 1,2729656758128876 0,0009807131554798827
хребет 3,506557897319982 0,00540301679093988
хрестоматия 4,605170185988092 0,0035478969075409027
художник 1,9661128563728327 0,0015147248508265276
царизм 4,605170185988092 0,0035478969075409027
царь 2,120263536200091 0,0032669700095532992
центр 0,8915981192837835 0,0006869014786469827
центральный 1,2729656758128876 0,0009807131554798827
частичный 2,659260036932778 0,004097473092346345
часть 0,5978370007556204 0,0018423328220512187
чачба 4,605170185988092 0,0035478969075409027
чемпионат 1,4696759700589417 0,0033967857551439333
чернокожий 4,605170185988092 0,0035478969075409027
черный 3,506557897319982 0,00270150839546994
четверта 4,605170185988092 0,0035478969075409027
четыре 3,2188758248682006 0,002479873516847612
читать 0 0
чужой 4,605170185988092 0,0035478969075409027
шабат 4,605170185988092 0,007095793815081805
шаблон 0 0
шалва 4,605170185988092 0,007095793815081805
шемякин 3,912023005428146 0,006027770424388515
экземпляр 2,8134107167600364 0,0021674967001232945
элемент 0,19845093872383823 0,00030577956660067523
эльвира 3,912023005428146 0,01205554084877703
энциклопедия 0 0
этнография 3,912023005428146 0,0030138852121942574
юг 1,0216512475319812 0,0007870964927056866
юго 1,171182981502945 0,0009022981367511133
южный 1,171182981502945 0,004511490683755567
явка 3,912023005428146 0,0030138852121942574
являться 0,3424903089467759 0,00026386002230106
язык 0 0
январь 0,6733445532637655 0,0025937771697371556
