август 0 0
авиационный 2,302585092994046 0,0009634247251021112
авиация 2,120263536200091 0,0026614186646863065
автор 1,7147984280919266 0,0007174888820468311
адольф 3,2188758248682006 0,0013468099685641005
азербайджан 2,8134107167600364 0,0023543185914309925
академия 2,120263536200091 0,0008871395548954355
александр 1,3470736479666094 0,006763549696903478
александра 2,407945608651872 0,0020150172457337836
александрович 1,6607312068216509 0,002779466454931633
алексеевич 1,8971199848858813 0,0015875481045070135
алексеевна 2,659260036932778 0,0011126611033191538
алексей 1,7719568419318754 0,005189831754612188
алибаба 3,506557897319982 0,0029343580730711145
алфавит 0 0
альфа 3,912023005428146 0,0016368297093841615
амбразура 4,605170185988092 0,005780548350612667
америка 1,4271163556401458 0,0011942396281507497
американский 1,4271163556401458 0,0005971198140753748
анатолия 2,8134107167600364 0,0023543185914309925
англ 1,0498221244986776 0,0017570244761484144
английский 0,37106368139083196 0,00031051354091283004
андреевич 2,407945608651872 0,0020150172457337836
андреевна 3,506557897319982 0,0014671790365355572
антифашистский 4,605170185988092 0,003853698900408445
антифриз 4,605170185988092 0,005780548350612667
апрель 0 0
аренда 3,912023005428146 0,0016368297093841615
армия 1,7719568419318754 0,004448427218239018
артиллерия 3,2188758248682006 0,004040429905692302
атака 2,995732273553991 0,0037603333977665157
баз 2,5257286443082556 0,00105679022774404
балтиец 4,605170185988092 0,0019268494502042224
батальон 3,2188758248682006 0,002693619937128201
белоруссия 2,659260036932778 0,0011126611033191538
бен 2,407945608651872 0,0010075086228668918
берлин 3,912023005428146 0,003273659418768323
берлина 3,2188758248682006 0,002693619937128201
беспроцентный 4,605170185988092 0,0019268494502042224
бессарабия 3,912023005428146 0,003273659418768323
бис 4,605170185988092 0,0019268494502042224
битва 1,8971199848858813 0,004762644313521041
близнец 3,506557897319982 0,0014671790365355572
блокада 3,912023005428146 0,004910489128152485
богач 3,912023005428146 0,003273659418768323
боевой 1,8971199848858813 0,003968870261267534
боеприпас 4,605170185988092 0,003853698900408445
боец 2,995732273553991 0,0012534444659221718
бой 1,8971199848858813 0,004762644313521041
болгария 2,659260036932778 0,0022253222066383077
болгарский 1,9661128563728327 0,0008226413624990932
болото 2,995732273553991 0,0025068889318443435
борис 2,5257286443082556 0,00105679022774404
борисов 3,2188758248682006 0,0013468099685641005
борьба 1,8325814637483102 0,0007667704869239792
брак 2,659260036932778 0,0022253222066383077
брат 2,302585092994046 0,004817123625510556
браун 3,506557897319982 0,0029343580730711145
бригада 3,912023005428146 0,013094637675073292
бронежилет 4,605170185988092 0,003853698900408445
бронепоезд 3,912023005428146 0,003273659418768323
брт 4,605170185988092 0,005780548350612667
буковина 4,605170185988092 0,003853698900408445
бурков 3,506557897319982 0,0029343580730711145
бывалый 3,912023005428146 0,0016368297093841615
бык 2,8134107167600364 0,0011771592957154962
быть 1,9661128563728327 0,0008226413624990932
бюро 3,2188758248682006 0,0013468099685641005
вагон 3,506557897319982 0,0014671790365355572
важность 3,506557897319982 0,0014671790365355572
важный 2,659260036932778 0,0022253222066383077
вакур 4,605170185988092 0,003853698900408445
вал 3,506557897319982 0,0029343580730711145
валенок 3,912023005428146 0,0016368297093841615
василий 1,8325814637483102 0,006134163895391833
васильевич 1,8325814637483102 0,006900934382315813
ввести 2,995732273553991 0,0012534444659221718
вгик 4,605170185988092 0,0019268494502042224
ведьма 4,605170185988092 0,0019268494502042224
век 0,5108256237659907 0,00042746914122677044
великий 1,0216512475319812 0,03077777816832747
великобритания 1,6607312068216509 0,002779466454931633
венгрия 2,8134107167600364 0,0023543185914309925
вернуть 3,2188758248682006 0,0013468099685641005
версия 0 0
верховный 2,407945608651872 0,006045051737201351
вести 2,995732273553991 0,0012534444659221718
вещь 3,506557897319982 0,0014671790365355572
взайм 4,605170185988092 0,0019268494502042224
взвод 3,912023005428146 0,004910489128152485
взять 2,407945608651872 0,0020150172457337836
википедия 0 0
виктор 1,9661128563728327 0,0016452827249981863
викторович 2,207274913189721 0,00092354598878231
вилль 3,506557897319982 0,0014671790365355572
вклад 0 0
включая 2,5257286443082556 0,00105679022774404
владимир 1,2378743560016172 0,002071756244354171
владимирович 2,0402208285265546 0,0008536488822286839
вместо 2,8134107167600364 0,0011771592957154962
вмф 4,605170185988092 0,003853698900408445
внимание 2,5257286443082556 0,00105679022774404
водитель 3,912023005428146 0,0016368297093841615
водить 3,912023005428146 0,0016368297093841615
водоизмещение 4,605170185988092 0,0019268494502042224
воевать 2,995732273553991 0,0037603333977665157
военачальник 2,407945608651872 0,0010075086228668918
военный 1,0498221244986776 0,00483181730940814
возвратить 4,605170185988092 0,0019268494502042224
возвращаться 4,605170185988092 0,0019268494502042224
возглавлять 3,506557897319982 0,0014671790365355572
воздушный 2,0402208285265546 0,0008536488822286839
воин 2,659260036932778 0,0011126611033191538
война 0,7133498878774648 0,03193658493844717
войско 1,7719568419318754 0,005931236290985357
войтановский 3,506557897319982 0,0029343580730711145
волк 2,8134107167600364 0,0011771592957154962
воплотить 3,912023005428146 0,0016368297093841615
воронов 3,912023005428146 0,0016368297093841615
восстанавливаться 4,605170185988092 0,0019268494502042224
восток 0,7985076962177716 0,0006682072771696833
востоковед 3,506557897319982 0,0014671790365355572
впятер 3,912023005428146 0,0016368297093841615
вручить 2,120263536200091 0,0008871395548954355
всероссийский 3,912023005428146 0,0016368297093841615
встретить 2,995732273553991 0,0012534444659221718
вступить 2,8134107167600364 0,0023543185914309925
второй 1,2378743560016172 0,0031076343665312565
выбор 2,120263536200091 0,001774279109790871
вывезти 3,506557897319982 0,0014671790365355572
вынудить 2,302585092994046 0,0009634247251021112
выразить 3,506557897319982 0,0014671790365355572
гвардейский 3,2188758248682006 0,012121289717076905
гдр 3,912023005428146 0,003273659418768323
геленджик 4,605170185988092 0,0019268494502042224
генерал 1,8325814637483102 0,0007667704869239792
георгия 2,5257286443082556 0,00105679022774404
гера 1,9661128563728327 0,012339620437486397
герасимов 3,912023005428146 0,0016368297093841615
германий 2,207274913189721 0,0027706379663469303
германия 1,9661128563728327 0,0024679240874972796
героический 3,506557897319982 0,0014671790365355572
герой 2,120263536200091 0,010645674658745226
гетто 3,912023005428146 0,006547318837536646
гимн 1,2378743560016172 0,0005179390610885428
гитлер 2,995732273553991 0,005013777863688687
гквн 4,605170185988092 0,0019268494502042224
глава 2,120263536200091 0,0008871395548954355
главное 1,7147984280919266 0,005022422174327819
главнокомандование 4,605170185988092 0,00770739780081689
главнокомандующий 3,912023005428146 0,003273659418768323
главный 1,9661128563728327 0,004113206812495465
год 0,6348782724359695 0,0018594761117371491
голландский 2,995732273553991 0,0012534444659221718
город 0,3424903089467759 0,0002866027689931179
горсть 4,605170185988092 0,0019268494502042224
государственный 0,7765287894989963 0,002599259546440155
гражданский 1,5141277326297755 0,0025341049918489967
граница 1,4271163556401458 0,0011942396281507497
гребенеть 3,912023005428146 0,003273659418768323
григория 2,8134107167600364 0,0023543185914309925
григорьевич 2,407945608651872 0,0020150172457337836
грудь 4,605170185988092 0,0019268494502042224
груз 3,2188758248682006 0,0013468099685641005
гурьевич 3,912023005428146 0,003273659418768323
д 1,5141277326297755 0,0006335262479622492
давать 3,912023005428146 0,003273659418768323
даль 3,506557897319982 0,0014671790365355572
дальневосточный 4,605170185988092 0,0019268494502042224
дальний 3,2188758248682006 0,0013468099685641005
далья 0,3566749439387324 0,00044770913465112854
данилович 3,2188758248682006 0,004040429905692302
данный 0,1508228897345837 6,310581160442832E-05
данцига 3,912023005428146 0,003273659418768323
два 0 0
дважда 2,302585092994046 0,0009634247251021112
движение 1,6094379124341003 0,0006734049842820502
девица 3,506557897319982 0,0029343580730711145
девушка 3,2188758248682006 0,0013468099685641005
декабрь 0 0
дело 2,120263536200091 0,0008871395548954355
день 1,3862943611198906 0,0005800394816401215
деревня 1,8325814637483102 0,0007667704869239792
десантник 3,912023005428146 0,0016368297093841615
десятка 2,995732273553991 0,0012534444659221718
деятель 1,5141277326297755 0,0006335262479622492
дмитриевич 3,2188758248682006 0,002693619937128201
дмитриевна 3,506557897319982 0,0014671790365355572
дмитрия 2,120263536200091 0,003548558219581742
днепр 3,2188758248682006 0,0013468099685641005
добавить 1,0498221244986776 0,0008785122380742072
доехать 3,912023005428146 0,0016368297093841615
долгосрочный 3,912023005428146 0,0016368297093841615
должить 3,2188758248682006 0,0013468099685641005
должный 2,5257286443082556 0,00105679022774404
дом 1,3470736479666094 0,0005636291414086232
донбасс 3,506557897319982 0,0044015371096066715
дополнить 1,5141277326297755 0,0019005787438867475
доработка 2,5257286443082556 0,00105679022774404
дорога 1,5606477482646683 0,0019589720689514663
дорогой 3,2188758248682006 0,0013468099685641005
дорожный 3,912023005428146 0,0016368297093841615
доставить 3,506557897319982 0,0014671790365355572
доставлять 4,605170185988092 0,0019268494502042224
доценко 3,912023005428146 0,004910489128152485
дубина 3,912023005428146 0,003273659418768323
дурова 3,912023005428146 0,0016368297093841615
духовный 3,912023005428146 0,0016368297093841615
ева 3,912023005428146 0,0016368297093841615
евгеньевич 3,912023005428146 0,0016368297093841615
евдокия 4,605170185988092 0,003853698900408445
еврей 2,659260036932778 0,0022253222066383077
еврейский 3,2188758248682006 0,002693619937128201
европа 0,8915981192837835 0,0003730536063948885
европейский 1,1086626245216111 0,0004638755751136448
евсеевич 3,506557897319982 0,0014671790365355572
единственный 1,3470736479666094 0,0005636291414086232
екатерина 2,5257286443082556 0,00105679022774404
ефим 3,506557897319982 0,0044015371096066715
ефимович 2,659260036932778 0,004450644413276615
женский 2,302585092994046 0,0009634247251021112
женщина 1,6607312068216509 0,0013897332274658166
жидкость 3,912023005428146 0,0016368297093841615
жизненный 3,912023005428146 0,0016368297093841615
жизнь 1,5606477482646683 0,0013059813793009777
журнал 0 0
завалья 4,605170185988092 0,003853698900408445
заготовка 2,5257286443082556 0,00634074136646424
заградотряд 4,605170185988092 0,0019268494502042224
заём 4,605170185988092 0,0019268494502042224
заинтересованность 3,912023005428146 0,0016368297093841615
заказ 4,605170185988092 0,0019268494502042224
закон 1,9661128563728327 0,0024679240874972796
закрыть 3,2188758248682006 0,004040429905692302
заменять 3,506557897319982 0,0014671790365355572
замкнуть 4,605170185988092 0,0019268494502042224
заниматься 0 0
заново 3,912023005428146 0,0016368297093841615
занятый 3,506557897319982 0,0014671790365355572
западный 0,9942522733438669 0,0033280410823225666
заслуга 2,0402208285265546 0,0008536488822286839
заставить 3,506557897319982 0,0014671790365355572
захотеть 3,912023005428146 0,0016368297093841615
защита 2,120263536200091 0,001774279109790871
защищать 2,659260036932778 0,0011126611033191538
звание 2,407945608651872 0,00503754311433446
звезда 1,8325814637483102 0,004600622921543875
звереть 3,912023005428146 0,003273659418768323
здание 1,8325814637483102 0,0015335409738479583
землетрясение 3,2188758248682006 0,002693619937128201
земля 1,2378743560016172 0,0005179390610885428
зенитка 3,912023005428146 0,0016368297093841615
зенитчик 4,605170185988092 0,0019268494502042224
зимний 2,659260036932778 0,0011126611033191538
знаете 0,06187540371808745 2,5889290258613994E-05
знак 0 0
знамя 2,8134107167600364 0,004708637182861985
золотой 1,4696759700589417 0,0012298543682501602
зсфср 3,912023005428146 0,003273659418768323
иван 1,7719568419318754 0,0029656181454926784
иванович 1,6094379124341003 0,008754264795666654
ивановна 3,912023005428146 0,003273659418768323
иврит 1,6607312068216509 0,0013897332274658166
избранный 0,083381608939051 0,0001395508099398343
избрать 0 0
изменение 0 0
изображение 0,06187540371808745 5,177858051722799E-05
изобретатель 2,659260036932778 0,0011126611033191538
изобретение 4,605170185988092 0,0019268494502042224
ил 2,995732273553991 0,0012534444659221718
илла 1,3862943611198906 0,0005800394816401215
ильич 2,5257286443082556 0,00105679022774404
иметь 0,616186139423817 0,0005156369367563321
иметься 1,4271163556401458 0,0011942396281507497
империя 1,2039728043259361 0,001007508622866892
имущество 3,506557897319982 0,0014671790365355572
имя 1,4271163556401458 0,0011942396281507497
ингушский 3,912023005428146 0,0016368297093841615
интервик 0,9675840262617057 0,0004048468729128476
интернационал 3,506557897319982 0,0029343580730711145
ирина 3,2188758248682006 0,0013468099685641005
искать 0 0
исмий 3,912023005428146 0,003273659418768323
испания 1,7147984280919266 0,0014349777640936623
использование 0 0
использовать 1,4271163556401458 0,0005971198140753748
история 0 0
источник 0 0
истребитель 2,995732273553991 0,0012534444659221718
италия 1,8325814637483102 0,0015335409738479583
итог 2,8134107167600364 0,0011771592957154962
июнь 0 0
кабан 3,912023005428146 0,003273659418768323
кавалер 3,2188758248682006 0,009427669779948704
кавалерист 3,912023005428146 0,0016368297093841615
кавказец 4,605170185988092 0,0019268494502042224
кавказский 2,995732273553991 0,0012534444659221718
кади 3,912023005428146 0,0016368297093841615
какой 1,8971199848858813 0,0007937740522535068
калужский 4,605170185988092 0,0019268494502042224
карась 4,605170185988092 0,003853698900408445
карельский 3,912023005428146 0,003273659418768323
карман 3,506557897319982 0,0029343580730711145
катанугин 3,506557897319982 0,0029343580730711145
категория 0 0
катюша 3,912023005428146 0,003273659418768323
качество 1,5606477482646683 0,0006529906896504888
кирпич 3,912023005428146 0,0016368297093841615
китай 1,8971199848858813 0,0015875481045070135
кладбище 2,5257286443082556 0,00211358045548808
клопшин 3,912023005428146 0,003273659418768323
км 0,8209805520698303 0,0003435065071421884
книга 0 0
князев 3,912023005428146 0,003273659418768323
код 0 0
коллаборационизм 3,506557897319982 0,0029343580730711145
кольцо 3,2188758248682006 0,002693619937128201
командир 3,2188758248682006 0,008080859811384605
командование 2,659260036932778 0,0011126611033191538
командовать 2,8134107167600364 0,0011771592957154962
командующий 3,506557897319982 0,0014671790365355572
комбат 4,605170185988092 0,0019268494502042224
комиссариат 3,912023005428146 0,003273659418768323
комитет 2,659260036932778 0,007788627723234078
конгресс 3,506557897319982 0,0029343580730711145
конец 1,4271163556401458 0,0005971198140753748
константин 2,659260036932778 0,0022253222066383077
константинович 2,995732273553991 0,0012534444659221718
конструкторский 3,912023005428146 0,0016368297093841615
контроль 2,995732273553991 0,0012534444659221718
контрразведчик 4,605170185988092 0,0019268494502042224
контрудар 3,2188758248682006 0,0013468099685641005
контузить 4,605170185988092 0,0019268494502042224
концепция 3,2188758248682006 0,0013468099685641005
корабль 2,407945608651872 0,0020150172457337836
который 0,9162907318741551 0,0003833852434619896
кочерга 3,506557897319982 0,0014671790365355572
краевой 3,506557897319982 0,0029343580730711145
красная 2,207274913189721 0,0055412759326938605
красный 0,7765287894989963 0,0012996297732200774
кредит 4,605170185988092 0,0019268494502042224
крепостной 3,2188758248682006 0,0013468099685641005
крестьянский 2,995732273553991 0,0037603333977665157
крым 3,506557897319982 0,0014671790365355572
л 2,8134107167600364 0,0011771592957154962
лазарет 4,605170185988092 0,003853698900408445
лезгинка 4,605170185988092 0,0019268494502042224
ленда 3,506557897319982 0,01613896940189113
ленинград 3,912023005428146 0,006547318837536646
летний 1,7147984280919266 0,0021524666461404936
лиз 3,506557897319982 0,008803074219213343
лиза 3,506557897319982 0,0073358951826777855
линия 1,8971199848858813 0,0015875481045070135
личность 0,127833371509885 0,00010697353264425522
личный 2,5257286443082556 0,00317037068323212
лишение 4,605170185988092 0,0019268494502042224
лодка 2,5257286443082556 0,01162469250518444
лучший 0 0
любая 2,8134107167600364 0,0011771592957154962
май 0 0
малый 1,9661128563728327 0,0008226413624990932
мария 1,6607312068216509 0,0006948666137329083
март 0 0
марта 0,3566749439387324 0,00029847275643408566
маруся 3,912023005428146 0,0016368297093841615
маршал 3,2188758248682006 0,002693619937128201
матвеевич 3,506557897319982 0,0029343580730711145
материал 0 0
матросовый 4,605170185988092 0,0019268494502042224
матч 2,407945608651872 0,0010075086228668918
машина 3,2188758248682006 0,002693619937128201
медаль 2,407945608651872 0,0020150172457337836
медсестра 4,605170185988092 0,0019268494502042224
место 0 0
миниатюра 4,605170185988092 0,005780548350612667
минский 3,912023005428146 0,0016368297093841615
минута 2,8134107167600364 0,0011771592957154962
мирный 2,8134107167600364 0,0011771592957154962
миро 0 0
мировой 1,2039728043259361 0,004533788802901014
михаил 1,5606477482646683 0,004570934827553422
михайлович 1,7719568419318754 0,003707022681865848
младший 2,5257286443082556 0,00211358045548808
млрд 4,605170185988092 0,01541479560163378
мм 3,506557897319982 0,0014671790365355572
мобильный 0 0
могила 2,5257286443082556 0,00105679022774404
мой 0 0
мороз 2,659260036932778 0,0033379833099574617
морской 1,6607312068216509 0,0041691996823974495
москва 1,4271163556401458 0,0023884792563014993
моча 0,16251892949777494 6,799955209111921E-05
мочь 0,8209805520698303 0,0013740260285687537
мухиддин 3,506557897319982 0,0029343580730711145
навигация 0 0
наводчик 4,605170185988092 0,0019268494502042224
награда 1,3470736479666094 0,0022545165656344926
наградить 3,506557897319982 0,0014671790365355572
надгробный 3,912023005428146 0,0016368297093841615
надежда 3,2188758248682006 0,008080859811384605
нажать 0 0
назвалить 2,995732273553991 0,0012534444659221718
название 0 0
наименование 3,912023005428146 0,0016368297093841615
наименьший 3,912023005428146 0,0016368297093841615
найти 0 0
направление 1,8325814637483102 0,0038338524346198956
нариман 3,2188758248682006 0,004040429905692302
нариманов 3,506557897319982 0,0014671790365355572
народный 1,8325814637483102 0,0015335409738479583
настоящий 1,6094379124341003 0,0006734049842820502
наступать 3,2188758248682006 0,0013468099685641005
находиться 0 0
нацист 3,506557897319982 0,0014671790365355572
нацистский 3,2188758248682006 0,006734049842820502
нация 1,9661128563728327 0,0008226413624990932
начало 1,2039728043259361 0,000503754311433446
начать 0,38566248081198473 0,00484095164199144
начаться 2,207274913189721 0,00092354598878231
неделя 1,5141277326297755 0,0006335262479622492
некоммерческий 0 0
некоторые 1,8325814637483102 0,0007667704869239792
немецкий 0,5108256237659907 0,0014961419942936967
немецко 3,912023005428146 0,0016368297093841615
неподшитый 3,912023005428146 0,0016368297093841615
непроверенный 1,9661128563728327 0,0016452827249981863
неразрушенный 4,605170185988092 0,0019268494502042224
нефтепродукт 4,605170185988092 0,003853698900408445
николаев 3,506557897319982 0,0029343580730711145
николаевич 1,5606477482646683 0,0026119627586019553
николаевна 3,506557897319982 0,0029343580730711145
николай 1,5141277326297755 0,008869367471471488
новый 0 0
нога 2,8134107167600364 0,0011771592957154962
ночной 2,995732273553991 0,0025068889318443435
ноябрь 0 0
обеий 4,605170185988092 0,003853698900408445
обеспечение 3,2188758248682006 0,0013468099685641005
область 0,7765287894989963 0,0006498148866100387
облегчить 4,605170185988092 0,0019268494502042224
обнаружить 2,407945608651872 0,0010075086228668918
оборона 2,302585092994046 0,010597671976123225
оборонять 4,605170185988092 0,0019268494502042224
обороняться 3,912023005428146 0,0016368297093841615
оборудование 3,2188758248682006 0,0013468099685641005
образ 1,7147984280919266 0,0007174888820468311
образец 2,407945608651872 0,0010075086228668918
образование 0,7339691750802005 0,000614200146510628
обратный 3,506557897319982 0,0014671790365355572
обсуждение 0 0
общий 1,3470736479666094 0,0011272582828172463
обязательный 0 0
овчарка 3,912023005428146 0,004910489128152485
оглы 2,995732273553991 0,005013777863688687
одесса 3,2188758248682006 0,002693619937128201
один 0,843970070294529 0,0007062511048489782
оказаться 2,407945608651872 0,0010075086228668918
оккупация 3,2188758248682006 0,002693619937128201
окончание 2,659260036932778 0,0022253222066383077
окончиться 3,506557897319982 0,0014671790365355572
октябрь 0 0
ольга 2,659260036932778 0,0022253222066383077
операция 1,9661128563728327 0,009871696349989119
описание 0 0
оплата 4,605170185988092 0,0019268494502042224
оплатить 4,605170185988092 0,0019268494502042224
орган 1,9661128563728327 0,0008226413624990932
организация 0 0
организовать 1,9661128563728327 0,0008226413624990932
орден 1,5141277326297755 0,009502893719433737
оружие 2,0402208285265546 0,00426824441114342
освобождение 2,659260036932778 0,0022253222066383077
основа 1,8971199848858813 0,0007937740522535068
основной 0 0
остановить 3,912023005428146 0,003273659418768323
остаться 2,8134107167600364 0,0011771592957154962
ответственность 0 0
отдельный 0 0
отец 1,7719568419318754 0,0007414045363731696
отечественный 2,0402208285265546 0,06146271952046524
отк 4,605170185988092 0,0019268494502042224
отказ 0 0
открыть 2,0402208285265546 0,0008536488822286839
отличиться 3,506557897319982 0,0014671790365355572
относить 2,995732273553991 0,0012534444659221718
отношение 1,4696759700589417 0,0012298543682501602
отряд 2,5257286443082556 0,00105679022774404
отсутствовать 0,05129329438755048 0,0001502314061560056
офицер 2,8134107167600364 0,007062955774292978
павел 2,407945608651872 0,007052560360068244
павлович 2,407945608651872 0,0020150172457337836
палехский 4,605170185988092 0,005780548350612667
памятник 1,2039728043259361 0,0015112629343003382
память 3,506557897319982 0,0029343580730711145
парашютист 3,506557897319982 0,0014671790365355572
партизан 3,2188758248682006 0,0013468099685641005
пелить 3,912023005428146 0,0016368297093841615
первый 0 0
передавать 4,605170185988092 0,0019268494502042224
передать 3,912023005428146 0,0016368297093841615
перейти 0 0
период 1,3093333199837622 0,0005478382091982268
петербург 2,207274913189721 0,00184709197756462
петрович 2,407945608651872 0,004030034491467567
пехота 3,506557897319982 0,0014671790365355572
пехотинец 3,912023005428146 0,0016368297093841615
печать 0 0
писатель 2,207274913189721 0,00184709197756462
плав 4,605170185988092 0,0019268494502042224
плацдарм 4,605170185988092 0,003853698900408445
плен 3,2188758248682006 0,002693619937128201
пн 0,127833371509885 0,0004278941305770209
победа 1,8971199848858813 0,005556418365774548
поверженный 4,605170185988092 0,0019268494502042224
повести 4,605170185988092 0,0019268494502042224
повесть 3,506557897319982 0,0014671790365355572
повредить 3,912023005428146 0,0016368297093841615
повторить 3,912023005428146 0,0016368297093841615
погибнуть 1,9661128563728327 0,0016452827249981863
пограничник 4,605170185988092 0,0019268494502042224
подбить 3,912023005428146 0,0016368297093841615
подборка 1,6094379124341003 0,005387239874256402
подводный 3,2188758248682006 0,009427669779948704
подлежать 4,605170185988092 0,0019268494502042224
подписывать 4,605170185988092 0,0019268494502042224
подробный 0 0
подступ 3,912023005428146 0,0016368297093841615
поединок 3,506557897319982 0,0014671790365355572
поиск 0 0
показать 1,2729656758128876 0,0010652432433580648
полвека 3,912023005428146 0,0016368297093841615
полезный 2,5257286443082556 0,00105679022774404
политик 0 0
полк 2,659260036932778 0,0011126611033191538
полководец 2,995732273553991 0,0012534444659221718
полномочие 3,912023005428146 0,0016368297093841615
полность 2,407945608651872 0,0010075086228668918
полный 1,6094379124341003 0,005387239874256402
положение 2,5257286443082556 0,00105679022774404
полок 2,995732273553991 0,0012534444659221718
полтавщина 4,605170185988092 0,0019268494502042224
получить 0 0
поль 2,8134107167600364 0,0011771592957154962
польский 1,2729656758128876 0,0021304864867161297
польша 2,995732273553991 0,0025068889318443435
полянский 3,912023005428146 0,003273659418768323
помогать 3,912023005428146 0,0016368297093841615
помочь 0,127833371509885 0,00037440736425489333
портал 0 0
последний 0 0
посмотреть 0 0
поставить 2,302585092994046 0,0019268494502042224
поставка 4,605170185988092 0,003853698900408445
построить 1,4696759700589417 0,0006149271841250801
потеря 2,8134107167600364 0,0011771592957154962
потерять 3,2188758248682006 0,002693619937128201
потопить 4,605170185988092 0,0019268494502042224
поход 2,407945608651872 0,0020150172457337836
появиться 1,6607312068216509 0,0006948666137329083
править 0 0
правка 0 0
предлагать 0 0
предмет 2,5257286443082556 0,00105679022774404
предоставить 4,605170185988092 0,0019268494502042224
председатель 2,659260036932778 0,0011126611033191538
представить 2,120263536200091 0,0008871395548954355
представляться 3,912023005428146 0,0016368297093841615
предусматривать 3,506557897319982 0,0029343580730711145
прежде 2,659260036932778 0,0011126611033191538
президент 1,3093333199837622 0,0010956764183964536
премия 1,8325814637483102 0,0015335409738479583
приверженец 3,2188758248682006 0,0013468099685641005
пригодный 4,605170185988092 0,0019268494502042224
придтись 3,2188758248682006 0,002693619937128201
признаваться 3,506557897319982 0,0014671790365355572
приказ 3,2188758248682006 0,002693619937128201
применение 2,8134107167600364 0,0023543185914309925
примерно 2,407945608651872 0,0010075086228668918
примечательный 2,0402208285265546 0,0008536488822286839
принимать 2,302585092994046 0,0009634247251021112
принятый 4,605170185988092 0,0019268494502042224
принять 1,3862943611198906 0,0005800394816401215
присвоить 2,8134107167600364 0,0023543185914309925
присоединение 4,605170185988092 0,0019268494502042224
проверить 1,9661128563728327 0,0016452827249981863
программа 2,207274913189721 0,00184709197756462
продовольствие 4,605170185988092 0,003853698900408445
проект 0 0
проехать 4,605170185988092 0,0019268494502042224
производственный 3,912023005428146 0,003273659418768323
пройти 2,207274913189721 0,00092354598878231
просмотр 1,2729656758128876 0,0005326216216790324
противник 2,407945608651872 0,0020150172457337836
профессия 3,2188758248682006 0,0013468099685641005
публикация 3,506557897319982 0,0014671790365355572
пуля 3,912023005428146 0,0016368297093841615
путь 2,120263536200091 0,001774279109790871
работа 0,9942522733438669 0,0008320102705806417
работать 1,7147984280919266 0,0007174888820468311
рабоча 3,506557897319982 0,0073358951826777855
раз 2,659260036932778 0,0011126611033191538
разведка 2,995732273553991 0,0012534444659221718
разведчик 3,2188758248682006 0,002693619937128201
различный 1,8971199848858813 0,0007937740522535068
разработать 2,5257286443082556 0,00105679022774404
разработка 1,07880966137193 0,0013541543866593263
разработчик 0 0
район 1,171182981502945 0,0014701041608823579
рамка 1,8971199848858813 0,0007937740522535068
ранение 2,995732273553991 0,0012534444659221718
раненый 4,605170185988092 0,003853698900408445
ранить 4,605170185988092 0,0019268494502042224
регион 0,9942522733438669 0,0008320102705806417
резерв 3,912023005428146 0,003273659418768323
рейх 3,506557897319982 0,0073358951826777855
рельсовый 3,912023005428146 0,0016368297093841615
республика 0,9416085398584451 0,0015759138742400753
решать 3,912023005428146 0,0016368297093841615
ркк 3,2188758248682006 0,012121289717076905
родина 1,6094379124341003 0,0006734049842820502
родиться 0,8915981192837835 0,0003730536063948885
родной 2,407945608651872 0,0020150172457337836
родственный 0,21072103131565253 8,816779552956173E-05
розум 3,912023005428146 0,003273659418768323
российский 1,0498221244986776 0,0017570244761484144
россия 0,7765287894989963 0,0022743521031351357
рот 3,506557897319982 0,0014671790365355572
рота 2,995732273553991 0,0025068889318443435
рузвельт 3,912023005428146 0,003273659418768323
рука 2,407945608651872 0,0010075086228668918
румыния 2,659260036932778 0,0022253222066383077
русский 0 0
рустем 3,506557897319982 0,0029343580730711145
самсонович 3,912023005428146 0,003273659418768323
самый 0,5447271754416719 0,00022791932026848197
санкт 2,120263536200091 0,001774279109790871
сбивать 3,912023005428146 0,0016368297093841615
сведение 0 0
свежий 0 0
свирид 3,912023005428146 0,003273659418768323
свободный 0 0
свой 1,4696759700589417 0,0018447815523752406
связать 0 0
сдавать 4,605170185988092 0,0019268494502042224
сдаться 3,912023005428146 0,0016368297093841615
севастополь 3,2188758248682006 0,002693619937128201
северный 1,1086626245216111 0,0009277511502272896
северо 1,6094379124341003 0,002693619937128201
сеитнияз 3,912023005428146 0,003273659418768323
семнадцатилетний 4,605170185988092 0,0019268494502042224
сентябрь 0 0
сергеевич 2,302585092994046 0,0019268494502042224
сергеевна 3,2188758248682006 0,002693619937128201
сержант 3,506557897319982 0,0014671790365355572
серия 2,207274913189721 0,00184709197756462
сестра 3,506557897319982 0,0014671790365355572
сила 0,9416085398584451 0,004333763154160207
система 0 0
скать 4,605170185988092 0,0019268494502042224
скончаться 2,995732273553991 0,0012534444659221718
скрыть 2,8134107167600364 0,0011771592957154962
слава 2,302585092994046 0,011561096701225335
словакия 2,8134107167600364 0,0011771592957154962
случай 0 0
случайный 0 0
случаться 4,605170185988092 0,0019268494502042224
смертник 3,912023005428146 0,0016368297093841615
смог 2,995732273553991 0,0012534444659221718
смотреть 0 0
собака 3,2188758248682006 0,004040429905692302
собственный 1,8325814637483102 0,0007667704869239792
событие 0 0
совет 2,302585092994046 0,0019268494502042224
советский 1,3470736479666094 0,017472503383667317
советско 2,995732273553991 0,0037603333977665157
современный 1,0216512475319812 0,0004274691412267704
содружество 2,659260036932778 0,0022253222066383077
соединенный 4,605170185988092 0,0019268494502042224
создать 0 0
солдат 2,8134107167600364 0,003531477887146489
сообщество 0 0
сооружение 2,207274913189721 0,00461772994391155
состав 1,0498221244986776 0,0008785122380742072
составить 2,407945608651872 0,0020150172457337836
сохранение 0 0
социализм 3,506557897319982 0,0014671790365355572
социалистический 1,9661128563728327 0,004935848174994559
союз 1,4696759700589417 0,012298543682501602
союзник 3,2188758248682006 0,008080859811384605
спасать 3,506557897319982 0,0014671790365355572
спасти 3,2188758248682006 0,0013468099685641005
специальный 2,407945608651872 0,0020150172457337836
список 0 0
сплясать 4,605170185988092 0,0019268494502042224
спрашивать 3,912023005428146 0,0016368297093841615
спустя 2,995732273553991 0,0025068889318443435
сравнимый 4,605170185988092 0,0019268494502042224
сражение 2,8134107167600364 0,0023543185914309925
средний 1,8971199848858813 0,0015875481045070135
ссср 1,4271163556401458 0,015525115165959745
ссылаться 0 0
ссылка 0 0
стабильный 1,4271163556401458 0,0011942396281507497
ставка 4,605170185988092 0,003853698900408445
сталинград 3,912023005428146 0,004910489128152485
сталинградский 3,506557897319982 0,0029343580730711145
сталинец 4,605170185988092 0,0019268494502042224
сталинский 3,912023005428146 0,0016368297093841615
старший 2,407945608651872 0,0020150172457337836
старшина 3,912023005428146 0,0016368297093841615
статистик 0 0
статус 1,4271163556401458 0,0011942396281507497
стать 0,4620354595965586 0,001739882483836413
статья 0 0
степанович 2,659260036932778 0,0022253222066383077
сторона 1,7719568419318754 0,0029656181454926784
стоять 3,2188758248682006 0,0013468099685641005
страйк 4,605170185988092 0,0019268494502042224
страна 0,43078291609245434 0,0007209755917865344
страница 0 0
стратегический 3,912023005428146 0,00982097825630497
страшный 2,995732273553991 0,0012534444659221718
стрелок 3,2188758248682006 0,002693619937128201
строиться 3,506557897319982 0,0014671790365355572
строй 1,5606477482646683 0,0026119627586019553
студентка 4,605170185988092 0,0019268494502042224
субмарина 3,912023005428146 0,003273659418768323
сувор 3,912023005428146 0,003273659418768323
судно 2,5257286443082556 0,00105679022774404
суток 3,2188758248682006 0,0013468099685641005
сцена 3,912023005428146 0,0016368297093841615
сша 0,9675840262617057 0,0020242343645642375
сын 1,6607312068216509 0,0006948666137329083
сюд 0 0
таджа 4,605170185988092 0,003853698900408445
тамара 3,506557897319982 0,0014671790365355572
танк 3,2188758248682006 0,013468099685641005
танкист 3,912023005428146 0,008184148546920806
танкистка 3,912023005428146 0,0016368297093841615
танковый 3,2188758248682006 0,010774479748512804
теймур 3,912023005428146 0,003273659418768323
текст 0 0
тело 2,120263536200091 0,0026614186646863065
территория 0,8675005677047231 0,0010889128464912842
техник 3,506557897319982 0,0014671790365355572
техника 0,06187540371808745 5,177858051722799E-05
технический 2,659260036932778 0,0011126611033191538
течь 0 0
тигр 3,506557897319982 0,0029343580730711145
тимофеевич 3,506557897319982 0,0029343580730711145
тимофеевна 3,912023005428146 0,0016368297093841615
типа 2,5257286443082556 0,00422716091097616
точка 2,207274913189721 0,00184709197756462
транспорт 0,9162907318741551 0,0003833852434619896
третий 1,7147984280919266 0,0014349777640936623
трижда 3,2188758248682006 0,0013468099685641005
трой 3,506557897319982 0,0014671790365355572
трофейный 3,506557897319982 0,0014671790365355572
труд 2,120263536200091 0,0026614186646863065
трудовой 3,912023005428146 0,0016368297093841615
тула 3,912023005428146 0,0016368297093841615
тульский 3,506557897319982 0,0014671790365355572
тяжеть 3,912023005428146 0,0016368297093841615
ударный 3,506557897319982 0,0014671790365355572
удостоить 2,995732273553991 0,0012534444659221718
узбекистан 2,8134107167600364 0,0023543185914309925
уйти 3,912023005428146 0,0016368297093841615
указатель 0 0
умирать 3,912023005428146 0,003273659418768323
университет 1,3470736479666094 0,0005636291414086232
уничтожить 2,995732273553991 0,0012534444659221718
упорство 3,912023005428146 0,0016368297093841615
управление 2,302585092994046 0,0019268494502042224
уран 3,912023005428146 0,0016368297093841615
усатый 3,506557897319982 0,0014671790365355572
усилить 3,912023005428146 0,0016368297093841615
условие 0 0
усман 3,912023005428146 0,003273659418768323
успешный 2,120263536200091 0,001774279109790871
установить 1,7719568419318754 0,0007414045363731696
утратить 2,8134107167600364 0,004708637182861985
уход 4,605170185988092 0,0019268494502042224
участвовать 1,8971199848858813 0,0015875481045070135
участие 0 0
участник 0 0
учиться 2,659260036932778 0,0022253222066383077
файл 1,5141277326297755 0,003801157487773495
факультет 2,5257286443082556 0,00105679022774404
фархат 3,506557897319982 0,0029343580730711145
фашизм 3,2188758248682006 0,004040429905692302
фашистский 3,506557897319982 0,0014671790365355572
февраль 0 0
федерация 1,4271163556401458 0,0005971198140753748
федотович 3,2188758248682006 0,002693619937128201
фельдмаршал 3,506557897319982 0,0014671790365355572
филипп 2,659260036932778 0,0011126611033191538
филиппович 3,912023005428146 0,0016368297093841615
финляндия 2,5257286443082556 0,00211358045548808
финский 1,9661128563728327 0,0008226413624990932
флот 2,8134107167600364 0,0023543185914309925
фоменко 3,912023005428146 0,003273659418768323
форт 2,8134107167600364 0,0011771592957154962
форум 0 0
франклин 3,2188758248682006 0,002693619937128201
франция 1,3093333199837622 0,0016435146275946807
француз 2,8134107167600364 0,0011771592957154962
фридрих 2,995732273553991 0,0012534444659221718
фронт 2,120263536200091 0,0008871395548954355
фронтовик 4,605170185988092 0,003853698900408445
фронтовой 3,912023005428146 0,0016368297093841615
фрунза 2,995732273553991 0,0012534444659221718
футбол 1,7719568419318754 0,0007414045363731696
футбольный 1,9661128563728327 0,0008226413624990932
ход 1,6607312068216509 0,0006948666137329083
ходить 3,912023005428146 0,0016368297093841615
холодный 2,995732273553991 0,0037603333977665157
хорватия 2,8134107167600364 0,0023543185914309925
хороший 0,7985076962177716 0,0013364145543393667
хранить 3,912023005428146 0,0016368297093841615
хроник 3,2188758248682006 0,004040429905692302
целить 4,605170185988092 0,0019268494502042224
целый 1,7719568419318754 0,0007414045363731696
цель 1,7719568419318754 0,0007414045363731696
цена 3,2188758248682006 0,0013468099685641005
центр 0,8915981192837835 0,0003730536063948885
центральный 1,2729656758128876 0,0005326216216790324
цик 3,912023005428146 0,0016368297093841615
частичный 2,659260036932778 0,0011126611033191538
часть 0,5978370007556204 0,00025014100450025954
чей 4,605170185988092 0,0019268494502042224
черкас 3,912023005428146 0,003273659418768323
черноморский 4,605170185988092 0,0019268494502042224
честь 1,8325814637483102 0,0007667704869239792
число 1,3470736479666094 0,0022545165656344926
читать 0 0
шаблон 0 0
шаг 4,605170185988092 0,0019268494502042224
шинкарук 3,912023005428146 0,003273659418768323
шмайссер 3,912023005428146 0,0016368297093841615
штат 1,7147984280919266 0,0035874444102341556
штурм 3,506557897319982 0,0014671790365355572
шубин 3,2188758248682006 0,002693619937128201
шульц 3,912023005428146 0,0016368297093841615
шум 3,506557897319982 0,0029343580730711145
шупен 3,912023005428146 0,003273659418768323
щур 3,912023005428146 0,003273659418768323
эквивалентный 4,605170185988092 0,0019268494502042224
энциклопедия 0 0
эшелон 3,912023005428146 0,008184148546920806
юго 1,171182981502945 0,0009800694405882385
юрий 2,120263536200091 0,001774279109790871
язык 0 0
яй 1,7147984280919266 0,0007174888820468311
яков 2,8134107167600364 0,003531477887146489
январь 0,6733445532637655 0,0002817341227045044
ярославский 3,2188758248682006 0,002693619937128201
