аббас 3,912023005428146 0,004037175444198292
абдул 3,506557897319982 0,005428108200185731
абдуллай 4,605170185988092 0,00950499522391763
август 0 0
августа 0,843970070294529 0,0004354850723913978
автономный 1,6607312068216509 0,001713860894552787
ага 3,912023005428146 0,00605576316629744
агдам 4,605170185988092 0,004752497611958815
адербайджан 4,605170185988092 0,0023762488059794074
адербиджан 4,605170185988092 0,0023762488059794074
административный 0,7133498878774648 0,0007361711949199842
азадистан 4,605170185988092 0,004752497611958815
азербайджан 2,8134107167600364 0,3208275378761445
азербайджанец 4,605170185988092 0,00950499522391763
азербайджано 4,605170185988092 0,004752497611958815
азербайджанский 1,6607312068216509 0,043703452811096076
азиз 3,506557897319982 0,00180936940006191
азизбек 4,605170185988092 0,004752497611958815
азизов 4,605170185988092 0,004752497611958815
азия 1,5141277326297755 0,0015625673195353719
ак 4,605170185988092 0,004752497611958815
алан 3,506557897319982 0,00361873880012382
али 2,407945608651872 0,004969959976577651
алибаба 3,506557897319982 0,00361873880012382
алий 3,912023005428146 0,008074350888396585
алфавит 0 0
альбертович 3,2188758248682006 0,0016609266382188856
английский 0,37106368139083196 0,0001914673278590464
античность 2,659260036932778 0,0013721672017196996
античный 2,8134107167600364 0,0014517083161816491
апрель 0 0
апшеронский 4,605170185988092 0,004752497611958815
арабо 3,506557897319982 0,00361873880012382
арабский 0,38566248081198473 0,00019900024809699934
армения 2,8134107167600364 0,010161958213271545
армия 1,7719568419318754 0,0009143224158575208
армянин 3,2188758248682006 0,003321853276437771
армянский 1,8325814637483102 0,0009456044704583643
археологический 2,995732273553991 0,003091570973739928
архитектура 1,1086626245216111 0,001144130675460899
аршин 4,605170185988092 0,004752497611958815
аскер 4,605170185988092 0,007128746417938223
астарачай 4,605170185988092 0,0023762488059794074
атропатен 3,912023005428146 0,004037175444198292
афрасияб 4,605170185988092 0,004752497611958815
ахмед 3,2188758248682006 0,003321853276437771
ахсуинский 4,605170185988092 0,0023762488059794074
ашик 4,605170185988092 0,004752497611958815
багиров 4,605170185988092 0,004752497611958815
бадалбейль 4,605170185988092 0,004752497611958815
бакинский 4,605170185988092 0,004752497611958815
баку 4,605170185988092 0,016633741641855854
бард 3,506557897319982 0,00180936940006191
бастя 4,605170185988092 0,004752497611958815
бахай 3,2188758248682006 0,003321853276437771
бахлулзад 4,605170185988092 0,004752497611958815
бегун 3,912023005428146 0,002018587722099146
бек 3,506557897319982 0,00723747760024764
белоруссия 2,659260036932778 0,0027443344034393993
белорусский 2,659260036932778 0,0027443344034393993
биби 3,912023005428146 0,004037175444198292
билал 4,605170185988092 0,004752497611958815
битва 1,8971199848858813 0,001957812161904934
близкий 2,995732273553991 0,001545785486869964
бог 2,0402208285265546 0,0010527455255554977
бой 1,8971199848858813 0,000978906080952467
большинство 1,7147984280919266 0,000884828910264152
брокгауз 4,605170185988092 0,004752497611958815
бронза 2,995732273553991 0,001545785486869964
бурханеддин 4,605170185988092 0,004752497611958815
бывать 2,8134107167600364 0,0014517083161816491
быть 1,9661128563728327 0,0020290122356788776
вазех 4,605170185988092 0,004752497611958815
валюта 1,5141277326297755 0,002343850979303058
василий 1,8325814637483102 0,0009456044704583643
введение 1,3470736479666094 0,001390168883350474
век 0,5108256237659907 0,0005271678263838913
велоспорт 3,2188758248682006 0,003321853276437771
вера 3,2188758248682006 0,0016609266382188856
версия 0 0
вид 1,0498221244986776 0,0005417038826102567
визовый 3,912023005428146 0,002018587722099146
викиновость 1,0216512475319812 0,0005271678263838912
википедия 0 0
викисклад 0,5798184952529422 0,0002991839500789175
викисловар 1,8325814637483102 0,0009456044704583643
викитек 1,1394342831883648 0,0005879433865781036
викицитатник 0,9675840262617057 0,000499269363396133
виноделие 3,912023005428146 0,004037175444198292
вклад 0 0
владимир 1,2378743560016172 0,001277476115584744
владимирович 2,0402208285265546 0,0021054910511109953
внести 2,5257286443082556 0,001303265554338625
внешний 1,3862943611198906 0,0014306443355210428
внутренний 2,120263536200091 0,002188094464602777
водка 4,605170185988092 0,004752497611958815
военный 1,0498221244986776 0,002166815530441027
возбудить 4,605170185988092 0,0023762488059794074
воздушный 2,0402208285265546 0,0021054910511109953
война 0,7133498878774648 0,0014723423898399684
войско 1,7719568419318754 0,0018286448317150416
восточный 0,9162907318741551 0,0018912089409167286
выбор 2,120263536200091 0,002188094464602777
выдаваться 2,407945608651872 0,0037274699824332382
выпуск 2,995732273553991 0,001545785486869964
вюгар 4,605170185988092 0,004752497611958815
габалинский 4,605170185988092 0,004752497611958815
гаджибек 4,605170185988092 0,004752497611958815
гариб 4,605170185988092 0,004752497611958815
гарри 2,995732273553991 0,003091570973739928
гасанов 4,605170185988092 0,004752497611958815
гасым 4,605170185988092 0,004752497611958815
гейдар 3,912023005428146 0,002018587722099146
гейя 4,605170185988092 0,004752497611958815
географически 3,912023005428146 0,002018587722099146
географический 2,302585092994046 0,0011881244029897037
география 0,083381608939051 0,00017209826406408874
герб 0,7133498878774648 0,0014723423898399684
гимн 1,2378743560016172 0,003193690288961861
глинка 4,605170185988092 0,0023762488059794074
гор 1,5141277326297755 0,0007812836597676859
гореть 3,2188758248682006 0,0016609266382188856
гористый 4,605170185988092 0,0023762488059794074
город 0,3424903089467759 0,00035344717125570266
государственный 0,7765287894989963 0,003205485199170263
государство 0,6733445532637655 0,001389772039760094
гражданин 2,659260036932778 0,0013721672017196996
граница 1,4271163556401458 0,0014727722968422557
граничить 1,1394342831883648 0,0011758867731562071
грузинский 1,8325814637483102 0,0009456044704583643
грузия 2,8134107167600364 0,007258541580908246
гулий 4,605170185988092 0,004752497611958815
гусейн 4,605170185988092 0,011881244029897037
гутон 4,605170185988092 0,0023762488059794074
гянджа 4,605170185988092 0,007128746417938223
гянджеви 4,605170185988092 0,004752497611958815
д 1,5141277326297755 0,0015625673195353719
дагестан 4,605170185988092 0,011881244029897037
данный 0,1508228897345837 7,782398851113708E-05
два 0 0
дворец 1,9661128563728327 0,006087036707036635
девушка 3,2188758248682006 0,004982779914656657
дежурный 2,995732273553991 0,003091570973739928
декабрь 0 0
декларация 3,506557897319982 0,00723747760024764
деление 0,9675840262617057 0,000998538726792266
дело 2,120263536200091 0,0010940472323013885
демократический 1,9661128563728327 0,004058024471357755
день 1,3862943611198906 0,0007153221677605214
детский 2,659260036932778 0,0027443344034393993
дзюдо 3,506557897319982 0,00361873880012382
дзюдоист 4,605170185988092 0,007128746417938223
длина 2,5257286443082556 0,00260653110867725
добротный 2,995732273553991 0,003091570973739928
донбасс 3,506557897319982 0,00180936940006191
дорога 1,5606477482646683 0,0008052877958022024
драматургия 3,912023005428146 0,002018587722099146
дружественный 3,506557897319982 0,005428108200185731
евгения 2,995732273553991 0,003091570973739928
евровидение 3,506557897319982 0,00361873880012382
европа 0,8915981192837835 0,0009201218981256795
европейский 1,1086626245216111 0,0017161960131913485
ефрон 4,605170185988092 0,004752497611958815
жертва 2,407945608651872 0,0012424899941444127
журнал 0 0
завоевать 2,995732273553991 0,001545785486869964
зад 4,605170185988092 0,00950499522391763
закавказский 4,605170185988092 0,004752497611958815
закавказье 2,995732273553991 0,004637356460609894
закий 4,605170185988092 0,00950499522391763
зангезурский 4,605170185988092 0,004752497611958815
заниматься 0 0
занять 2,8134107167600364 0,0014517083161816491
запад 0,9162907318741551 0,00047280223522918214
западный 0,9942522733438669 0,0010260601376097696
заповедник 2,302585092994046 0,0023762488059794074
запрос 0,1165338162559516 0,0001202619362806518
зачинатель 3,912023005428146 0,002018587722099146
заяц 4,605170185988092 0,004752497611958815
зейнаб 4,605170185988092 0,004752497611958815
зейнидин 4,605170185988092 0,004752497611958815
зимний 2,659260036932778 0,0027443344034393993
знаете 0,06187540371808745 9,578235869672982E-05
знак 0 0
значительный 2,302585092994046 0,0011881244029897037
золото 3,2188758248682006 0,0016609266382188856
зорга 4,605170185988092 0,004752497611958815
зороастризм 3,912023005428146 0,00605576316629744
иблис 4,605170185988092 0,004752497611958815
ибрагим 4,605170185988092 0,004752497611958815
иванович 1,6094379124341003 0,0008304633191094428
игра 1,5606477482646683 0,015300468120241847
избранный 0,083381608939051 4,3024566016022186E-05
избрать 0 0
известный 0,7765287894989963 0,0008013712997925657
изменение 0 0
изображение 0,06187540371808745 0,00022349217029236953
изобразительный 3,2188758248682006 0,003321853276437771
илла 1,3862943611198906 0,0007153221677605214
ильдегизид 4,605170185988092 0,004752497611958815
ильхама 4,605170185988092 0,014257492835876446
имралий 4,605170185988092 0,004752497611958815
интернет 1,6607312068216509 0,001713860894552787
иран 2,407945608651872 0,00869742995901089
искать 0 0
искусство 0,083381608939051 0,0003441965281281775
ислам 1,7147984280919266 0,003539315641056608
исмаил 3,506557897319982 0,00180936940006191
исмаилов 4,605170185988092 0,004752497611958815
испанский 0,49429632181478017 0,0002550548616175336
использование 0 0
история 0 0
источник 0 0
истребитель 2,995732273553991 0,001545785486869964
итальянский 0,7339691750802005 0,0003787250645408671
итог 2,8134107167600364 0,0014517083161816491
итоговый 4,605170185988092 0,0023762488059794074
иудаизм 2,995732273553991 0,003091570973739928
июль 0,9162907318741551 0,006619231293208551
июнь 0 0
кавказ 2,8134107167600364 0,0014517083161816491
кавказский 2,995732273553991 0,003091570973739928
кади 3,912023005428146 0,004037175444198292
кадым 4,605170185988092 0,004752497611958815
казахстан 2,5257286443082556 0,003909796663015876
камбай 4,605170185988092 0,004752497611958815
камень 2,5257286443082556 0,00260653110867725
камиль 4,605170185988092 0,004752497611958815
кандидат 2,207274913189721 0,0022778894872958937
кара 4,605170185988092 0,004752497611958815
карабах 3,506557897319982 0,00361873880012382
картина 2,302585092994046 0,0011881244029897037
каспар 3,506557897319982 0,00361873880012382
каспийский 4,605170185988092 0,0023762488059794074
каталанский 1,8325814637483102 0,0009456044704583643
катастрофа 2,5257286443082556 0,00260653110867725
категория 0 0
кв 2,995732273553991 0,001545785486869964
керим 4,605170185988092 0,004752497611958815
кечдимез 4,605170185988092 0,0023762488059794074
кеш 3,506557897319982 0,00180936940006191
кинематограф 1,5141277326297755 0,0007812836597676859
кино 2,5257286443082556 0,001303265554338625
км 0,8209805520698303 0,00042362257588742533
книга 0 0
ковров 4,605170185988092 0,004752497611958815
ковроделие 4,605170185988092 0,0023762488059794074
код 0 0
комплекс 1,8971199848858813 0,001957812161904934
конституционный 2,659260036932778 0,0027443344034393993
конституция 1,2729656758128876 0,0013136900679183564
короткий 2,995732273553991 0,001545785486869964
костюм 2,8134107167600364 0,0029034166323632983
коюнла 4,605170185988092 0,00950499522391763
крайний 2,5257286443082556 0,001303265554338625
красавица 3,912023005428146 0,004037175444198292
красный 0,7765287894989963 0,00040068564989628286
круглоголовка 3,912023005428146 0,004037175444198292
крупный 1,4271163556401458 0,0007363861484211278
крушение 4,605170185988092 0,0023762488059794074
кудрат 4,605170185988092 0,004752497611958815
культура 0,3566749439387324 0,0012882995911099725
культурный 1,5141277326297755 0,002343850979303058
кухня 2,302585092994046 0,0023762488059794074
кызылагачский 4,605170185988092 0,004752497611958815
легкоатлет 4,605170185988092 0,0023762488059794074
лезгин 4,605170185988092 0,011881244029897037
лезгинский 4,605170185988092 0,0023762488059794074
лейла 4,605170185988092 0,004752497611958815
лейли 4,605170185988092 0,004752497611958815
летний 1,7147984280919266 0,010617946923169825
литература 1,1086626245216111 0,0028603266886522475
личность 0,127833371509885 0,00019788447602149382
лучший 0 0
людмила 3,2188758248682006 0,0016609266382188856
мавзолей 3,912023005428146 0,004037175444198292
магайя 4,605170185988092 0,004752497611958815
магомаев 4,605170185988092 0,004752497611958815
май 0 0
малый 1,9661128563728327 0,0030435183535183173
мамед 3,912023005428146 0,004037175444198292
манат 4,605170185988092 0,007128746417938223
марк 1,3862943611198906 0,0007153221677605214
марка 1,3470736479666094 0,000695084441675237
март 0 0
медаль 2,407945608651872 0,0012424899941444127
меджнун 4,605170185988092 0,004752497611958815
меньшинство 4,605170185988092 0,004752497611958815
местность 3,506557897319982 0,00180936940006191
место 0 0
метанол 4,605170185988092 0,0023762488059794074
мехдий 4,605170185988092 0,004752497611958815
мехмандар 4,605170185988092 0,004752497611958815
мехти 4,605170185988092 0,004752497611958815
мечеть 2,659260036932778 0,0027443344034393993
мешадь 4,605170185988092 0,004752497611958815
миг 4,605170185988092 0,004752497611958815
микаил 4,605170185988092 0,004752497611958815
мингечевирский 4,605170185988092 0,004752497611958815
министр 2,120263536200091 0,004376188929205554
мирза 3,506557897319982 0,01266558580043337
миро 0 0
мировой 1,2039728043259361 0,001242489994144413
мифология 2,120263536200091 0,002188094464602777
михаил 1,5606477482646683 0,0008052877958022024
многофункциональный 4,605170185988092 0,0023762488059794074
мобильный 0 0
мой 0 0
мольер 3,912023005428146 0,002018587722099146
море 1,1394342831883648 0,0011758867731562071
морис 2,995732273553991 0,003091570973739928
морской 1,6607312068216509 0,001713860894552787
моча 0,16251892949777494 0,0003354363869923115
муга 4,605170185988092 0,004752497611958815
муганский 4,605170185988092 0,00950499522391763
музей 1,3093333199837622 0,0013512211764538308
музыка 1,2729656758128876 0,0013136900679183564
мумтаза 4,605170185988092 0,004752497611958815
мусаев 4,605170185988092 0,004752497611958815
мусай 4,605170185988092 0,004752497611958815
муслим 4,605170185988092 0,004752497611958815
мустафай 4,605170185988092 0,004752497611958815
мусульманин 2,659260036932778 0,0027443344034393993
мусульманский 2,407945608651872 0,0012424899941444127
мушфиг 4,605170185988092 0,004752497611958815
навигация 0 0
надгробный 3,912023005428146 0,004037175444198292
нажать 0 0
название 0 0
называть 1,6607312068216509 0,0008569304472763935
называться 1,9661128563728327 0,0010145061178394388
найти 0 0
нарастить 4,605170185988092 0,0023762488059794074
нариман 3,2188758248682006 0,004982779914656657
нариманов 3,506557897319982 0,00180936940006191
народный 1,8325814637483102 0,0009456044704583643
население 0,5108256237659907 0,002108671305535565
наследие 1,5606477482646683 0,0016105755916044047
натавать 4,605170185988092 0,004752497611958815
наука 0,05129329438755048 5,293425633390142E-05
научный 1,6094379124341003 0,0008304633191094428
нахичеванский 3,912023005428146 0,008074350888396585
нахичевань 4,605170185988092 0,004752497611958815
находиться 0 0
национальный 0,7550225842780328 0,001168765610337512
начать 0,38566248081198473 0,00019900024809699934
неделя 1,5141277326297755 0,0015625673195353719
независимость 1,5141277326297755 0,004687701958606116
некогда 3,912023005428146 0,002018587722099146
некоммерческий 0 0
нематериальный 3,506557897319982 0,00361873880012382
немецкий 0,5108256237659907 0,00026358391319194563
несмотря 2,302585092994046 0,0011881244029897037
нефтяной 3,2188758248682006 0,003321853276437771
нечитаемый 1,5606477482646683 0,0024158633874066075
низ 3,912023005428146 0,004037175444198292
новость 1,4271163556401458 0,0029455445936845113
новый 0 0
норвежский 1,7147984280919266 0,000884828910264152
ноябрь 0 0
область 0,7765287894989963 0,00040068564989628286
оборот 3,912023005428146 0,002018587722099146
обсуждение 0 0
общество 0,07257069283483537 7,489235586670317E-05
обязательный 0 0
оглы 2,995732273553991 0,03246149522426925
огонь 2,302585092994046 0,0023762488059794074
озеро 1,8325814637483102 0,0009456044704583643
оказаться 2,407945608651872 0,0012424899941444127
октябрь 0 0
олег 2,407945608651872 0,0024849799882888253
оленский 4,605170185988092 0,004752497611958815
олимпийский 1,7719568419318754 0,003657289663430083
олохан 4,605170185988092 0,004752497611958815
опера 3,506557897319982 0,00723747760024764
операция 1,9661128563728327 0,0030435183535183173
описание 0 0
определиться 4,605170185988092 0,0023762488059794074
организация 0 0
осман 2,995732273553991 0,003091570973739928
основа 1,8971199848858813 0,000978906080952467
основной 0 0
оставить 2,302585092994046 0,0011881244029897037
ответственность 0 0
отдельный 0 0
отказ 0 0
отменить 3,912023005428146 0,002018587722099146
отношение 1,4696759700589417 0,0015166934675530873
отслеживание 4,605170185988092 0,004752497611958815
отсутствовать 0,05129329438755048 0,00013233564083475356
очистить 2,995732273553991 0,001545785486869964
панютин 4,605170185988092 0,004752497611958815
паралимпиада 4,605170185988092 0,0023762488059794074
паралимпийский 4,605170185988092 0,02138623925381467
парламент 1,4271163556401458 0,0007363861484211278
пауэрлифтер 4,605170185988092 0,0023762488059794074
первый 0 0
перейти 0 0
перепись 3,2188758248682006 0,0016609266382188856
перепутать 4,605170185988092 0,0023762488059794074
персидский 1,5606477482646683 0,0016105755916044047
персоналия 0,07257069283483537 0,00011233853380005477
песня 2,207274913189721 0,0011389447436479468
печать 0 0
писатель 2,207274913189721 0,0011389447436479468
площадь 1,07880966137193 0,00111332266395452
победитель 2,8134107167600364 0,0014517083161816491
побережье 1,8971199848858813 0,000978906080952467
погибнуть 1,9661128563728327 0,0010145061178394388
подписать 2,8134107167600364 0,0014517083161816491
подробный 0 0
позиция 2,995732273553991 0,001545785486869964
поиск 0 0
поклоняться 4,605170185988092 0,0023762488059794074
покрывать 3,912023005428146 0,002018587722099146
политик 0 0
полуостров 1,9661128563728327 0,0020290122356788776
получить 0 0
помочь 0,127833371509885 0,0002638459680286584
портал 0 0
португальский 0,49429632181478017 0,0002550548616175336
последний 0 0
посмотреть 0 0
постсоветский 4,605170185988092 0,0023762488059794074
потенциальный 1,5141277326297755 0,002343850979303058
почта 1,6094379124341003 0,0016609266382188856
почтовый 1,5606477482646683 0,0008052877958022024
поэма 3,2188758248682006 0,003321853276437771
поэт 1,8971199848858813 0,000978906080952467
поэтесса 2,995732273553991 0,001545785486869964
пояс 2,120263536200091 0,003282141696904166
править 0 0
правка 0 0
право 0,843970070294529 0,0008709701447827956
правовой 2,8134107167600364 0,0029034166323632983
предлагать 0 0
представить 2,120263536200091 0,0010940472323013885
президент 1,3093333199837622 0,0027024423529076616
президентский 2,659260036932778 0,0027443344034393993
премьер 2,0402208285265546 0,004210982102221991
примечательный 2,0402208285265546 0,0031582365766664932
природа 1,07880966137193 0,00111332266395452
проект 0 0
просмотр 1,2729656758128876 0,0006568450339591782
просмотреть 3,506557897319982 0,00180936940006191
пространство 2,995732273553991 0,001545785486869964
проходить 1,5141277326297755 0,0007812836597676859
прыгун 3,912023005428146 0,004037175444198292
прыжок 2,995732273553991 0,007728927434349822
пушкин 3,2188758248682006 0,003321853276437771
пьеса 3,506557897319982 0,00361873880012382
разработчик 0 0
район 1,171182981502945 0,0012086511677016976
рамиль 4,605170185988092 0,004752497611958815
рамин 4,605170185988092 0,004752497611958815
расположение 3,506557897319982 0,00361873880012382
расстрелять 3,912023005428146 0,002018587722099146
режим 3,2188758248682006 0,0016609266382188856
река 1,1086626245216111 0,001144130675460899
религия 0,083381608939051 0,00017209826406408874
репрессия 4,605170185988092 0,0023762488059794074
республика 0,9416085398584451 0,006802125674932008
референдум 2,659260036932778 0,0027443344034393993
рза 4,605170185988092 0,004752497611958815
ризвановна 4,605170185988092 0,004752497611958815
рихард 4,605170185988092 0,0023762488059794074
рлс 4,605170185988092 0,004752497611958815
родина 1,6094379124341003 0,0008304633191094428
родственный 0,21072103131565253 0,00010873118230941823
российский 1,0498221244986776 0,0005417038826102567
россия 0,7765287894989963 0,00280479954927398
русский 0 0
садыхджан 4,605170185988092 0,004752497611958815
салман 4,605170185988092 0,004752497611958815
самед 4,605170185988092 0,00950499522391763
самый 0,5447271754416719 0,0002810769739121114
сара 3,506557897319982 0,00361873880012382
сардар 4,605170185988092 0,00950499522391763
саттар 4,605170185988092 0,004752497611958815
сведение 0 0
свежий 0 0
свободный 0 0
связать 0 0
связь 1,6607312068216509 0,002570791341829181
север 1,0216512475319812 0,0005271678263838912
северный 1,1086626245216111 0,0005720653377304495
село 2,407945608651872 0,0012424899941444127
сентябрь 0 0
сервер 3,506557897319982 0,00180936940006191
серебро 2,995732273553991 0,001545785486869964
сефевид 4,605170185988092 0,004752497611958815
сила 0,9416085398584451 0,0029151967178280033
символ 0,9416085398584451 0,0029151967178280033
символика 2,302585092994046 0,0011881244029897037
система 0 0
скульптор 3,506557897319982 0,00180936940006191
скульптура 2,995732273553991 0,001545785486869964
скульптурный 3,912023005428146 0,002018587722099146
след 2,995732273553991 0,001545785486869964
словарь 2,407945608651872 0,0024849799882888253
случай 0 0
случайный 0 0
смерть 1,8325814637483102 0,0018912089409167286
смотреть 0 0
собрание 1,9661128563728327 0,0010145061178394388
событие 0 0
советский 1,3470736479666094 0,000695084441675237
создание 0,8675005677047231 0,0008952534238438833
создать 0 0
сообщество 0 0
соревнование 2,5257286443082556 0,001303265554338625
сохранение 0 0
социалистический 1,9661128563728327 0,0010145061178394388
список 0 0
спорт 0,083381608939051 8,604913203204437E-05
спортсмен 2,207274913189721 0,0022778894872958937
среди 1,4696759700589417 0,0022750402013296312
сср 3,506557897319982 0,00180936940006191
ссылаться 0 0
ссылка 0 0
сталинский 3,912023005428146 0,002018587722099146
статистик 0 0
статус 1,4271163556401458 0,0014727722968422557
стать 0,4620354595965586 0,00023840838988470515
статья 0 0
столетие 2,995732273553991 0,001545785486869964
столица 0,7985076962177716 0,0008240533500699397
страна 0,43078291609245434 0,0008891288257842194
страница 0 0
стрелок 3,2188758248682006 0,0016609266382188856
строй 1,5606477482646683 0,0016105755916044047
студент 3,2188758248682006 0,003321853276437771
сундук 3,912023005428146 0,002018587722099146
сухопутный 2,659260036932778 0,0027443344034393993
сын 1,6607312068216509 0,0008569304472763935
сюд 0 0
таблица 3,912023005428146 0,002018587722099146
такырный 4,605170185988092 0,004752497611958815
танец 3,506557897319982 0,00361873880012382
тара 3,912023005428146 0,004037175444198292
тарлан 4,605170185988092 0,004752497611958815
татарстан 3,2188758248682006 0,004982779914656657
театр 1,9661128563728327 0,004058024471357755
текст 0 0
тема 0,7550225842780328 0,0007791770735583413
тематически 3,912023005428146 0,002018587722099146
термин 2,0402208285265546 0,0010527455255554977
территориальный 2,407945608651872 0,0012424899941444127
территория 0,8675005677047231 0,0008952534238438833
техника 0,06187540371808745 6,385490579781986E-05
течь 0 0
тканьё 4,605170185988092 0,004752497611958815
толкание 4,605170185988092 0,0023762488059794074
топоним 3,912023005428146 0,002018587722099146
тофиг 4,605170185988092 0,004752497611958815
точка 2,207274913189721 0,0011389447436479468
традиционный 1,8971199848858813 0,000978906080952467
транспорт 0,9162907318741551 0,0009456044704583643
требовать 1,4696759700589417 0,0007583467337765437
тройной 3,912023005428146 0,00605576316629744
туризм 1,4696759700589417 0,0030333869351061747
туркмения 3,2188758248682006 0,003321853276437771
турция 2,302585092994046 0,008316870820927927
тутовый 4,605170185988092 0,004752497611958815
тыс 1,6607312068216509 0,0008569304472763935
тюрок 4,605170185988092 0,004752497611958815
уголовный 4,605170185988092 0,0023762488059794074
узбекистан 2,8134107167600364 0,0043551249485449485
узеир 4,605170185988092 0,004752497611958815
указатель 0 0
украина 1,9661128563728327 0,0020290122356788776
улучшение 1,4271163556401458 0,0014727722968422557
условие 0 0
уступить 3,912023005428146 0,002018587722099146
участие 0 0
участник 0 0
фаббри 3,912023005428146 0,004037175444198292
факультет 2,5257286443082556 0,001303265554338625
фарида 4,605170185988092 0,004752497611958815
февраль 0 0
фейруз 4,605170185988092 0,004752497611958815
физический 2,120263536200091 0,0010940472323013885
физкультурный 4,605170185988092 0,0023762488059794074
фк 3,2188758248682006 0,003321853276437771
флаг 0,8675005677047231 0,0026857602715316506
фольклор 3,506557897319982 0,00361873880012382
форвард 3,912023005428146 0,002018587722099146
форум 0 0
франций 1,7147984280919266 0,000884828910264152
франция 1,3093333199837622 0,0013512211764538308
французский 0,23572233352106994 0,00012163175104286374
фронт 2,120263536200091 0,002188094464602777
функционировать 4,605170185988092 0,0023762488059794074
футбол 1,7719568419318754 0,0018286448317150416
хазарский 3,912023005428146 0,004037175444198292
хан 4,605170185988092 0,004752497611958815
хана 2,995732273553991 0,003091570973739928
ханларовый 4,605170185988092 0,004752497611958815
ханский 4,605170185988092 0,0023762488059794074
ханство 4,605170185988092 0,004752497611958815
хатуна 4,605170185988092 0,004752497611958815
хор 3,912023005428146 0,002018587722099146
хороший 0,7985076962177716 0,0012360800251049098
храм 1,2729656758128876 0,0006568450339591782
христианство 2,120263536200091 0,002188094464602777
хуршидбан 4,605170185988092 0,004752497611958815
часовой 2,407945608651872 0,0037274699824332382
часть 0,5978370007556204 0,0003084814245385038
человечество 2,5257286443082556 0,00260653110867725
чемпионат 1,4696759700589417 0,0015166934675530873
чешский 1,3862943611198906 0,0007153221677605214
читать 0 0
шаблон 0 0
шамам 4,605170185988092 0,004752497611958815
шарифзад 4,605170185988092 0,004752497611958815
шафи 4,605170185988092 0,004752497611958815
шекинский 4,605170185988092 0,004752497611958815
шиит 4,605170185988092 0,0023762488059794074
ширваншах 4,605170185988092 0,004752497611958815
широта 3,2188758248682006 0,003321853276437771
шихлинский 4,605170185988092 0,004752497611958815
штурм 3,506557897319982 0,00361873880012382
эйбат 4,605170185988092 0,004752497611958815
экономика 0,7550225842780328 0,0015583541471166826
эксклав 4,605170185988092 0,004752497611958815
экспедиция 2,995732273553991 0,003091570973739928
элемент 0,19845093872383823 0,0002047997303651581
эльмар 4,605170185988092 0,004752497611958815
эмиграция 4,605170185988092 0,004752497611958815
энергетик 2,8134107167600364 0,0029034166323632983
энциклопедический 4,605170185988092 0,0023762488059794074
энциклопедия 0 0
эривани 4,605170185988092 0,004752497611958815
эстафета 3,506557897319982 0,00180936940006191
этнический 3,506557897319982 0,00361873880012382
юг 1,0216512475319812 0,0005271678263838912
юго 1,171182981502945 0,0006043255838508488
южный 1,171182981502945 0,0012086511677016976
являться 0,3424903089467759 0,00017672358562785133
ядро 3,912023005428146 0,004037175444198292
язык 0 0
яй 1,7147984280919266 0,000884828910264152
январь 0,6733445532637655 0,0003474430099400235
