авантюрист 3,912023005428146 0,001892609097933307
август 0 0
августа 0,843970070294529 0,002041533793649078
авиакомпания 3,2188758248682006 0,0015572693879381714
адвокат 4,605170185988092 0,002227948807928443
административный 0,7133498878774648 0,0006902272741920317
азия 1,5141277326297755 0,00219757290657442
активный 2,302585092994046 0,0011139744039642214
алкогольный 4,605170185988092 0,002227948807928443
алфавит 0 0
англ 1,0498221244986776 0,01472899932775116
английский 0,37106368139083196 0,0005385539642827749
англичанин 3,2188758248682006 0,0015572693879381714
англо 2,995732273553991 0,004347942341878071
ант 3,506557897319982 0,0016964479425834453
апрель 0 0
арабский 0,38566248081198473 0,0001865807841373898
армия 1,7719568419318754 0,0025717806123829834
архив 0,3011050927839216 0,0005826900682804482
архитектор 2,5257286443082556 0,002443859355886072
архитектура 1,1086626245216111 0,0021454525873664462
архитектурный 2,5257286443082556 0,001221929677943036
ассоциировать 3,912023005428146 0,001892609097933307
банк 3,912023005428146 0,001892609097933307
банковский 4,605170185988092 0,006683846423785329
беженец 4,605170185988092 0,004455897615856886
бенгалия 3,506557897319982 0,0033928958851668907
бенгальский 2,120263536200091 0,001025768522593174
бесплодие 4,605170185988092 0,002227948807928443
бизнес 3,506557897319982 0,0016964479425834453
бир 4,605170185988092 0,004455897615856886
битва 1,8971199848858813 0,001835626497228719
благодаря 1,8325814637483102 0,0008865899679479005
бодский 4,605170185988092 0,004455897615856886
большой 1,1086626245216111 0,0005363631468416116
бон 3,912023005428146 0,003785218195866614
брокп 4,605170185988092 0,004455897615856886
буддизм 2,5257286443082556 0,01588508581325947
буддийский 3,2188758248682006 0,009343616327629029
буддистский 3,912023005428146 0,007570436391733228
бумтанг 4,605170185988092 0,004455897615856886
бутан 2,995732273553991 0,3739230414015141
бутанец 4,605170185988092 0,002227948807928443
бутанский 4,605170185988092 0,03787512973478353
бха 4,605170185988092 0,002227948807928443
бхот 4,605170185988092 0,002227948807928443
валюта 1,5141277326297755 0,0007325243021914734
вангди 4,605170185988092 0,008911795231713772
вангз 4,605170185988092 0,004455897615856886
вангмо 4,605170185988092 0,004455897615856886
вангчук 4,605170185988092 0,017823590463427543
век 0,5108256237659907 0,0004942676572481767
великий 1,0216512475319812 0,0004942676572481766
версия 0 0
визовый 3,912023005428146 0,003785218195866614
википедия 0 0
викисклад 0,5798184952529422 0,00028051209252682254
викисловар 1,8325814637483102 0,0008865899679479005
викитек 1,1394342831883648 0,0005512502579527648
викицитатник 0,9675840262617057 0,0004681103174947778
виски 4,605170185988092 0,004455897615856886
вклад 0 0
внешний 1,3862943611198906 0,0013413588399805423
вода 2,659260036932778 0,0012865312225122292
военный 1,0498221244986776 0,003047379171258861
возглавляться 3,912023005428146 0,001892609097933307
воздушный 2,0402208285265546 0,001974088851985055
возобновлять 3,912023005428146 0,007570436391733228
война 0,7133498878774648 0,0020706818225760953
войско 1,7719568419318754 0,000857260204127661
ворон 4,605170185988092 0,004455897615856886
восточный 0,9162907318741551 0,0013298849519218507
врач 2,995732273553991 0,0028986282279187137
всесторонний 3,912023005428146 0,001892609097933307
высокий 1,8971199848858813 0,0009178132486143595
высокогорье 4,605170185988092 0,002227948807928443
гангтый 4,605170185988092 0,004455897615856886
география 0,083381608939051 0,0002823760341428916
герб 0,7133498878774648 0,00034511363709601584
гималай 4,605170185988092 0,002227948807928443
гимн 1,2378743560016172 0,001197749739720965
гласить 3,506557897319982 0,0016964479425834453
год 0,6348782724359695 0,00030714962382001425
голова 2,659260036932778 0,0012865312225122292
гомп 3,912023005428146 0,003785218195866614
гонгченый 4,605170185988092 0,004455897615856886
гор 1,5141277326297755 0,00219757290657442
горный 1,8971199848858813 0,001835626497228719
город 0,3424903089467759 0,0004970831769909664
государственный 0,7765287894989963 0,0015027165737764804
государство 0,6733445532637655 0,0016287966939133177
громовержец 4,605170185988092 0,002227948807928443
груз 3,2188758248682006 0,0015572693879381714
гхо 4,605170185988092 0,004455897615856886
гъялцен 4,605170185988092 0,004455897615856886
гьялпо 4,605170185988092 0,013367692847570658
дакп 4,605170185988092 0,004455897615856886
дамчо 4,605170185988092 0,004455897615856886
данный 0,1508228897345837 7,296704873468006E-05
два 0 0
дворец 1,9661128563728327 0,0009511915125170936
декабрь 0 0
деление 0,9675840262617057 0,0009362206349895556
дело 2,120263536200091 0,001025768522593174
дембель 4,605170185988092 0,002227948807928443
денежный 3,506557897319982 0,005089343827750337
деревня 1,8325814637483102 0,001773179935895801
дечный 4,605170185988092 0,004455897615856886
деятельность 2,120263536200091 0,001025768522593174
джигма 3,912023005428146 0,003785218195866614
джэй 4,605170185988092 0,004455897615856886
дзал 4,605170185988092 0,004455897615856886
дзонг 4,605170185988092 0,031191283310998203
дизайн 2,995732273553991 0,0014493141139593569
династия 2,0402208285265546 0,001974088851985055
добыча 2,8134107167600364 0,0013611082325883097
долина 2,120263536200091 0,0030773055677795224
дом 1,3470736479666094 0,0019551141479921762
донненный 4,605170185988092 0,004455897615856886
дорджить 4,605170185988092 0,026735385695141316
дракон 3,2188758248682006 0,0015572693879381714
дригл 4,605170185988092 0,004455897615856886
друк 4,605170185988092 0,011139744039642215
друкп 3,912023005428146 0,007570436391733228
дэгэ 4,605170185988092 0,004455897615856886
европейский 1,1086626245216111 0,0005363631468416116
железа 3,912023005428146 0,001892609097933307
железный 1,7147984280919266 0,0008296073672433123
женщина 1,6607312068216509 0,0016069000549798265
жить 1,7719568419318754 0,000857260204127661
журавль 4,605170185988092 0,004455897615856886
журнал 0 0
закон 1,9661128563728327 0,002853574537551281
законодательный 2,407945608651872 0,004659788308953791
заниматься 0 0
занять 2,8134107167600364 0,0013611082325883097
западный 0,9942522733438669 0,0009620244541304953
запрос 0,1165338162559516 0,00016913471154709957
зарабатывать 4,605170185988092 0,002227948807928443
защита 2,120263536200091 0,0030773055677795224
звать 4,605170185988092 0,002227948807928443
здравоохранение 2,207274913189721 0,0021357280243732182
змей 3,912023005428146 0,001892609097933307
знаете 0,06187540371808745 8,980464980854493E-05
знак 0 0
значение 1,9661128563728327 0,0009511915125170936
значимый 3,912023005428146 0,001892609097933307
зуб 3,506557897319982 0,0016964479425834453
избранный 0,083381608939051 0,0002823760341428916
избрать 0 0
известный 0,7765287894989963 0,0003756791434441201
излечивать 4,605170185988092 0,002227948807928443
изменение 0 0
изменить 2,5257286443082556 0,001221929677943036
изображение 0,06187540371808745 0,00029934883269514977
иметься 1,4271163556401458 0,0013808576251960773
иммиграция 4,605170185988092 0,004455897615856886
индия 2,120263536200091 0,008206148180745393
индуизм 2,995732273553991 0,0028986282279187137
инженер 3,2188758248682006 0,003114538775876343
инициировать 4,605170185988092 0,002227948807928443
инф 3,2188758248682006 0,0015572693879381714
информация 1,5606477482646683 0,0007550303571672318
искать 0 0
искоренить 4,605170185988092 0,002227948807928443
искусственный 2,8134107167600364 0,0013611082325883097
искусство 0,083381608939051 0,0002420366006939071
ислам 1,7147984280919266 0,0016592147344866245
испанский 0,49429632181478017 0,0002391370690927819
исповедовать 3,506557897319982 0,0016964479425834453
использование 0 0
использоваться 1,4696759700589417 0,0007110188534392558
исторический 1,2378743560016172 0,0005988748698604825
история 0 0
источник 0 0
итальянский 0,7339691750802005 0,000355089102602903
июль 0,9162907318741551 0,0013298849519218507
июнь 0 0
йети 4,605170185988092 0,004455897615856886
йеш 4,605170185988092 0,004455897615856886
йеша 4,605170185988092 0,004455897615856886
йога 3,912023005428146 0,003785218195866614
кагь 3,912023005428146 0,011355654587599844
калимпонг 4,605170185988092 0,004455897615856886
канал 2,407945608651872 0,0011649470772384478
карма 3,912023005428146 0,003785218195866614
категория 0 0
кинема 4,605170185988092 0,004455897615856886
кипарис 4,605170185988092 0,004455897615856886
кира 3,506557897319982 0,0033928958851668907
китай 1,8971199848858813 0,001835626497228719
климат 2,302585092994046 0,0033419232118926646
книга 0 0
код 0 0
конец 1,4271163556401458 0,0006904288125980386
конституция 1,2729656758128876 0,0012317036050439162
контроль 2,995732273553991 0,004347942341878071
конфликт 2,659260036932778 0,0012865312225122292
королевский 2,5257286443082556 0,004887718711772144
королевство 1,6094379124341003 0,003114538775876343
король 1,7147984280919266 0,0016592147344866245
край 1,9661128563728327 0,0009511915125170936
крепость 1,9661128563728327 0,005707149075102562
крупный 1,4271163556401458 0,0006904288125980386
кузнец 3,2188758248682006 0,0015572693879381714
культура 0,3566749439387324 0,0013804545483840633
кумбум 3,912023005428146 0,003785218195866614
кунзанг 4,605170185988092 0,004455897615856886
курто 4,605170185988092 0,004455897615856886
кухня 2,302585092994046 0,002227948807928443
кха 4,605170185988092 0,049014873774425746
кхенг 4,605170185988092 0,004455897615856886
кэйдзи 4,605170185988092 0,004455897615856886
кээ 4,605170185988092 0,004455897615856886
лай 3,912023005428146 0,003785218195866614
лама 3,2188758248682006 0,003114538775876343
ле 3,2188758248682006 0,003114538775876343
ледник 3,506557897319982 0,0033928958851668907
леса 2,659260036932778 0,005146124890048917
лесной 3,506557897319982 0,0033928958851668907
лили 4,605170185988092 0,004455897615856886
литература 1,1086626245216111 0,0010727262936832231
личность 0,127833371509885 6,184488220120223E-05
лой 3,912023005428146 0,003785218195866614
локнатх 4,605170185988092 0,004455897615856886
ломонос 3,912023005428146 0,001892609097933307
лука 3,2188758248682006 0,003114538775876343
лунан 4,605170185988092 0,004455897615856886
лучший 0 0
лхаса 3,912023005428146 0,003785218195866614
май 0 0
макед 4,605170185988092 0,002227948807928443
македонский 1,5606477482646683 0,0007550303571672318
маккей 4,605170185988092 0,004455897615856886
марк 1,3862943611198906 0,0013413588399805423
марка 1,3470736479666094 0,002606818863989568
март 0 0
марта 0,3566749439387324 0,00034511363709601584
материал 0 0
медиафайл 1,6094379124341003 0,0007786346939690857
меконопсис 4,605170185988092 0,002227948807928443
место 0 0
милареп 3,912023005428146 0,003785218195866614
министр 2,120263536200091 0,004103074090372696
миро 0 0
мифология 2,120263536200091 0,002051537045186348
многие 1,5606477482646683 0,0015100607143344637
мобильный 0 0
мой 0 0
мона 3,2188758248682006 0,0015572693879381714
монастырь 1,8325814637483102 0,008865899679479004
монетный 4,605170185988092 0,011139744039642215
мост 2,302585092994046 0,0033419232118926646
моча 0,16251892949777494 7,86255101585752E-05
музей 1,3093333199837622 0,003800677271360703
музыка 1,2729656758128876 0,0012317036050439162
навигация 0 0
нажать 0 0
название 0 0
найти 0 0
налогообложение 3,506557897319982 0,010178687655500673
намгать 4,605170185988092 0,004455897615856886
намгъять 4,605170185988092 0,004455897615856886
намгьел 4,605170185988092 0,004455897615856886
намгьял 3,912023005428146 0,017033481881399765
намжа 4,605170185988092 0,004455897615856886
нападать 4,605170185988092 0,002227948807928443
напиток 4,605170185988092 0,002227948807928443
нарисовать 3,506557897319982 0,0016964479425834453
народ 1,4271163556401458 0,0034521440629901932
народный 1,8325814637483102 0,001773179935895801
население 0,5108256237659907 0,0014828029717445304
наследие 1,5606477482646683 0,0015100607143344637
наука 0,05129329438755048 0,0001488920011249651
находиться 0 0
национальный 0,7550225842780328 0,0003652745932646506
начало 1,2039728043259361 0,000582473538619224
начать 0,38566248081198473 0,00932903920686949
начинать 0,1508228897345837 0,00014593409746936013
нгаванга 3,912023005428146 0,009463045489666536
нгодуб 4,605170185988092 0,004455897615856886
некоммерческий 0 0
некоторые 1,8325814637483102 0,001773179935895801
немецкий 0,5108256237659907 0,00024713382862408837
необычный 3,506557897319982 0,0016964479425834453
непроверенный 1,9661128563728327 0,0019023830250341873
нисиок 4,605170185988092 0,004455897615856886
новый 0 0
норба 4,605170185988092 0,004455897615856886
норва 3,912023005428146 0,001892609097933307
норвежский 1,7147984280919266 0,0008296073672433123
носить 1,6094379124341003 0,0007786346939690857
ноябрь 0 0
нупби 4,605170185988092 0,004455897615856886
ньингма 3,912023005428146 0,011355654587599844
ньна 4,605170185988092 0,004455897615856886
образование 0,7339691750802005 0,000710178205205806
обсуждение 0 0
общество 0,07257069283483537 0,0002457643201953786
объединить 2,8134107167600364 0,0013611082325883097
обязательный 0 0
одежда 2,995732273553991 0,0014493141139593569
одинаковый 3,912023005428146 0,001892609097933307
одновременный 2,995732273553991 0,0014493141139593569
означать 2,0402208285265546 0,001974088851985055
октябрь 0 0
оля 3,912023005428146 0,003785218195866614
опера 3,506557897319982 0,0016964479425834453
операция 1,9661128563728327 0,0019023830250341873
описание 0 0
орган 1,9661128563728327 0,0019023830250341873
организация 0 0
организовать 1,9661128563728327 0,0009511915125170936
основатель 1,9661128563728327 0,0009511915125170936
основать 1,2729656758128876 0,0006158518025219581
основной 0 0
остальной 2,995732273553991 0,0014493141139593569
ответственность 0 0
отдельный 0 0
отказ 0 0
отсутствовать 0,05129329438755048 0,0004218606698540678
отторгнуть 4,605170185988092 0,002227948807928443
официальный 1,07880966137193 0,0005219204941325254
охватывать 2,995732273553991 0,0014493141139593569
охранять 4,605170185988092 0,004455897615856886
оценивание 0,1508228897345837 0,00014593409746936013
падмасамбхав 3,912023005428146 0,003785218195866614
парламент 1,4271163556401458 0,0013808576251960773
пенжор 4,605170185988092 0,004455897615856886
первый 0 0
перевод 1,7147984280919266 0,0008296073672433123
перейти 0 0
персоналия 0,07257069283483537 0,00017554594299669902
перспективный 4,605170185988092 0,002227948807928443
печатый 4,605170185988092 0,002227948807928443
печать 0 0
питание 3,912023005428146 0,003785218195866614
план 2,5257286443082556 0,001221929677943036
пн 0,127833371509885 0,0003092244110060111
победить 2,5257286443082556 0,001221929677943036
поверье 4,605170185988092 0,004455897615856886
повсеместный 4,605170185988092 0,004455897615856886
повсюдить 4,605170185988092 0,002227948807928443
подвесной 4,605170185988092 0,002227948807928443
подробный 0 0
поездка 3,506557897319982 0,0016964479425834453
поиск 0 0
показать 1,2729656758128876 0,0012317036050439162
политик 0 0
полиция 3,506557897319982 0,0033928958851668907
половина 2,207274913189721 0,0010678640121866091
положить 2,995732273553991 0,0014493141139593569
получить 0 0
помешать 2,995732273553991 0,0014493141139593569
помочь 0,127833371509885 6,184488220120223E-05
помощь 0,127833371509885 6,184488220120223E-05
поражение 2,8134107167600364 0,0013611082325883097
портал 0 0
португальский 0,49429632181478017 0,0002391370690927819
последний 0 0
посмотреть 0 0
построить 1,4696759700589417 0,0014220377068785116
потать 3,912023005428146 0,003785218195866614
почта 1,6094379124341003 0,002335904081907257
почтовый 1,5606477482646683 0,004530182143003391
поэт 1,8971199848858813 0,001835626497228719
правитель 2,659260036932778 0,0025730624450244583
правительство 1,5606477482646683 0,0037751517858361596
править 0 0
правка 0 0
право 0,843970070294529 0,0028581473111087097
правоохранительный 4,605170185988092 0,004455897615856886
праздник 1,4271163556401458 0,0013808576251960773
практиковать 4,605170185988092 0,002227948807928443
предлагать 0 0
предложить 2,407945608651872 0,0011649470772384478
преимущественный 2,407945608651872 0,0011649470772384478
премьер 2,0402208285265546 0,001974088851985055
преступность 3,506557897319982 0,0033928958851668907
преуспеть 4,605170185988092 0,002227948807928443
придумывать 4,605170185988092 0,002227948807928443
приносить 3,506557897319982 0,0016964479425834453
природа 1,07880966137193 0,005219204941325255
природный 2,407945608651872 0,0023298941544768956
проблема 2,407945608651872 0,0023298941544768956
проверить 1,9661128563728327 0,0019023830250341873
продукт 2,8134107167600364 0,0027222164651766194
проект 0 0
проиграть 3,912023005428146 0,001892609097933307
производство 2,207274913189721 0,0010678640121866091
происходить 1,9661128563728327 0,0019023830250341873
пройти 2,207274913189721 0,0010678640121866091
прослушать 3,912023005428146 0,003785218195866614
просмотр 1,2729656758128876 0,0006158518025219581
пунакха 4,605170185988092 0,004455897615856886
пункт 1,5606477482646683 0,0015100607143344637
пятилетний 4,605170185988092 0,002227948807928443
пять 2,659260036932778 0,0025730624450244583
рабство 4,605170185988092 0,004455897615856886
равноправный 4,605170185988092 0,002227948807928443
ради 4,605170185988092 0,002227948807928443
различать 3,912023005428146 0,001892609097933307
разработка 1,07880966137193 0,0015657614823975762
разработчик 0 0
расположить 0,9162907318741551 0,0004432949839739502
распространить 2,8134107167600364 0,0013611082325883097
ребёнок 2,120263536200091 0,001025768522593174
регион 0,9942522733438669 0,0009620244541304953
резиденция 2,8134107167600364 0,0013611082325883097
результат 1,4696759700589417 0,0007110188534392558
река 1,1086626245216111 0,0010727262936832231
религия 0,083381608939051 0,0002823760341428916
рельеф 2,8134107167600364 0,0013611082325883097
ривоч 4,605170185988092 0,004455897615856886
род 2,302585092994046 0,0011139744039642214
родственный 0,21072103131565253 0,00010194534654845309
русский 0 0
рэй 2,995732273553991 0,0028986282279187137
сакья 3,912023005428146 0,003785218195866614
самогон 4,605170185988092 0,002227948807928443
самоназвание 3,506557897319982 0,0016964479425834453
самый 0,5447271754416719 0,00026353515986534683
санскрит 4,605170185988092 0,002227948807928443
сведение 0 0
свежий 0 0
свободный 0 0
свыше 2,995732273553991 0,0014493141139593569
связать 0 0
связующий 4,605170185988092 0,002227948807928443
связь 1,6607312068216509 0,0008034500274899133
святой 1,4696759700589417 0,0007110188534392558
священник 2,8134107167600364 0,0013611082325883097
сельский 1,6607312068216509 0,0016069000549798265
сентябрь 0 0
сербский 1,7147984280919266 0,0008296073672433123
сила 0,9416085398584451 0,001822174242590121
символ 0,9416085398584451 0,0009110871212950605
система 0 0
слава 2,302585092994046 0,004455897615856886
случай 0 0
случайный 0 0
смог 2,995732273553991 0,0014493141139593569
смотреть 0 0
снежный 3,912023005428146 0,003785218195866614
событие 0 0
содержание 0,1392620673335076 6,737400451548505E-05
создание 0,8675005677047231 0,0004196906471720963
создать 0 0
сообщество 0 0
сооружение 2,207274913189721 0,0010678640121866091
сопредельный 3,912023005428146 0,001892609097933307
сопротивление 2,995732273553991 0,0014493141139593569
сохранение 0 0
список 0 0
спорт 0,083381608939051 0,00016135773379593807
спроектировать 3,912023005428146 0,001892609097933307
ссылаться 0 0
ссылка 0 0
стабильный 1,4271163556401458 0,0013808576251960773
статистик 0 0
статья 0 0
стен 2,207274913189721 0,0010678640121866091
стиль 2,0402208285265546 0,0009870444259925276
столица 0,7985076962177716 0,0011589371498080866
страна 0,43078291609245434 0,001667277856187535
страница 0 0
стрельба 3,2188758248682006 0,003114538775876343
строительство 2,5257286443082556 0,0036657890338291084
строй 1,5606477482646683 0,0015100607143344637
ступа 2,8134107167600364 0,004083324697764929
судебный 3,506557897319982 0,005089343827750337
судьба 2,995732273553991 0,0014493141139593569
сухопутный 2,659260036932778 0,0012865312225122292
сюд 0 0
табак 3,912023005428146 0,007570436391733228
табачный 3,912023005428146 0,001892609097933307
такин 4,605170185988092 0,002227948807928443
танго 4,605170185988092 0,004455897615856886
тангтонг 4,605170185988092 0,013367692847570658
танди 4,605170185988092 0,004455897615856886
ташичо 4,605170185988092 0,013367692847570658
текст 0 0
текстиль 4,605170185988092 0,004455897615856886
телекоммуникация 3,912023005428146 0,001892609097933307
телохранитель 3,506557897319982 0,0033928958851668907
тема 0,7550225842780328 0,0010958237797939517
территория 0,8675005677047231 0,0020984532358604814
техника 0,06187540371808745 5,986976653902995E-05
течение 1,9661128563728327 0,0009511915125170936
течь 0 0
тибет 3,506557897319982 0,015268031483251008
тибетский 3,506557897319982 0,015268031483251008
тото 4,605170185988092 0,004455897615856886
транспорт 0,9162907318741551 0,001773179935895801
тронгс 4,605170185988092 0,004455897615856886
тропа 4,605170185988092 0,002227948807928443
труд 2,120263536200091 0,002051537045186348
туризм 1,4696759700589417 0,0014220377068785116
тхимпху 4,605170185988092 0,011139744039642215
угъить 4,605170185988092 0,004455897615856886
удалить 3,506557897319982 0,0016964479425834453
удар 2,8134107167600364 0,0013611082325883097
удача 3,912023005428146 0,001892609097933307
уильям 2,302585092994046 0,002227948807928443
указатель 0 0
украинский 1,07880966137193 0,0010438409882650508
улучшение 1,4271163556401458 0,0006904288125980386
универсальный 3,2188758248682006 0,0015572693879381714
управление 2,302585092994046 0,0011139744039642214
уролог 4,605170185988092 0,002227948807928443
условие 0 0
устройство 1,3470736479666094 0,001303409431994784
уступать 3,912023005428146 0,001892609097933307
уттать 4,605170185988092 0,002227948807928443
участие 0 0
участник 0 0
учитель 2,995732273553991 0,0014493141139593569
файл 1,5141277326297755 0,00219757290657442
фаллос 4,605170185988092 0,011139744039642215
фауна 2,8134107167600364 0,0027222164651766194
февраль 0 0
фигура 4,605170185988092 0,002227948807928443
философия 0,09431067947124142 9,125368115262836E-05
фин 3,912023005428146 0,001892609097933307
финский 1,9661128563728327 0,0009511915125170936
флаг 0,8675005677047231 0,0008393812943441926
флор 2,5257286443082556 0,002443859355886072
форум 0 0
французский 0,23572233352106994 0,0002280815999236284
хозяйство 1,7719568419318754 0,003429040816510644
хороший 0,7985076962177716 0,0011589371498080866
хронология 3,506557897319982 0,0033928958851668907
художник 1,9661128563728327 0,0009511915125170936
хх 1,2729656758128876 0,0006158518025219581
цендный 4,605170185988092 0,002227948807928443
центр 0,8915981192837835 0,0004313488724159572
ценчо 4,605170185988092 0,004455897615856886
церинг 4,605170185988092 0,011139744039642215
цитата 1,4271163556401458 0,0006904288125980386
чанг 3,912023005428146 0,001892609097933307
частность 2,659260036932778 0,0012865312225122292
часть 0,5978370007556204 0,0002892293182175232
чать 4,605170185988092 0,004455897615856886
человек 1,1394342831883648 0,0033075015477165887
черношейный 4,605170185988092 0,004455897615856886
читать 0 0
чодный 4,605170185988092 0,008911795231713772
чокангак 4,605170185988092 0,004455897615856886
чоли 4,605170185988092 0,004455897615856886
чунг 3,912023005428146 0,003785218195866614
шабдрунг 3,912023005428146 0,009463045489666536
шаблон 0 0
шангп 4,605170185988092 0,004455897615856886
шарм 3,506557897319982 0,0033928958851668907
шераб 4,605170185988092 0,004455897615856886
школа 1,8325814637483102 0,003546359871791602
штат 1,7147984280919266 0,0008296073672433123
экологический 2,995732273553991 0,0057972564558374275
экономика 0,7550225842780328 0,0014610983730586023
элемент 0,19845093872383823 0,00019201832484164319
энергетик 2,8134107167600364 0,013611082325883098
энциклопедия 0 0
эспер 4,605170185988092 0,002227948807928443
юг 1,0216512475319812 0,0009885353144963532
юла 4,605170185988092 0,002227948807928443
ядовитый 4,605170185988092 0,002227948807928443
язык 0 0
январь 0,6733445532637655 0,0009772780163479905
янгка 4,605170185988092 0,004455897615856886
