абланедо 4,605170185988092 0,010964690919019268
август 0 0
августа 0,843970070294529 0,0020094525483203072
автономный 1,6607312068216509 0,005931182881505896
ад 3,912023005428146 0,009314340489114633
административный 0,7133498878774648 0,0025476781709909456
алфавит 0 0
альберто 3,506557897319982 0,016697894749142773
английский 0,37106368139083196 0,0004417424778462286
антунес 3,912023005428146 0,009314340489114633
апрель 0 0
архив 0,3011050927839216 0,0014338337751615316
астур 4,605170185988092 0,005482345459509634
астурийский 4,605170185988092 0,032894072757057795
астурия 3,506557897319982 0,20872368436428462
береговой 3,2188758248682006 0,003831995029605001
биосферный 4,605170185988092 0,005482345459509634
бискайский 3,912023005428146 0,004657170244557317
большинство 1,7147984280919266 0,002041426700109437
бранданзиние 3,912023005428146 0,009314340489114633
бука 4,605170185988092 0,005482345459509634
бухта 3,2188758248682006 0,003831995029605001
бьяджини 3,912023005428146 0,009314340489114633
версия 0 0
вершина 2,995732273553991 0,0035663479447071325
весьма 2,659260036932778 0,0031657857582533073
вики 1,6094379124341003 0,0019159975148025006
википедия 0 0
виктор 1,9661128563728327 0,004681221086601983
вклад 0 0
включать 1,9661128563728327 0,0023406105433009913
возможность 2,5257286443082556 0,006013639629305371
восток 0,7985076962177716 0,001901208800518504
вручить 2,120263536200091 0,002524123257381061
встречаться 2,659260036932778 0,0031657857582533073
выпасти 4,605170185988092 0,005482345459509634
высота 1,9661128563728327 0,0023406105433009913
галисия 3,912023005428146 0,02328585122278658
гарсия 2,995732273553991 0,01426539177882853
география 0,083381608939051 0,00019852764033107383
герб 0,7133498878774648 0,0016984521139939638
герреро 4,605170185988092 0,010964690919019268
гонсало 3,506557897319982 0,008348947374571387
гор 1,5141277326297755 0,016222797135319024
город 0,3424903089467759 0,0016309062330798854
граничить 1,1394342831883648 0,002712938769496107
далья 0,3566749439387324 0,00042461302849849096
дамиан 4,605170185988092 0,010964690919019268
даниэль 3,2188758248682006 0,007663990059210002
данный 0,1508228897345837 0,00017955105920783773
два 0 0
де 1,1394342831883648 0,002712938769496107
декабрь 0 0
деление 0,9675840262617057 0,0023037714910992993
дерево 1,7147984280919266 0,004082853400218874
дополнить 1,5141277326297755 0,001802533015035447
дуб 4,605170185988092 0,005482345459509634
европейский 1,1086626245216111 0,001319836457763823
естественный 3,2188758248682006 0,003831995029605001
журнал 0 0
залив 2,207274913189721 0,005255416459975527
заниматься 0 0
запад 0,9162907318741551 0,0010908222998501848
заповедник 2,302585092994046 0,005482345459509634
запрос 0,1165338162559516 0,00027746146727607526
заслуга 2,0402208285265546 0,00485766863934894
звезда 1,8325814637483102 0,0021816445997003696
земля 1,2378743560016172 0,001473659947620973
знаете 0,06187540371808745 0,00014732238980497015
знак 0 0
избранный 0,083381608939051 0,00029779146049661073
избрать 0 0
изменение 0 0
изображение 0,06187540371808745 7,366119490248507E-05
именоваться 2,995732273553991 0,0035663479447071325
иметь 0,616186139423817 0,0007335549278854964
интервик 0,9675840262617057 0,0011518857455496496
искать 0 0
искусство 0,083381608939051 0,00019852764033107383
исп 1,9661128563728327 0,0023406105433009913
испания 1,7147984280919266 0,022455693701203802
испанский 0,49429632181478017 0,0035306880129627152
испанско 2,5257286443082556 0,006013639629305371
использование 0 0
использоваться 1,4696759700589417 0,0017496142500701688
история 0 0
источник 0 0
июль 0,9162907318741551 0,0021816445997003696
июнь 0 0
кабрер 3,506557897319982 0,008348947374571387
какой 1,8971199848858813 0,0022584761724831924
кантабрий 4,605170185988092 0,021929381838038536
кантабрийский 4,605170185988092 0,03837641821656743
кантабрия 4,605170185988092 0,005482345459509634
карлос 2,995732273553991 0,007132695889414265
кастилия 2,995732273553991 0,017831739723535658
катание 4,605170185988092 0,005482345459509634
категория 0 0
качопо 4,605170185988092 0,010964690919019268
каштан 4,605170185988092 0,005482345459509634
км 0,8209805520698303 0,0009773578000831314
книга 0 0
княжество 2,5257286443082556 0,0030068198146526856
код 0 0
кото 4,605170185988092 0,010964690919019268
кристиан 3,2188758248682006 0,015327980118420004
крупнейший 1,2039728043259361 0,0014333009575308764
крутой 4,605170185988092 0,005482345459509634
культура 0,3566749439387324 0,0008492260569969819
леон 2,120263536200091 0,012620616286905303
леонардо 3,2188758248682006 0,007663990059210002
линия 1,8971199848858813 0,0022584761724831924
личность 0,127833371509885 0,0001521825851308155
лукас 3,506557897319982 0,008348947374571387
лучший 0 0
лыжа 3,506557897319982 0,004174473687285693
май 0 0
март 0 0
мартин 2,207274913189721 0,005255416459975527
материал 0 0
меленди 4,605170185988092 0,010964690919019268
место 0 0
метр 2,407945608651872 0,0028666019150617524
мигель 2,659260036932778 0,006331571516506615
миро 0 0
мобильный 0 0
мой 0 0
монтес 4,605170185988092 0,010964690919019268
мос 4,605170185988092 0,010964690919019268
моча 0,16251892949777494 0,0001934749160687797
навигация 0 0
награда 1,3470736479666094 0,0016036591047221542
нажать 0 0
название 0 0
называть 1,6607312068216509 0,0019770609605019654
найти 0 0
написать 0,9942522733438669 0,0011836336587426988
наследование 4,605170185988092 0,005482345459509634
наука 0,05129329438755048 0,00012212689139892973
находиться 0 0
национальный 0,7550225842780328 0,003595345639419204
начать 0,38566248081198473 0,00918244001933297
начинать 0,1508228897345837 0,00035910211841567546
неделя 1,5141277326297755 0,005407599045106341
некоммерческий 0 0
нечитаемый 1,5606477482646683 0,005573741958088101
новый 0 0
ноябрь 0 0
обсуждение 0 0
обширный 3,2188758248682006 0,003831995029605001
общество 0,07257069283483537 0,0001727873638924652
обязательный 0 0
овьедо 4,605170185988092 0,010964690919019268
октябрь 0 0
олать 4,605170185988092 0,010964690919019268
описание 0 0
организация 0 0
орден 1,5141277326297755 0,003605066030070894
основной 0 0
основный 1,8325814637483102 0,0021816445997003696
ответственность 0 0
отдельный 0 0
отказ 0 0
отсутствовать 0,05129329438755048 0,00018319033709839457
официальный 1,07880966137193 0,0012842972159189643
оценивание 0,1508228897345837 0,00035910211841567546
памятник 1,2039728043259361 0,0014333009575308764
парк 1,6094379124341003 0,0019159975148025006
парок 3,2188758248682006 0,003831995029605001
пелайес 4,605170185988092 0,021929381838038536
пелайо 4,605170185988092 0,010964690919019268
первый 0 0
перевести 1,7719568419318754 0,0021094724308712803
перейти 0 0
персоналия 0,07257069283483537 0,0004319684097311629
песчаный 3,2188758248682006 0,003831995029605001
печать 0 0
пеший 4,605170185988092 0,005482345459509634
пещера 2,5257286443082556 0,0030068198146526856
пляж 2,8134107167600364 0,006698596944666754
пн 0,127833371509885 0,000608730340523262
побережье 1,8971199848858813 0,0022584761724831924
подробный 0 0
поиск 0 0
политик 0 0
получить 0 0
пользоваться 1,9661128563728327 0,0023406105433009913
помочь 0,127833371509885 0,0001521825851308155
помощь 0,127833371509885 0,0001521825851308155
портал 0 0
последний 0 0
посмотреть 0 0
потенциальный 1,5141277326297755 0,005407599045106341
правило 1,4696759700589417 0,0017496142500701688
править 0 0
правка 0 0
практический 1,8971199848858813 0,0022584761724831924
предлагать 0 0
предоставлять 3,506557897319982 0,004174473687285693
престол 2,995732273553991 0,0035663479447071325
принц 3,2188758248682006 0,003831995029605001
природа 1,07880966137193 0,0012842972159189643
природный 2,407945608651872 0,008599805745185256
причина 2,407945608651872 0,0028666019150617524
провинция 1,7147984280919266 0,006124280100328309
прогулка 4,605170185988092 0,005482345459509634
проект 0 0
проходить 1,5141277326297755 0,001802533015035447
пункт 1,5606477482646683 0,0037158279720587344
развитие 0,9416085398584451 0,0011209625474505299
раздел 0,9675840262617057 0,0011518857455496496
разнообразный 4,605170185988092 0,005482345459509634
разработка 1,07880966137193 0,0038528916477568926
разработчик 0 0
располагаться 2,207274913189721 0,0026277082299877635
расположить 0,9162907318741551 0,0010908222998501848
регион 0,9942522733438669 0,0023672673174853975
редактор 2,207274913189721 0,0026277082299877635
река 1,1086626245216111 0,002639672915527646
религия 0,083381608939051 0,00019852764033107383
ривер 3,912023005428146 0,009314340489114633
родригес 2,659260036932778 0,006331571516506615
родственный 0,21072103131565253 0,0002508583706138721
русский 0 0
сведение 0 0
свежий 0 0
свободный 0 0
связать 0 0
север 1,0216512475319812 0,0012162514851571206
сентябрь 0 0
сеть 2,5257286443082556 0,0030068198146526856
система 0 0
скал 4,605170185988092 0,005482345459509634
скалолазание 4,605170185988092 0,005482345459509634
скот 3,2188758248682006 0,003831995029605001
случай 0 0
случайный 0 0
смотреть 0 0
собственный 1,8325814637483102 0,0021816445997003696
событие 0 0
содержание 0,1392620673335076 0,00016578817539703288
создать 0 0
соль 4,605170185988092 0,010964690919019268
сообщество 0 0
составлять 1,6094379124341003 0,0019159975148025006
сотня 2,659260036932778 0,0031657857582533073
сохранение 0 0
список 0 0
спорт 0,083381608939051 0,00039705528066214766
среди 1,4696759700589417 0,0017496142500701688
ссылаться 0 0
ссылка 0 0
статистик 0 0
статус 1,4271163556401458 0,0016989480424287452
стать 0,4620354595965586 0,000550042213805427
статья 0 0
страна 0,43078291609245434 0,0005128368048719695
страница 0 0
суарес 4,605170185988092 0,010964690919019268
существенный 2,0402208285265546 0,00242883431967447
существовать 1,4271163556401458 0,0016989480424287452
считать 1,8325814637483102 0,0021816445997003696
сюд 0 0
текст 0 0
тема 0,7550225842780328 0,000898836409854801
тематика 1,7147984280919266 0,002041426700109437
территория 0,8675005677047231 0,005163693855385256
техника 0,06187540371808745 0,00014732238980497015
течь 0 0
тип 2,5257286443082556 0,0030068198146526856
тис 4,605170185988092 0,005482345459509634
торрой 4,605170185988092 0,010964690919019268
транскрипция 2,120263536200091 0,002524123257381061
треть 4,605170185988092 0,005482345459509634
увидеть 2,659260036932778 0,0031657857582533073
указатель 0 0
улучшить 1,6607312068216509 0,0019770609605019654
условие 0 0
участие 0 0
участник 0 0
участница 1,7147984280919266 0,004082853400218874
февраль 0 0
фернандес 3,506557897319982 0,008348947374571387
философия 0,09431067947124142 0,0002245492368362891
флор 2,5257286443082556 0,0030068198146526856
форум 0 0
фран 4,605170185988092 0,010964690919019268
франсиско 2,659260036932778 0,006331571516506615
французский 0,23572233352106994 0,0002806218256203214
футболист 1,8971199848858813 0,004516952344966385
хихон 4,605170185988092 0,010964690919019268
хуан 2,407945608651872 0,005733203830123505
целый 1,7719568419318754 0,0021094724308712803
центр 0,8915981192837835 0,0010614263324806947
читать 0 0
шаблон 0 0
широкий 2,207274913189721 0,0026277082299877635
эла 3,912023005428146 0,009314340489114633
элемент 0,19845093872383823 0,0004725022350567577
энциклопедия 0 0
эрнандес 3,2188758248682006 0,007663990059210002
юг 1,0216512475319812 0,0012162514851571206
являться 0,3424903089467759 0,00040772655826997134
язык 0 0
январь 0,6733445532637655 0,00080160065864734
