август 0 0
агломерация 3,2188758248682006 0,004638149603556485
административный 0,7133498878774648 0,0005139408414102772
алфавит 0 0
англ 1,0498221244986776 0,005294491982342034
английский 0,37106368139083196 0,004277391139951953
англиканский 3,506557897319982 0,005052677085475478
англичанин 3,2188758248682006 0,011595374008891213
англия 2,120263536200091 0,17261511497882584
андрей 1,2039728043259361 0,005204493390457938
апрель 0 0
арабский 0,38566248081198473 0,0002778548132651187
аристократизм 4,605170185988092 0,0033178459553228324
арсенич 1,5606477482646683 0,004497543943125845
артур 2,995732273553991 0,002158308554433711
археология 3,506557897319982 0,005052677085475478
архитектор 2,5257286443082556 0,0018196892250059477
барбара 3,912023005428146 0,005636920757101075
баронесса 3,912023005428146 0,005636920757101075
баулч 3,912023005428146 0,005636920757101075
беверль 4,605170185988092 0,006635691910645665
беговой 4,605170185988092 0,0033178459553228324
бексль 4,605170185988092 0,006635691910645665
бенджамин 3,2188758248682006 0,004638149603556485
бирмингем 3,506557897319982 0,005052677085475478
богатейший 4,605170185988092 0,0033178459553228324
бойцовый 3,912023005428146 0,0028184603785505373
большой 1,1086626245216111 0,003993741442801193
бондарь 2,207274913189721 0,009541534206871994
брать 3,506557897319982 0,002526338542737739
браун 3,506557897319982 0,005052677085475478
брент 4,605170185988092 0,006635691910645665
британский 1,5141277326297755 0,0021817402487460742
бромить 4,605170185988092 0,006635691910645665
бульдог 4,605170185988092 0,023224921687259828
бычий 4,605170185988092 0,0033178459553228324
вандсворт 4,605170185988092 0,006635691910645665
вейра 4,605170185988092 0,0033178459553228324
век 0,5108256237659907 0,0011040899649120838
великий 1,0216512475319812 0,0007360599766080556
великобритания 1,6607312068216509 0,025126336702633045
версия 0 0
вершина 2,995732273553991 0,002158308554433711
вес 2,5257286443082556 0,0018196892250059477
вестминстер 4,605170185988092 0,006635691910645665
весьма 2,659260036932778 0,0019158933983665545
вид 1,0498221244986776 0,001512711994954867
вики 1,6094379124341003 0,0023190748017782423
викиверситет 2,659260036932778 0,0019158933983665545
викиновость 1,0216512475319812 0,0007360599766080556
википедия 0 0
викисклад 0,5798184952529422 0,0004177366680496701
викисловар 1,8325814637483102 0,0013203036482336528
викитек 1,1394342831883648 0,0008209180714613579
викиучебник 2,5257286443082556 0,0018196892250059477
викицитатник 0,9675840262617057 0,0006971066471626121
вино 3,912023005428146 0,008455381135651613
вклад 0 0
включая 2,5257286443082556 0,0018196892250059477
владение 2,659260036932778 0,0019158933983665545
влиятельный 3,2188758248682006 0,0023190748017782423
воздвигнуть 4,605170185988092 0,0033178459553228324
воплощать 4,605170185988092 0,0033178459553228324
воссоздать 4,605170185988092 0,0033178459553228324
восстановление 3,2188758248682006 0,0023190748017782423
восточный 0,9162907318741551 0,0026406072964673057
враждовать 3,912023005428146 0,0028184603785505373
входной 3,506557897319982 0,002526338542737739
вывести 2,995732273553991 0,002158308554433711
вымереть 4,605170185988092 0,0033178459553228324
выразить 3,506557897319982 0,002526338542737739
вьетнамский 1,6094379124341003 0,0011595374008891211
генрих 2,5257286443082556 0,007278756900023791
география 0,083381608939051 0,00024029282115000286
герб 0,7133498878774648 0,0010278816828205545
германский 2,5257286443082556 0,0018196892250059477
гибель 3,2188758248682006 0,0023190748017782423
гимн 1,2378743560016172 0,001783680628244405
год 0,6348782724359695 0,0009148101908299272
гор 1,5141277326297755 0,0010908701243730371
город 0,3424903089467759 0,0014805056582713656
городской 2,120263536200091 0,0030551347783862983
государство 0,6733445532637655 0,0009702371084492298
граф 2,8134107167600364 0,0020269529659654438
графство 2,8134107167600364 0,0060808588978963326
греческий 1,4271163556401458 0,0010281818124208543
гроб 4,605170185988092 0,0033178459553228324
грубоватый 4,605170185988092 0,0033178459553228324
группа 1,4696759700589417 0,0010588443588320905
далья 0,3566749439387324 0,0007709112621154158
данный 0,1508228897345837 0,00010866202430445509
дарракотт 4,605170185988092 0,006635691910645665
два 0 0
дворянин 3,912023005428146 0,0028184603785505373
де 1,1394342831883648 0,0008209180714613579
декабрь 0 0
декоративный 3,506557897319982 0,002526338542737739
делить 3,912023005428146 0,0028184603785505373
демократия 3,506557897319982 0,002526338542737739
дерби 3,912023005428146 0,005636920757101075
джейми 3,912023005428146 0,005636920757101075
дженни 3,506557897319982 0,005052677085475478
джентльмен 3,912023005428146 0,0028184603785505373
джесса 4,605170185988092 0,006635691910645665
джессика 4,605170185988092 0,006635691910645665
джонс 3,506557897319982 0,005052677085475478
джорджия 4,605170185988092 0,006635691910645665
дисквалификация 4,605170185988092 0,0033178459553228324
долиш 4,605170185988092 0,006635691910645665
доркинг 4,605170185988092 0,006635691910645665
дословный 3,912023005428146 0,0028184603785505373
достаточный 3,2188758248682006 0,0023190748017782423
достаться 3,912023005428146 0,0028184603785505373
другой 2,5257286443082556 0,0036393784500118953
дэниел 3,2188758248682006 0,004638149603556485
европейский 1,1086626245216111 0,001597496577120477
жаклин 3,506557897319982 0,005052677085475478
желать 2,8134107167600364 0,0020269529659654438
животное 2,407945608651872 0,0017348311301526452
жить 1,7719568419318754 0,0012766259668097084
журнал 0 0
забросить 2,995732273553991 0,002158308554433711
законодательство 3,506557897319982 0,002526338542737739
замок 2,5257286443082556 0,016377203025053532
занимать 1,4696759700589417 0,0010588443588320905
заниматься 0 0
заняться 3,912023005428146 0,0028184603785505373
заполнение 4,605170185988092 0,0033178459553228324
запрос 0,1165338162559516 0,00016791616175209164
земля 1,2378743560016172 0,0008918403141222025
знаете 0,06187540371808745 8,915764224508279E-05
знак 0 0
знаток 4,605170185988092 0,0033178459553228324
избранный 0,083381608939051 0,00024029282115000286
избрать 0 0
известный 0,7765287894989963 0,0005594587820597956
изготовление 3,912023005428146 0,0028184603785505373
изменение 0 0
измерение 3,506557897319982 0,005052677085475478
изображение 0,06187540371808745 0,00026747292673524837
илинг 4,605170185988092 0,006635691910645665
илла 1,3862943611198906 0,0009987711535445897
иметь 0,616186139423817 0,00044393814079525713
империя 1,2039728043259361 0,0008674155650763228
импозантность 4,605170185988092 0,0033178459553228324
индивидуальность 4,605170185988092 0,0033178459553228324
иной 3,2188758248682006 0,0023190748017782423
ирландия 2,8134107167600364 0,0020269529659654438
искать 0 0
искусство 0,083381608939051 0,00012014641057500143
ислингтон 4,605170185988092 0,006635691910645665
испанский 0,49429632181478017 0,0003561212693190059
использование 0 0
истинный 4,605170185988092 0,0033178459553228324
исторический 1,2378743560016172 0,0008918403141222025
история 0 0
источник 0 0
июль 0,9162907318741551 0,0006601518241168264
июнь 0 0
йорк 2,8134107167600364 0,008107811863861775
казначей 4,605170185988092 0,0033178459553228324
каменный 2,995732273553991 0,002158308554433711
категория 0 0
качество 1,5606477482646683 0,0011243859857814613
квадратный 4,605170185988092 0,0033178459553228324
квартира 3,912023005428146 0,0028184603785505373
кг 3,2188758248682006 0,0023190748017782423
кей 3,912023005428146 0,005636920757101075
керзон 4,605170185988092 0,006635691910645665
кесуик 4,605170185988092 0,006635691910645665
килограмм 3,912023005428146 0,0028184603785505373
кинологический 4,605170185988092 0,0033178459553228324
кладбище 2,5257286443082556 0,0018196892250059477
книга 0 0
княжество 2,5257286443082556 0,0018196892250059477
ковентри 3,506557897319982 0,005052677085475478
код 0 0
колледж 3,2188758248682006 0,004638149603556485
коммерчески 3,912023005428146 0,0028184603785505373
компаньон 4,605170185988092 0,0033178459553228324
консервативность 4,605170185988092 0,0033178459553228324
конституционный 2,659260036932778 0,0019158933983665545
королевство 1,6094379124341003 0,004638149603556485
король 1,7147984280919266 0,004941782213521402
корона 3,2188758248682006 0,004638149603556485
который 0,9162907318741551 0,0013203036482336528
край 1,9661128563728327 0,0028330156431885197
красное 3,912023005428146 0,005636920757101075
крепость 1,9661128563728327 0,0014165078215942599
критик 3,2188758248682006 0,0023190748017782423
кромвель 3,912023005428146 0,005636920757101075
крупный 1,4271163556401458 0,0010281818124208543
крэг 4,605170185988092 0,006635691910645665
культура 0,3566749439387324 0,0005139408414102772
ламберт 3,912023005428146 0,014092301892752688
лермонт 4,605170185988092 0,006635691910645665
леса 2,659260036932778 0,0019158933983665545
лестер 3,912023005428146 0,005636920757101075
лестерская 4,605170185988092 0,0033178459553228324
лестершир 3,912023005428146 0,005636920757101075
летний 1,7147984280919266 0,0012354455533803506
лидс 3,506557897319982 0,005052677085475478
линкольн 3,506557897319982 0,002526338542737739
линкольншир 4,605170185988092 0,016589229776614162
личность 0,127833371509885 0,0001841979416568948
лондон 2,120263536200091 0,02138594344870409
лорд 3,506557897319982 0,015158031256426436
лучший 0 0
любить 3,506557897319982 0,002526338542737739
май 0 0
македонский 1,5606477482646683 0,0011243859857814613
манчестер 3,506557897319982 0,010105354170950955
марк 1,3862943611198906 0,003995084614178359
март 0 0
марта 0,3566749439387324 0,0043684971519873566
мартин 2,207274913189721 0,0031805114022906643
маршалл 3,506557897319982 0,005052677085475478
мастиф 4,605170185988092 0,0033178459553228324
материал 0 0
матч 2,407945608651872 0,0017348311301526452
медиа 3,506557897319982 0,002526338542737739
международный 0,9942522733438669 0,0028652803266393857
место 0 0
мидленд 4,605170185988092 0,009953537865968498
миро 0 0
мисс 2,995732273553991 0,006474925663301134
мкф 4,605170185988092 0,0033178459553228324
многие 1,5606477482646683 0,0011243859857814613
мобильный 0 0
мой 0 0
молосс 4,605170185988092 0,0033178459553228324
момент 2,0402208285265546 0,0014698997323678346
моча 0,16251892949777494 0,00011708856592058713
мусульманка 4,605170185988092 0,0033178459553228324
мэтлка 4,605170185988092 0,006635691910645665
навигация 0 0
нажать 0 0
название 0 0
найти 0 0
найтсбридж 4,605170185988092 0,006635691910645665
написание 1,9661128563728327 0,0014165078215942599
население 0,5108256237659907 0,0007360599766080558
наследство 3,912023005428146 0,0028184603785505373
наука 0,05129329438755048 0,00014781929218314258
находиться 0 0
национальный 0,7550225842780328 0,0005439643978948363
нация 1,9661128563728327 0,0014165078215942599
начало 1,2039728043259361 0,0008674155650763228
начать 0,38566248081198473 0,00416782219897678
начинать 0,1508228897345837 0,00021732404860891019
наш 2,5257286443082556 0,0018196892250059477
невозмутимость 4,605170185988092 0,0033178459553228324
недоставать 1,07880966137193 0,002331721170112241
недостаточный 3,506557897319982 0,002526338542737739
некогда 3,912023005428146 0,0028184603785505373
некоммерческий 0 0
некоторый 3,2188758248682006 0,0023190748017782423
новость 1,4271163556401458 0,0010281818124208543
новшество 4,605170185988092 0,0033178459553228324
новый 0 0
норфолк 3,506557897319982 0,002526338542737739
норфолкский 3,506557897319982 0,002526338542737739
ноябрь 0 0
нын 1,8971199848858813 0,0013668011418486177
обветшать 4,605170185988092 0,0033178459553228324
обладать 2,407945608651872 0,0017348311301526452
обосноваться 3,2188758248682006 0,0023190748017782423
общество 0,07257069283483537 0,00010456872166402791
общий 1,3470736479666094 0,0009705141555955398
объединение 2,207274913189721 0,0015902557011453322
объединиться 3,912023005428146 0,0028184603785505373
обязательный 0 0
ожирение 3,912023005428146 0,0028184603785505373
октябрь 0 0
олдебург 4,605170185988092 0,006635691910645665
оливер 3,2188758248682006 0,004638149603556485
опека 4,605170185988092 0,0033178459553228324
описание 0 0
определение 2,5257286443082556 0,0018196892250059477
опыт 3,506557897319982 0,002526338542737739
организация 0 0
оригинальный 2,0402208285265546 0,0014698997323678346
основа 1,8971199848858813 0,0027336022836972353
основательность 4,605170185988092 0,0033178459553228324
основной 0 0
оставить 2,302585092994046 0,0016589229776614162
остров 1,2039728043259361 0,0017348311301526457
ответственность 0 0
отдельный 0 0
отказ 0 0
отмечаться 4,605170185988092 0,0033178459553228324
относить 2,995732273553991 0,002158308554433711
отпечаток 3,506557897319982 0,002526338542737739
отсутствовать 0,05129329438755048 0,0006651868148241417
охота 3,506557897319982 0,005052677085475478
оценивание 0,1508228897345837 0,00021732404860891019
паддингтон 4,605170185988092 0,006635691910645665
панорамный 4,605170185988092 0,0033178459553228324
парламентский 2,995732273553991 0,002158308554433711
первый 0 0
передать 3,912023005428146 0,0028184603785505373
перейти 0 0
перенять 4,605170185988092 0,0033178459553228324
пересыльный 4,605170185988092 0,0033178459553228324
период 1,3093333199837622 0,000943323717567552
персидский 1,5606477482646683 0,0011243859857814613
персоналия 0,07257069283483537 0,00026142180416006977
печать 0 0
плат 3,506557897319982 0,002526338542737739
плаццотто 2,995732273553991 0,004316617108867422
пляж 2,8134107167600364 0,0020269529659654438
пн 0,127833371509885 0,0003683958833137896
побережье 1,8971199848858813 0,0027336022836972353
подборка 1,6094379124341003 0,011595374008891213
подгруппа 4,605170185988092 0,0033178459553228324
подробный 0 0
поездка 3,506557897319982 0,002526338542737739
поздний 2,120263536200091 0,0015275673891931491
поиск 0 0
политик 0 0
полность 2,407945608651872 0,0017348311301526452
половина 2,207274913189721 0,0015902557011453322
получить 0 0
помочь 0,127833371509885 9,20989708284474E-05
помощь 0,127833371509885 9,20989708284474E-05
попытка 2,407945608651872 0,0017348311301526452
порода 3,506557897319982 0,017684369799164174
портал 0 0
портрет 2,995732273553991 0,004316617108867422
португальский 0,49429632181478017 0,0003561212693190059
посетитель 3,912023005428146 0,0028184603785505373
последний 0 0
посмотреть 0 0
построить 1,4696759700589417 0,0010588443588320905
потерять 3,2188758248682006 0,0023190748017782423
потомок 2,659260036932778 0,0019158933983665545
похоронный 3,2188758248682006 0,0023190748017782423
правительственный 4,605170185988092 0,0033178459553228324
править 0 0
правка 0 0
право 0,843970070294529 0,00182414280323025
превратиться 2,8134107167600364 0,0020269529659654438
предлагать 0 0
предприниматься 4,605170185988092 0,0033178459553228324
предпринять 3,506557897319982 0,002526338542737739
преемник 3,912023005428146 0,0028184603785505373
признание 3,912023005428146 0,0028184603785505373
приписывать 4,605170185988092 0,0033178459553228324
природа 1,07880966137193 0,001554480780074827
проект 0 0
происхождение 1,7147984280919266 0,0012354455533803506
промышленный 2,5257286443082556 0,0036393784500118953
процесс 1,8325814637483102 0,0013203036482336528
пятница 3,506557897319982 0,002526338542737739
рабочий 2,8134107167600364 0,0020269529659654438
разведение 3,912023005428146 0,0028184603785505373
развитие 0,9416085398584451 0,0006783923197827414
развитый 3,2188758248682006 0,0023190748017782423
разработчик 0 0
разрешение 4,605170185988092 0,0033178459553228324
ральф 4,605170185988092 0,0033178459553228324
ранение 2,995732273553991 0,002158308554433711
ранея 2,5257286443082556 0,0018196892250059477
революция 2,120263536200091 0,0030551347783862983
религия 0,083381608939051 0,00012014641057500143
респектабельность 4,605170185988092 0,0033178459553228324
республика 0,9416085398584451 0,0006783923197827414
ресурс 2,407945608651872 0,0017348311301526452
ричардсон 4,605170185988092 0,006635691910645665
ричмонд 4,605170185988092 0,006635691910645665
роберт 3,912023005428146 0,0028184603785505373
родиться 0,8915981192837835 0,0006423617574090658
родственник 3,912023005428146 0,0028184603785505373
родственный 0,21072103131565253 0,0001518163049824586
рождение 2,0402208285265546 0,0014698997323678346
розовый 3,506557897319982 0,005052677085475478
руководство 2,0402208285265546 0,002939799464735669
русский 0 0
саакян 3,912023005428146 0,005636920757101075
самопоказ 4,605170185988092 0,0033178459553228324
самый 0,5447271754416719 0,0007849094746998155
сведение 0 0
свежий 0 0
свободный 0 0
связать 0 0
святой 1,4696759700589417 0,002117688717664181
северный 1,1086626245216111 0,0007987482885602385
сентябрь 0 0
сильный 2,407945608651872 0,0017348311301526452
система 0 0
скандал 3,506557897319982 0,005052677085475478
скоропостижный 4,605170185988092 0,0033178459553228324
след 2,995732273553991 0,002158308554433711
служить 2,0402208285265546 0,0014698997323678346
случай 0 0
случайный 0 0
смерть 1,8325814637483102 0,0026406072964673057
смотреть 0 0
смотритель 4,605170185988092 0,0033178459553228324
снять 2,302585092994046 0,0016589229776614162
собака 3,2188758248682006 0,01855259841422594
событие 0 0
советник 3,912023005428146 0,0028184603785505373
советский 1,3470736479666094 0,0009705141555955398
современный 1,0216512475319812 0,0007360599766080556
содержание 0,1392620673335076 0,00020066580307421844
создать 0 0
сообщество 0 0
состав 1,0498221244986776 0,0007563559974774334
составлять 1,6094379124341003 0,0023190748017782423
сохранение 0 0
сохраниться 2,120263536200091 0,0030551347783862983
социалистический 1,9661128563728327 0,0014165078215942599
сочетание 3,912023005428146 0,0028184603785505373
союз 1,4696759700589417 0,003176533076496272
список 0 0
спорт 0,083381608939051 0,00012014641057500143
спортивный 2,302585092994046 0,0016589229776614162
средневековье 2,8134107167600364 0,0020269529659654438
средство 1,9661128563728327 0,0014165078215942599
ссср 1,4271163556401458 0,0010281818124208543
ссылаться 0 0
ссылка 0 0
стамфорд 4,605170185988092 0,01327138382129133
стамфордский 4,605170185988092 0,0033178459553228324
стандарт 2,8134107167600364 0,0020269529659654438
старинный 3,506557897319982 0,002526338542737739
староанглийский 4,605170185988092 0,009953537865968498
статистик 0 0
стать 0,4620354595965586 0,0006657571463927357
статья 0 0
стен 2,207274913189721 0,0015902557011453322
сто 2,5257286443082556 0,0018196892250059477
столетие 2,995732273553991 0,002158308554433711
столица 0,7985076962177716 0,0005752937292635242
сторона 1,7719568419318754 0,002553251933619417
стоун 4,605170185988092 0,0033178459553228324
стоять 3,2188758248682006 0,0023190748017782423
страна 0,43078291609245434 0,001862173988872281
страница 0 0
строение 2,407945608651872 0,0017348311301526452
существование 2,5257286443082556 0,0018196892250059477
считаться 1,5141277326297755 0,0010908701243730371
сьюэлла 3,912023005428146 0,005636920757101075
сюд 0 0
тамворт 4,605170185988092 0,006635691910645665
таттершел 4,605170185988092 0,019907075731936997
тейлор 4,605170185988092 0,006635691910645665
текст 0 0
тело 2,120263536200091 0,0015275673891931491
телохранитель 3,506557897319982 0,002526338542737739
терри 3,2188758248682006 0,004638149603556485
техника 0,06187540371808745 8,915764224508279E-05
течь 0 0
ти 3,2188758248682006 0,004638149603556485
тип 2,5257286443082556 0,0018196892250059477
травильный 4,605170185988092 0,0033178459553228324
требовать 1,4696759700589417 0,0010588443588320905
требоваться 3,2188758248682006 0,0023190748017782423
третий 1,7147984280919266 0,0012354455533803506
трудоспособность 4,605170185988092 0,0033178459553228324
тучный 4,605170185988092 0,0033178459553228324
тюрьма 2,8134107167600364 0,0040539059319308875
удалить 3,506557897319982 0,002526338542737739
уильям 2,302585092994046 0,0033178459553228324
уйти 3,912023005428146 0,0028184603785505373
указатель 0 0
украинский 1,07880966137193 0,0007772403900374135
укрепление 2,8134107167600364 0,0020269529659654438
улучшение 1,4271163556401458 0,0020563636248417086
умер 2,659260036932778 0,0019158933983665545
университет 1,3470736479666094 0,0019410283111910797
уолла 4,605170185988092 0,006635691910645665
уолтхэм 4,605170185988092 0,006635691910645665
уотфорд 3,912023005428146 0,005636920757101075
условие 0 0
успешный 2,120263536200091 0,0015275673891931491
утратить 2,8134107167600364 0,0020269529659654438
участие 0 0
участник 0 0
учебный 2,407945608651872 0,0017348311301526452
уэльс 3,2188758248682006 0,011595374008891213
уязвимый 4,605170185988092 0,0033178459553228324
факт 2,302585092994046 0,0016589229776614162
февраль 0 0
федерация 1,4271163556401458 0,003084545437262563
филлипс 4,605170185988092 0,006635691910645665
философия 0,09431067947124142 0,0001358943508231144
флаг 0,8675005677047231 0,0012500008180183328
флегматичность 4,605170185988092 0,0033178459553228324
флит 4,605170185988092 0,006635691910645665
форест 3,912023005428146 0,005636920757101075
формировать 3,912023005428146 0,0028184603785505373
форум 0 0
французский 0,23572233352106994 0,00016982877054832126
фунт 2,995732273553991 0,004316617108867422
фут 3,912023005428146 0,0028184603785505373
футболист 1,8971199848858813 0,0013668011418486177
харрис 4,605170185988092 0,006635691910645665
хейверинг 4,605170185988092 0,006635691910645665
хейза 3,506557897319982 0,005052677085475478
хилтон 4,605170185988092 0,006635691910645665
холланд 3,912023005428146 0,005636920757101075
хоу 3,912023005428146 0,005636920757101075
центр 0,8915981192837835 0,0006423617574090658
церковь 1,4271163556401458 0,004112727249683417
цитата 1,4271163556401458 0,0010281818124208543
часть 0,5978370007556204 0,0012921549007686322
человеческий 2,407945608651872 0,0017348311301526452
черта 2,995732273553991 0,002158308554433711
число 1,3470736479666094 0,0009705141555955398
читать 0 0
шаблон 0 0
шамансемный 2,8134107167600364 0,008107811863861775
шотландия 3,506557897319982 0,012631692713688695
экономика 0,7550225842780328 0,0010879287957896726
элегантность 4,605170185988092 0,0033178459553228324
элемент 0,19845093872383823 0,0002859523612735421
эми 3,506557897319982 0,005052677085475478
эмма 2,995732273553991 0,004316617108867422
энциклопедия 0 0
энцо 2,8134107167600364 0,0040539059319308875
эппинг 4,605170185988092 0,006635691910645665
эстля 4,605170185988092 0,006635691910645665
юго 1,171182981502945 0,0008437917734171074
юридический 3,506557897319982 0,005052677085475478
юрист 2,5257286443082556 0,0036393784500118953
яверленд 4,605170185988092 0,006635691910645665
являться 0,3424903089467759 0,0002467509430452276
язык 0 0
яй 1,7147984280919266 0,0012354455533803506
яркий 2,8134107167600364 0,0020269529659654438
ярмут 4,605170185988092 0,006635691910645665
