август 0 0
августа 0,843970070294529 0,0011148878075224954
азербайджанский 1,6607312068216509 0,001096916252854459
азия 1,5141277326297755 0,0020001687353101393
алфавит 0 0
альфреда 3,506557897319982 0,004632176878890333
америка 1,4271163556401458 0,0009426131807398585
американский 1,4271163556401458 0,001885226361479717
аммопиптант 4,605170185988092 0,006083448066034468
анатомия 3,506557897319982 0,004632176878890333
англ 1,0498221244986776 0,000693409593460157
английский 0,37106368139083196 0,0007352648904706049
англия 2,120263536200091 0,002800876533949922
анна 1,9661128563728327 0,002597242874997137
апрель 0 0
арабский 0,38566248081198473 0,00025473083276881424
архив 0,3011050927839216 0,001591044083402492
астрономия 2,995732273553991 0,005936061308231157
африка 1,5606477482646683 0,0020616218603232077
африкаанс 3,506557897319982 0,0023160884394451665
беллинген 3,912023005428146 0,005167797893564262
белорусский 2,659260036932778 0,001756446523733671
бенгальский 2,120263536200091 0,001400438266974961
берег 1,6094379124341003 0,001063036930273514
бесконечность 4,605170185988092 0,003041724033017234
биолог 3,506557897319982 0,013896530636670998
биологический 2,407945608651872 0,06202766098905085
биология 2,8134107167600364 0,20812549555952714
биофизика 4,605170185988092 0,012166896132068936
биохимия 4,605170185988092 0,006083448066034468
биоцид 4,605170185988092 0,0091251720990517
биоэтика 4,605170185988092 0,0091251720990517
бить 3,506557897319982 0,004632176878890333
блумингтон 4,605170185988092 0,006083448066034468
болгарский 1,9661128563728327 0,0012986214374985684
большой 1,1086626245216111 0,0021968215809543153
боснийский 2,659260036932778 0,001756446523733671
ботаник 3,912023005428146 0,005167797893564262
ботаника 2,995732273553991 0,017808183924693473
вайсман 4,605170185988092 0,006083448066034468
ван 2,8134107167600364 0,003716526706420127
век 0,5108256237659907 0,000674802673402894
венгерский 1,9661128563728327 0,0012986214374985684
версия 0 0
вес 2,5257286443082556 0,0016682487743119258
ветвь 2,995732273553991 0,001978687102743719
взрослый 2,995732273553991 0,001978687102743719
вид 1,0498221244986776 0,001386819186920314
видовой 3,912023005428146 0,002583898946782131
викиверситет 2,659260036932778 0,001756446523733671
викивид 3,912023005428146 0,002583898946782131
википедия 0 0
викисклад 0,5798184952529422 0,00038297126502836337
викисловар 1,8325814637483102 0,0012104236880768231
викитек 1,1394342831883648 0,0007525986018417205
викицитатник 0,9675840262617057 0,0006390911666193565
винодельческий 4,605170185988092 0,006083448066034468
вирусология 4,605170185988092 0,006083448066034468
вклад 0 0
включать 1,9661128563728327 0,0012986214374985684
владимир 1,2378743560016172 0,0016352369299889263
водный 2,5257286443082556 0,0016682487743119258
возникновение 2,8134107167600364 0,003716526706420127
воспроизводство 4,605170185988092 0,003041724033017234
восторг 4,605170185988092 0,006083448066034468
выгибать 4,605170185988092 0,003041724033017234
вьетнамский 1,6094379124341003 0,001063036930273514
гармония 3,912023005428146 0,002583898946782131
генетик 4,605170185988092 0,006083448066034468
геномик 4,605170185988092 0,006083448066034468
география 0,083381608939051 0,00011014743585079392
геология 2,659260036932778 0,005269339571201013
герпетология 3,912023005428146 0,007751696840346392
гидробиология 4,605170185988092 0,006083448066034468
гипотеза 3,912023005428146 0,005167797893564262
гистология 4,605170185988092 0,006083448066034468
глубокий 2,8134107167600364 0,003716526706420127
гнездиться 4,605170185988092 0,003041724033017234
год 0,6348782724359695 0,00041933835695902874
голова 2,659260036932778 0,003512893047467342
горб 3,912023005428146 0,002583898946782131
горбатый 3,912023005428146 0,012919494733910655
греча 1,9661128563728327 0,0012986214374985684
греческий 1,4271163556401458 0,0028278395422195756
грудной 4,605170185988092 0,003041724033017234
грузинский 1,8325814637483102 0,0012104236880768231
густой 4,605170185988092 0,003041724033017234
далья 0,3566749439387324 0,0007067535216751632
данный 0,1508228897345837 9,961881752614511E-05
два 0 0
декабрь 0 0
делать 2,8134107167600364 0,0018582633532100636
департамент 2,659260036932778 0,001756446523733671
дерево 1,7147984280919266 0,0011326277596379964
динозавр 3,506557897319982 0,009264353757780666
длина 2,5257286443082556 0,0016682487743119258
добро 1,8325814637483102 0,0012104236880768231
добротный 2,995732273553991 0,003957374205487438
добыть 3,912023005428146 0,002583898946782131
докторский 4,605170185988092 0,003041724033017234
дочерний 2,995732273553991 0,001978687102743719
др 1,8971199848858813 0,0012530515091716521
древнегреческий 2,302585092994046 0,001520862016508617
друг 2,659260036932778 0,007025786094934684
европа 0,8915981192837835 0,001177804648987825
европейский 1,1086626245216111 0,0014645477206362103
единственный 1,3470736479666094 0,0008897448137163867
естественный 3,2188758248682006 0,004252147721094056
жертва 2,407945608651872 0,001590452845873099
жизнь 1,5606477482646683 0,004123243720646415
журнал 0 0
закон 1,9661128563728327 0,002597242874997137
заниматься 0 0
запрос 0,1165338162559516 0,00015394163309901136
затронуть 3,912023005428146 0,002583898946782131
зачастовать 3,912023005428146 0,002583898946782131
знаете 0,06187540371808745 8,17376535245541E-05
знак 0 0
значение 1,9661128563728327 0,002597242874997137
зоология 3,912023005428146 0,023255090521039176
зульфия 3,506557897319982 0,004632176878890333
ибрагимовна 3,506557897319982 0,004632176878890333
иванищенский 4,605170185988092 0,006083448066034468
иванович 1,6094379124341003 0,002126073860547028
иврит 1,6607312068216509 0,001096916252854459
идентифицировать 4,605170185988092 0,003041724033017234
избранный 0,083381608939051 0,00022029487170158784
избрать 0 0
изменение 0 0
изображение 0,06187540371808745 0,00012260648028683115
изучение 2,407945608651872 0,001590452845873099
иммунология 3,912023005428146 0,005167797893564262
иначе 3,912023005428146 0,002583898946782131
индианский 4,605170185988092 0,0091251720990517
индивидуальный 2,995732273553991 0,001978687102743719
индоокеанский 4,605170185988092 0,006083448066034468
институт 1,9661128563728327 0,0012986214374985684
интервик 0,9675840262617057 0,0006390911666193565
искать 0 0
искусство 0,083381608939051 0,00011014743585079392
испанский 0,49429632181478017 0,0003264837000097623
использование 0 0
исследование 2,120263536200091 0,008402629601849766
история 0 0
источник 0 0
итальянский 0,7339691750802005 0,00048478809450475596
июнь 0 0
камуфляж 3,912023005428146 0,005167797893564262
кат 3,2188758248682006 0,0680343635375049
каталанский 1,8325814637483102 0,0012104236880768231
категория 0 0
качество 1,5606477482646683 0,0010308109301616038
кечуа 2,995732273553991 0,001978687102743719
кинси 4,605170185988092 0,0182503441981034
кит 3,506557897319982 0,016212619076116166
китайский 1,171182981502945 0,0007735686799887352
книга 0 0
код 0 0
коллекция 2,120263536200091 0,001400438266974961
комплекс 1,8971199848858813 0,0012530515091716521
корм 3,912023005428146 0,002583898946782131
короткий 2,995732273553991 0,001978687102743719
космический 2,995732273553991 0,003957374205487438
красота 4,605170185988092 0,003041724033017234
круглоголовка 3,912023005428146 0,005167797893564262
крыло 3,2188758248682006 0,004252147721094056
культурный 1,5141277326297755 0,0010000843676550696
лат 1,8325814637483102 0,0024208473761536463
латышский 2,995732273553991 0,001978687102743719
леса 2,659260036932778 0,001756446523733671
либо 2,8134107167600364 0,003716526706420127
лиственный 4,605170185988092 0,003041724033017234
литература 1,1086626245216111 0,0014645477206362103
личность 0,127833371509885 0,0001688683903697292
ловкий 4,605170185988092 0,003041724033017234
лучший 0 0
лягушка 4,605170185988092 0,003041724033017234
мазурик 4,605170185988092 0,006083448066034468
май 0 0
македонский 1,5606477482646683 0,0010308109301616038
малакология 3,912023005428146 0,012919494733910655
мардис 4,605170185988092 0,006083448066034468
март 0 0
математика 2,659260036932778 0,005269339571201013
математический 3,506557897319982 0,004632176878890333
материал 0 0
медицина 2,659260036932778 0,005269339571201013
место 0 0
метод 2,995732273553991 0,003957374205487438
микология 3,912023005428146 0,015503393680692784
микробиология 3,912023005428146 0,015503393680692784
милгрэм 4,605170185988092 0,006083448066034468
мирный 2,8134107167600364 0,003716526706420127
миро 0 0
младший 2,5257286443082556 0,0016682487743119258
млекопитающее 3,2188758248682006 0,004252147721094056
многие 1,5606477482646683 0,0010308109301616038
множество 2,5257286443082556 0,0016682487743119258
мобильный 0 0
мой 0 0
молекулярный 3,912023005428146 0,005167797893564262
монстр 3,506557897319982 0,004632176878890333
монтить 3,912023005428146 0,005167797893564262
моча 0,16251892949777494 0,00010734407496550525
навигация 0 0
награда 1,3470736479666094 0,0017794896274327735
надкатегория 3,912023005428146 0,002583898946782131
нажать 0 0
название 0 0
найти 0 0
напоминать 3,2188758248682006 0,002126073860547028
направление 1,8325814637483102 0,003631271064230469
наступление 3,506557897319982 0,0023160884394451665
наука 0,05129329438755048 0,0003049139032285035
находиться 0 0
начинать 0,1508228897345837 0,00019923763505229022
неакадемический 3,912023005428146 0,005167797893564262
небольшой 1,9661128563728327 0,002597242874997137
невидимый 3,912023005428146 0,002583898946782131
недоставать 1,07880966137193 0,0007125559190039168
незаметный 4,605170185988092 0,003041724033017234
нейронауки 3,912023005428146 0,015503393680692784
некоммерческий 0 0
немецкий 0,5108256237659907 0,000337401336701447
неутомимый 4,605170185988092 0,003041724033017234
новоанглийский 4,605170185988092 0,003041724033017234
новый 0 0
нога 2,8134107167600364 0,0018582633532100636
номенклатура 4,605170185988092 0,006083448066034468
носить 1,6094379124341003 0,001063036930273514
ноябрь 0 0
нужный 2,995732273553991 0,001978687102743719
обезьяна 3,912023005428146 0,007751696840346392
область 0,7765287894989963 0,001025797608320999
образование 0,7339691750802005 0,0009695761890095119
обсуждение 0 0
общебиологический 4,605170185988092 0,003041724033017234
общество 0,07257069283483537 9,586617283333603E-05
общий 1,3470736479666094 0,0008897448137163867
обыкновенный 3,912023005428146 0,012919494733910655
обычный 3,506557897319982 0,0023160884394451665
обязательный 0 0
огромный 2,8134107167600364 0,0018582633532100636
океан 1,6607312068216509 0,002193832505708918
окружать 3,2188758248682006 0,008504295442188113
октябрь 0 0
оперение 4,605170185988092 0,006083448066034468
описание 0 0
описать 2,995732273553991 0,001978687102743719
организация 0 0
организм 3,912023005428146 0,012919494733910655
орехотворка 4,605170185988092 0,003041724033017234
орнитология 4,605170185988092 0,012166896132068936
оружие 2,0402208285265546 0,0026951397999029785
основатель 1,9661128563728327 0,0012986214374985684
основной 0 0
особь 4,605170185988092 0,003041724033017234
ответственность 0 0
отдельный 0 0
отказ 0 0
относиться 1,7147984280919266 0,0011326277596379964
отпатрулировать 2,207274913189721 0,004373728361670518
оценивание 0,1508228897345837 0,00019923763505229022
палеонтология 3,912023005428146 0,012919494733910655
парадокс 3,912023005428146 0,005167797893564262
паразит 4,605170185988092 0,003041724033017234
паразитология 4,605170185988092 0,01520862016508617
парк 1,6094379124341003 0,001063036930273514
патология 4,605170185988092 0,006083448066034468
первый 0 0
переводиться 4,605170185988092 0,003041724033017234
переворот 2,5257286443082556 0,0016682487743119258
передвигаться 4,605170185988092 0,003041724033017234
перейти 0 0
персидский 1,5606477482646683 0,0010308109301616038
персоналия 0,07257069283483537 9,586617283333603E-05
печать 0 0
пират 4,605170185988092 0,003041724033017234
плавание 4,605170185988092 0,003041724033017234
плавник 4,605170185988092 0,006083448066034468
плотный 4,605170185988092 0,003041724033017234
пн 0,127833371509885 0,0016042497085124272
повесть 3,506557897319982 0,004632176878890333
погибать 4,605170185988092 0,003041724033017234
подборка 1,6094379124341003 0,004252147721094056
подвижной 4,605170185988092 0,003041724033017234
подкатегория 2,995732273553991 0,02770161943841207
подотряд 4,605170185988092 0,003041724033017234
подробный 0 0
подсемейство 4,605170185988092 0,003041724033017234
пожаловать 1,7719568419318754 0,0011703810052390194
поиск 0 0
показать 1,2729656758128876 0,000840796351263466
пола 3,912023005428146 0,002583898946782131
политик 0 0
полность 2,407945608651872 0,001590452845873099
полоса 2,8134107167600364 0,0018582633532100636
полосатиковый 4,605170185988092 0,003041724033017234
получение 2,5257286443082556 0,0016682487743119258
получить 0 0
польский 1,2729656758128876 0,000840796351263466
помочь 0,127833371509885 0,0001688683903697292
помощь 0,127833371509885 8,44341951848646E-05
понимание 3,912023005428146 0,002583898946782131
поползень 4,605170185988092 0,0091251720990517
поползневый 4,605170185988092 0,003041724033017234
популяризация 3,2188758248682006 0,004252147721094056
портал 0 0
португальский 0,49429632181478017 0,0003264837000097623
поскольку 2,5257286443082556 0,0016682487743119258
последний 0 0
последующий 2,8134107167600364 0,0018582633532100636
посмотреть 0 0
поступить 3,2188758248682006 0,002126073860547028
потенциальный 1,5141277326297755 0,0010000843676550696
потомство 3,506557897319982 0,0023160884394451665
появление 3,506557897319982 0,0023160884394451665
править 0 0
правка 0 0
превратить 3,506557897319982 0,0023160884394451665
предлагать 0 0
привычка 4,605170185988092 0,003041724033017234
приобретаться 4,605170185988092 0,003041724033017234
природа 1,07880966137193 0,0007125559190039168
проблема 2,407945608651872 0,003180905691746198
прованс 3,912023005428146 0,005167797893564262
продолжить 3,506557897319982 0,0023160884394451665
проект 0 0
происходить 1,9661128563728327 0,0012986214374985684
происхождение 1,7147984280919266 0,0011326277596379964
протистология 4,605170185988092 0,006083448066034468
профессор 2,5257286443082556 0,0016682487743119258
профессура 4,605170185988092 0,003041724033017234
процесс 1,8325814637483102 0,0024208473761536463
птица 2,659260036932778 0,005269339571201013
пункт 1,5606477482646683 0,0010308109301616038
путешествовать 3,506557897319982 0,0023160884394451665
пушистый 4,605170185988092 0,003041724033017234
рабовладелец 4,605170185988092 0,003041724033017234
работа 0,9942522733438669 0,001313411193320828
развитие 0,9416085398584451 0,0018658029191382663
раздел 0,9675840262617057 0,0019172734998580694
различный 1,8971199848858813 0,0012530515091716521
размах 4,605170185988092 0,003041724033017234
размер 2,8134107167600364 0,0018582633532100636
разработчик 0 0
распространение 2,8134107167600364 0,0018582633532100636
рассматриваться 3,506557897319982 0,0023160884394451665
революция 2,120263536200091 0,002800876533949922
регион 0,9942522733438669 0,001313411193320828
религия 0,083381608939051 0,00011014743585079392
реликтовый 3,912023005428146 0,005167797893564262
ресурс 2,407945608651872 0,003180905691746198
род 2,302585092994046 0,001520862016508617
родовой 3,912023005428146 0,002583898946782131
родственный 0,21072103131565253 0,00013918165872896468
россия 0,7765287894989963 0,001025797608320999
русский 0 0
сад 2,659260036932778 0,001756446523733671
самый 0,5447271754416719 0,0003597933787593606
сведение 0 0
свежий 0 0
света 2,0402208285265546 0,0013475698999514893
свободный 0 0
связать 0 0
связь 1,6607312068216509 0,001096916252854459
северный 1,1086626245216111 0,0014645477206362103
секс 4,605170185988092 0,003041724033017234
сексуальность 4,605170185988092 0,003041724033017234
сексуальный 3,506557897319982 0,0023160884394451665
сельский 1,6607312068216509 0,0032907487585633766
семейство 2,995732273553991 0,003957374205487438
сентябрь 0 0
сербский 1,7147984280919266 0,0011326277596379964
сибирь 2,995732273553991 0,001978687102743719
сильный 2,407945608651872 0,001590452845873099
симметрия 4,605170185988092 0,003041724033017234
система 0 0
систематизировать 4,605170185988092 0,003041724033017234
систематика 3,912023005428146 0,010335595787128523
слово 1,5606477482646683 0,0010308109301616038
случай 0 0
случайный 0 0
смешать 3,2188758248682006 0,002126073860547028
смотреть 0 0
собирать 3,506557897319982 0,0023160884394451665
событие 0 0
совокупность 3,912023005428146 0,002583898946782131
современный 1,0216512475319812 0,0006748026734028938
содержание 0,1392620673335076 9,198287142239604E-05
содержать 3,2188758248682006 0,07441258511914599
создавать 2,120263536200091 0,001400438266974961
создание 0,8675005677047231 0,0005729858439265014
создать 0 0
сомали 2,995732273553991 0,001978687102743719
сообщество 0 0
соотноситься 4,605170185988092 0,006083448066034468
сосна 4,605170185988092 0,006083448066034468
состояние 1,7147984280919266 0,0011326277596379964
сохранение 0 0
социальный 2,5257286443082556 0,0016682487743119258
спин 4,605170185988092 0,003041724033017234
спинной 4,605170185988092 0,003041724033017234
список 0 0
спорт 0,083381608939051 0,00011014743585079392
среда 2,995732273553991 0,007914748410974877
средний 1,8971199848858813 0,0012530515091716521
ссылаться 0 0
ссылка 0 0
стабильный 1,4271163556401458 0,0009426131807398585
статистик 0 0
стать 0,4620354595965586 0,00030517533658953676
статья 0 0
ствол 3,506557897319982 0,0023160884394451665
степень 3,2188758248682006 0,002126073860547028
страна 0,43078291609245434 0,0002845329696779751
страница 0 0
строение 2,407945608651872 0,001590452845873099
структура 2,995732273553991 0,003957374205487438
суждение 4,605170185988092 0,003041724033017234
сша 0,9675840262617057 0,0006390911666193565
сюд 0 0
таракан 4,605170185988092 0,006083448066034468
тарас 3,506557897319982 0,004632176878890333
текст 0 0
телосложение 4,605170185988092 0,003041724033017234
теория 1,8971199848858813 0,0025061030183433043
термин 2,0402208285265546 0,0013475698999514893
терминология 3,2188758248682006 0,004252147721094056
техника 0,06187540371808745 0,00020434413381138525
течь 0 0
тибетский 3,506557897319982 0,004632176878890333
толстотелый 4,605170185988092 0,003041724033017234
тонкотелый 4,605170185988092 0,003041724033017234
традиционный 1,8971199848858813 0,0012530515091716521
трахинот 4,605170185988092 0,0182503441981034
требовать 1,4696759700589417 0,0009707238903956021
труп 4,605170185988092 0,003041724033017234
узкий 2,995732273553991 0,001978687102743719
указатель 0 0
указывать 3,506557897319982 0,0023160884394451665
украинский 1,07880966137193 0,0007125559190039168
улучшать 2,0402208285265546 0,0013475698999514893
умидов 3,506557897319982 0,004632176878890333
университет 1,3470736479666094 0,00266923444114916
усатый 3,506557897319982 0,0023160884394451665
условие 0 0
устраивать 4,605170185988092 0,003041724033017234
участвовать 1,8971199848858813 0,0012530515091716521
участие 0 0
участник 0 0
февраль 0 0
физика 2,659260036932778 0,005269339571201013
физиология 3,912023005428146 0,005167797893564262
философия 0,09431067947124142 0,0001245847813358539
финский 1,9661128563728327 0,0012986214374985684
форма 1,6607312068216509 0,001096916252854459
форум 0 0
фотография 2,659260036932778 0,001756446523733671
французский 0,23572233352106994 0,00015569506837587182
функция 3,2188758248682006 0,002126073860547028
хамелеон 4,605170185988092 0,003041724033017234
хвойный 3,912023005428146 0,002583898946782131
химия 3,506557897319982 0,006948265318335499
хозяйство 1,7719568419318754 0,0035111430157170583
хороший 0,7985076962177716 0,0021096636623983396
хх 1,2729656758128876 0,000840796351263466
царский 3,2188758248682006 0,002126073860547028
ценность 3,2188758248682006 0,002126073860547028
цикл 4,605170185988092 0,006083448066034468
цитата 1,4271163556401458 0,001885226361479717
цитология 3,912023005428146 0,010335595787128523
чарлза 4,605170185988092 0,003041724033017234
человек 1,1394342831883648 0,0022577958055251613
человеческий 2,407945608651872 0,001590452845873099
чешский 1,3862943611198906 0,0009156501724702052
число 1,3470736479666094 0,0008897448137163867
читать 0 0
шаблон 0 0
шамайка 4,605170185988092 0,006083448066034468
шевченко 3,912023005428146 0,005167797893564262
шершень 4,605170185988092 0,006083448066034468
шея 3,912023005428146 0,002583898946782131
широкий 2,207274913189721 0,002915818907780345
штат 1,7147984280919266 0,0022652555192759927
шубин 3,2188758248682006 0,004252147721094056
эволюционный 3,506557897319982 0,016212619076116166
экземпляр 2,8134107167600364 0,0018582633532100636
экология 2,995732273553991 0,013850809719206035
эксперимент 3,912023005428146 0,005167797893564262
элейна 4,605170185988092 0,006083448066034468
электроника 3,912023005428146 0,007751696840346392
электронный 4,605170185988092 0,006083448066034468
элемент 0,19845093872383823 0,00026215447651761986
энтомология 3,912023005428146 0,015503393680692784
энциклопедия 0 0
этология 3,912023005428146 0,005167797893564262
язык 0 0
японский 1,4696759700589417 0,0009707238903956021
