аббас 3,912023005428146 0,005482863357292426
абсолютный 2,8134107167600364 0,001971556213566949
авария 4,605170185988092 0,0032271690161093844
август 0 0
автомат 4,605170185988092 0,0032271690161093844
айка 4,605170185988092 0,006454338032218769
айкидо 4,605170185988092 0,006454338032218769
александрович 1,6607312068216509 0,002327584031985495
али 2,407945608651872 0,003374836171901712
алфавит 0 0
американский 1,4271163556401458 0,0010000815386406066
ана 3,2188758248682006 0,006767083023549126
аналогичный 2,995732273553991 0,002099321845517863
анвар 3,912023005428146 0,005482863357292426
англ 1,0498221244986776 0,0014713694807269482
английский 0,37106368139083196 0,0010401224425811686
андрей 1,2039728043259361 0,003374836171901713
апрель 0 0
арабский 0,38566248081198473 0,0002702610236944532
арен 3,912023005428146 0,002741431678646213
арена 3,912023005428146 0,002741431678646213
аркадный 4,605170185988092 0,0032271690161093844
армена 3,912023005428146 0,005482863357292426
арнис 4,605170185988092 0,006454338032218769
архив 0,3011050927839216 0,00042201134237410175
атака 2,995732273553991 0,002099321845517863
атлет 4,605170185988092 0,0032271690161093844
багуачжан 4,605170185988092 0,006454338032218769
байп 4,605170185988092 0,0032271690161093844
бартитс 4,605170185988092 0,006454338032218769
бенгальский 2,120263536200091 0,0014858188761037777
беттина 4,605170185988092 0,006454338032218769
битва 1,8971199848858813 0,0026588927608771984
бить 3,506557897319982 0,00245729355103012
благодаря 1,8325814637483102 0,0012842196662566994
близнец 3,506557897319982 0,00245729355103012
боевик 3,912023005428146 0,005482863357292426
боевой 1,8971199848858813 0,07976678282631595
боец 2,995732273553991 0,004198643691035726
бой 1,8971199848858813 0,0013294463804385992
бокс 3,912023005428146 0,041121475179693195
болеянин 3,912023005428146 0,005482863357292426
больший 1,8325814637483102 0,0012842196662566994
борьба 1,8325814637483102 0,005136878665026798
бразильский 3,2188758248682006 0,004511388682366084
броня 4,605170185988092 0,0032271690161093844
будзинканный 4,605170185988092 0,006454338032218769
будзюц 4,605170185988092 0,0032271690161093844
будо 4,605170185988092 0,012908676064437538
валенсия 2,995732273553991 0,004198643691035726
введение 1,3470736479666094 0,0018879798850267827
ведение 2,8134107167600364 0,001971556213566949
век 0,5108256237659907 0,00035797170551225696
версия 0 0
вес 2,5257286443082556 0,005309871011159613
весовой 4,605170185988092 0,006454338032218769
вещь 3,506557897319982 0,00245729355103012
вид 1,0498221244986776 0,0014713694807269482
видение 4,605170185988092 0,0032271690161093844
видеоигра 4,605170185988092 0,0032271690161093844
википедия 0 0
викисклад 0,5798184952529422 0,0004063198985654815
викисловар 1,8325814637483102 0,0012842196662566994
викицитатник 0,9675840262617057 0,0006780546785295765
вина 4,605170185988092 0,006454338032218769
вклад 0 0
владимир 1,2378743560016172 0,0017349325241788607
владлен 4,605170185988092 0,006454338032218769
вовина 4,605170185988092 0,006454338032218769
возможность 2,5257286443082556 0,0017699570037198707
воинский 2,659260036932778 0,001863531910954995
володя 3,912023005428146 0,005482863357292426
восточноазиатский 4,605170185988092 0,0032271690161093844
входить 1,2378743560016172 0,0034698650483577214
выпустить 2,5257286443082556 0,0017699570037198707
выступать 2,302585092994046 0,0032271690161093844
выход 1,8325814637483102 0,0012842196662566994
гадюка 4,605170185988092 0,0032271690161093844
гилберт 3,912023005428146 0,002741431678646213
гитара 4,605170185988092 0,0032271690161093844
главное 1,7147984280919266 0,001201680748487685
год 0,6348782724359695 0,00044490418530901854
греция 2,0402208285265546 0,0014297272799765623
грузия 2,8134107167600364 0,003943112427133898
грэпплинг 4,605170185988092 0,009681507048328155
гэндай 4,605170185988092 0,0032271690161093844
далья 0,3566749439387324 0,000999789611601212
данный 0,1508228897345837 0,00010569228432696824
дата 2,302585092994046 0,0016135845080546922
два 0 0
дважда 2,302585092994046 0,0016135845080546922
действие 1,8325814637483102 0,0012842196662566994
действовать 2,120263536200091 0,0029716377522075554
декабрь 0 0
дело 2,120263536200091 0,0014858188761037777
джиткундо 4,605170185988092 0,006454338032218769
джитс 4,605170185988092 0,016135845080546923
джиу 4,605170185988092 0,016135845080546923
джондо 4,605170185988092 0,006454338032218769
дзигоро 4,605170185988092 0,009681507048328155
дзу 3,912023005428146 0,002741431678646213
дзю 4,605170185988092 0,006454338032218769
дзюдзюц 4,605170185988092 0,009681507048328155
дзюдо 3,506557897319982 0,01965834840824096
дзюц 4,605170185988092 0,006454338032218769
добавлять 1,7719568419318754 0,0012417356986207956
дом 1,3470736479666094 0,0009439899425133913
дополнить 1,5141277326297755 0,0010610565750734237
доступный 3,506557897319982 0,00245729355103012
древнегреческий 2,302585092994046 0,0016135845080546922
древний 1,4696759700589417 0,001029906075724556
европа 0,8915981192837835 0,002499223880262883
егоян 3,912023005428146 0,005482863357292426
единоборство 4,605170185988092 0,012908676064437538
жанр 2,659260036932778 0,001863531910954995
железный 1,7147984280919266 0,00240336149697537
женщина 1,6607312068216509 0,002327584031985495
жизл 2,5257286443082556 0,007079828014879483
журнал 0 0
заготовка 2,5257286443082556 0,0035399140074397414
заниматься 0 0
защита 2,120263536200091 0,0014858188761037777
знаете 0,06187540371808745 0,00013008143738911168
знак 0 0
иайдо 4,605170185988092 0,006454338032218769
игра 1,5606477482646683 0,021873128917514622
игровой 3,912023005428146 0,002741431678646213
игрок 2,407945608651872 0,001687418085950856
избранный 0,083381608939051 0,00017529420239464121
избрать 0 0
издать 3,912023005428146 0,002741431678646213
изменение 0 0
изображение 0,06187540371808745 0,00017344191651881555
изучение 2,407945608651872 0,001687418085950856
иллюстрация 1,8325814637483102 0,002568439332513399
иметь 0,616186139423817 0,0004318052834084211
иметься 1,4271163556401458 0,0010000815386406066
интересный 2,120263536200091 0,004457456628311334
искать 0 0
искупление 4,605170185988092 0,006454338032218769
искусство 0,083381608939051 0,0035643154486910376
исмаил 3,506557897319982 0,00491458710206024
испанский 0,49429632181478017 0,0003463884525681711
использование 0 0
использовать 1,4271163556401458 0,0010000815386406066
использоваться 1,4696759700589417 0,002059812151449112
исправить 2,8134107167600364 0,001971556213566949
исторический 1,2378743560016172 0,0017349325241788607
история 0 0
источник 0 0
июнь 0 0
йоханнесович 4,605170185988092 0,006454338032218769
каларипаятт 4,605170185988092 0,006454338032218769
калифорния 4,605170185988092 0,009681507048328155
кан 3,912023005428146 0,002741431678646213
кано 4,605170185988092 0,012908676064437538
капоэйр 4,605170185988092 0,006454338032218769
карат 3,912023005428146 0,005482863357292426
карленович 3,912023005428146 0,005482863357292426
категория 0 0
качество 1,5606477482646683 0,001093656445875731
кванкидо 4,605170185988092 0,006454338032218769
кевин 3,506557897319982 0,00491458710206024
кикбоксинг 4,605170185988092 0,006454338032218769
кинематограф 1,5141277326297755 0,003183169725220271
кино 2,5257286443082556 0,0035399140074397414
киппастый 4,605170185988092 0,006454338032218769
кириллица 3,912023005428146 0,00822429503593864
классификация 2,5257286443082556 0,005309871011159613
книга 0 0
кобудо 4,605170185988092 0,006454338032218769
код 0 0
кодо 4,605170185988092 0,0032271690161093844
кодокать 4,605170185988092 0,006454338032218769
коллекция 2,120263536200091 0,0014858188761037777
команда 2,207274913189721 0,001546793912536595
командный 2,995732273553991 0,004198643691035726
компания 2,407945608651872 0,001687418085950856
компьютерный 3,2188758248682006 0,009022777364732167
конец 1,4271163556401458 0,0010000815386406066
консоль 4,605170185988092 0,0032271690161093844
корейский 3,2188758248682006 0,002255694341183042
корить 4,605170185988092 0,0032271690161093844
короткометражка 4,605170185988092 0,0032271690161093844
короткометражный 3,912023005428146 0,002741431678646213
который 0,9162907318741551 0,0012842196662566994
крабонг 4,605170185988092 0,006454338032218769
красбить 4,605170185988092 0,006454338032218769
красный 0,7765287894989963 0,0005441687382613849
красть 4,605170185988092 0,006454338032218769
кудо 4,605170185988092 0,006454338032218769
культура 0,3566749439387324 0,000499894805800606
кэмпо 4,605170185988092 0,012908676064437538
кэндо 4,605170185988092 0,006454338032218769
кюдо 4,605170185988092 0,006454338032218769
ландвер 4,605170185988092 0,006454338032218769
легкий 4,605170185988092 0,0032271690161093844
летний 1,7147984280919266 0,008411765239413796
либо 2,8134107167600364 0,001971556213566949
личность 0,127833371509885 0,0002687457004412439
лорнелла 4,605170185988092 0,0032271690161093844
лука 3,2188758248682006 0,004511388682366084
лучший 0 0
люхэбафацюань 4,605170185988092 0,006454338032218769
люция 3,912023005428146 0,002741431678646213
маг 3,912023005428146 0,005482863357292426
май 0 0
мамед 3,912023005428146 0,005482863357292426
манил 4,605170185988092 0,006454338032218769
март 0 0
марта 0,3566749439387324 0,00499894805800606
мастер 2,5257286443082556 0,005309871011159613
математика 2,659260036932778 0,001863531910954995
материал 0 0
медиафайл 1,6094379124341003 0,001127847170591521
мексика 2,995732273553991 0,002099321845517863
мексиканский 3,2188758248682006 0,002255694341183042
место 0 0
миро 0 0
мма 4,605170185988092 0,0032271690161093844
многие 1,5606477482646683 0,001093656445875731
мобильный 0 0
мой 0 0
морис 2,995732273553991 0,004198643691035726
мохаммед 3,912023005428146 0,005482863357292426
моча 0,16251892949777494 0,0002277770560585493
мочь 0,8209805520698303 0,0005753192376102525
музашвили 4,605170185988092 0,006454338032218769
наби 4,605170185988092 0,006454338032218769
навигация 0 0
нагинатадзюц 4,605170185988092 0,006454338032218769
нажать 0 0
название 0 0
называть 1,6607312068216509 0,0011637920159927476
найти 0 0
намаэ 4,605170185988092 0,009681507048328155
нанесение 4,605170185988092 0,0032271690161093844
направление 1,8325814637483102 0,0012842196662566994
например 1,9661128563728327 0,0013777945734918238
нариман 3,2188758248682006 0,004511388682366084
настоящий 1,6094379124341003 0,002255694341183042
наурдий 4,605170185988092 0,006454338032218769
находиться 0 0
начать 0,38566248081198473 0,005675481497583517
недоставать 1,07880966137193 0,0007559983611576243
некоммерческий 0 0
некоторые 1,8325814637483102 0,0012842196662566994
немецкий 0,5108256237659907 0,001073915116536771
необычный 3,506557897319982 0,00245729355103012
неоспоримый 4,605170185988092 0,006454338032218769
неполнота 3,2188758248682006 0,002255694341183042
неполужирный 4,605170185988092 0,009681507048328155
ниндзюц 4,605170185988092 0,006454338032218769
нихного 4,605170185988092 0,009681507048328155
новый 0 0
нога 2,8134107167600364 0,001971556213566949
нокаут 4,605170185988092 0,006454338032218769
носить 1,6094379124341003 0,001127847170591521
ноябрь 0 0
нэйт 4,605170185988092 0,006454338032218769
образ 1,7147984280919266 0,001201680748487685
обсуждение 0 0
обязательный 0 0
ограждение 4,605170185988092 0,0032271690161093844
ограничить 3,506557897319982 0,00245729355103012
одержать 2,659260036932778 0,001863531910954995
октябрь 0 0
олимпийский 1,7719568419318754 0,01117562128758716
описание 0 0
организация 0 0
оружие 2,0402208285265546 0,0028594545599531247
основа 1,8971199848858813 0,0013294463804385992
основание 2,8134107167600364 0,001971556213566949
основать 1,2729656758128876 0,0008920572360286527
основной 0 0
основный 1,8325814637483102 0,0012842196662566994
ответственность 0 0
отдельный 0 0
отказ 0 0
отлучить 4,605170185988092 0,0032271690161093844
относиться 1,7147984280919266 0,001201680748487685
отпатрулировать 2,207274913189721 0,004640381737609786
отсутствовать 0,05129329438755048 7,188969080245337E-05
панкратион 4,605170185988092 0,022590183112765692
первый 0 0
перейти 0 0
перенаправление 2,995732273553991 0,002099321845517863
перерождение 3,912023005428146 0,005482863357292426
персонаж 2,5257286443082556 0,0035399140074397414
петросян 3,912023005428146 0,005482863357292426
печать 0 0
пиккер 4,605170185988092 0,006454338032218769
планк 4,605170185988092 0,006454338032218769
пн 0,127833371509885 0,00017916380029416257
победа 1,8971199848858813 0,0013294463804385992
погибнуть 1,9661128563728327 0,0013777945734918238
подборка 1,6094379124341003 0,013534166047098253
подразделяться 4,605170185988092 0,0032271690161093844
подробный 0 0
поединок 3,506557897319982 0,00245729355103012
поиск 0 0
показать 1,2729656758128876 0,0008920572360286527
политик 0 0
получить 0 0
пометка 3,2188758248682006 0,002255694341183042
помочь 0,127833371509885 0,0002687457004412439
помощь 0,127833371509885 8,958190014708128E-05
портал 0 0
портировать 4,605170185988092 0,0032271690161093844
последний 0 0
посмотреть 0 0
поставить 2,302585092994046 0,0016135845080546922
похожий 3,2188758248682006 0,002255694341183042
правило 1,4696759700589417 0,001029906075724556
править 0 0
правка 0 0
практиковаться 4,605170185988092 0,0032271690161093844
предлагать 0 0
представить 2,120263536200091 0,0014858188761037777
предыдущий 3,506557897319982 0,00245729355103012
преимущественный 2,407945608651872 0,001687418085950856
признать 1,7147984280919266 0,00961344598790148
примечательный 2,0402208285265546 0,0014297272799765623
принцип 3,506557897319982 0,00245729355103012
принять 1,3862943611198906 0,0009714746749263423
проведение 2,8134107167600364 0,001971556213566949
продажа 2,659260036932778 0,001863531910954995
проект 0 0
происхождение 1,7147984280919266 0,00240336149697537
прославиться 3,912023005428146 0,002741431678646213
пространство 2,995732273553991 0,002099321845517863
противник 2,407945608651872 0,001687418085950856
противоположность 4,605170185988092 0,0032271690161093844
профессиональный 2,5257286443082556 0,0035399140074397414
процесс 1,8325814637483102 0,0012842196662566994
путь 2,120263536200091 0,0014858188761037777
развиваться 4,605170185988092 0,0032271690161093844
раздеть 2,995732273553991 0,002099321845517863
различный 1,8971199848858813 0,0013294463804385992
размещать 3,2188758248682006 0,002255694341183042
размикович 3,912023005428146 0,005482863357292426
разный 2,0402208285265546 0,0014297272799765623
разработать 2,5257286443082556 0,0017699570037198707
разработчик 0 0
разрушить 3,2188758248682006 0,002255694341183042
ранея 2,5257286443082556 0,0017699570037198707
распространяться 3,506557897319982 0,00245729355103012
раунд 3,912023005428146 0,005482863357292426
рая 4,605170185988092 0,006454338032218769
регион 0,9942522733438669 0,001393486017300444
режиссер 3,912023005428146 0,002741431678646213
реслинг 4,605170185988092 0,009681507048328155
ринг 3,912023005428146 0,005482863357292426
родиться 0,8915981192837835 0,0006248059700657208
рождение 2,0402208285265546 0,0014297272799765623
рука 2,407945608651872 0,001687418085950856
рукопашный 4,605170185988092 0,0032271690161093844
русский 0 0
русскоязычный 2,659260036932778 0,001863531910954995
сават 4,605170185988092 0,006454338032218769
самбо 4,605170185988092 0,01936301409665631
самозащита 4,605170185988092 0,0032271690161093844
сант 2,8134107167600364 0,003943112427133898
сведение 0 0
свежий 0 0
свободный 0 0
связать 0 0
сделать 2,120263536200091 0,0014858188761037777
сентябрь 0 0
сервис 4,605170185988092 0,0032271690161093844
серия 2,207274913189721 0,00618717565014638
силат 4,605170185988092 0,006454338032218769
синъицюань 4,605170185988092 0,006454338032218769
система 0 0
скейтборд 4,605170185988092 0,0032271690161093844
скрыть 2,8134107167600364 0,001971556213566949
словарь 2,407945608651872 0,001687418085950856
случай 0 0
случайный 0 0
смертельный 3,912023005428146 0,005482863357292426
смешать 3,2188758248682006 0,006767083023549126
смотреть 0 0
смочь 2,5257286443082556 0,0017699570037198707
снять 2,302585092994046 0,0016135845080546922
собственный 1,8325814637483102 0,0012842196662566994
событие 0 0
совершенствование 4,605170185988092 0,0032271690161093844
современный 1,0216512475319812 0,0007159434110245138
создавать 2,120263536200091 0,0029716377522075554
сознательный 4,605170185988092 0,0032271690161093844
сообщество 0 0
соответственно 2,8134107167600364 0,001971556213566949
соревнование 2,5257286443082556 0,005309871011159613
состояние 1,7147984280919266 0,001201680748487685
состязание 3,912023005428146 0,002741431678646213
сохранение 0 0
список 0 0
спорт 0,083381608939051 0,0006427454087803512
спортивный 2,302585092994046 0,004840753524164077
спортсмен 2,207274913189721 0,001546793912536595
сражаться 2,8134107167600364 0,001971556213566949
сражение 2,8134107167600364 0,001971556213566949
среди 1,4696759700589417 0,002059812151449112
средство 1,9661128563728327 0,0013777945734918238
ссылаться 0 0
ссылка 0 0
стабильный 1,4271163556401458 0,0010000815386406066
ставить 2,407945608651872 0,001687418085950856
становиться 2,5257286443082556 0,0017699570037198707
статистик 0 0
стать 0,4620354595965586 0,0003237809807964671
статья 0 0
стен 2,207274913189721 0,001546793912536595
стиль 2,0402208285265546 0,0014297272799765623
стовалла 4,605170185988092 0,0032271690161093844
страна 0,43078291609245434 0,0003018801093850416
страница 0 0
стрельба 3,2188758248682006 0,004511388682366084
студия 3,506557897319982 0,00245729355103012
сувиниитть 4,605170185988092 0,006454338032218769
сумо 4,605170185988092 0,006454338032218769
сформулировать 3,506557897319982 0,00245729355103012
считаться 1,5141277326297755 0,0010610565750734237
сша 0,9675840262617057 0,001356109357059153
сыщик 4,605170185988092 0,0032271690161093844
сюд 0 0
тайский 2,407945608651872 0,003374836171901712
тайцзицюнань 4,605170185988092 0,006454338032218769
таковой 3,2188758248682006 0,002255694341183042
танланцюань 4,605170185988092 0,006454338032218769
тансудо 4,605170185988092 0,006454338032218769
танчароен 4,605170185988092 0,0032271690161093844
тезаурус 2,995732273553991 0,002099321845517863
текст 0 0
техника 0,06187540371808745 8,672095825940777E-05
течь 0 0
тип 2,5257286443082556 0,0035399140074397414
типа 2,5257286443082556 0,0017699570037198707
традиционный 1,8971199848858813 0,0013294463804385992
транспортный 2,207274913189721 0,001546793912536595
требовать 1,4696759700589417 0,001029906075724556
тренировка 4,605170185988092 0,0032271690161093844
тхэквондо 3,912023005428146 0,01644859007187728
указатель 0 0
украина 1,9661128563728327 0,0027555891469836476
умение 3,912023005428146 0,002741431678646213
управление 2,302585092994046 0,0016135845080546922
упражнение 4,605170185988092 0,0032271690161093844
урон 4,605170185988092 0,0032271690161093844
условие 0 0
участвовать 1,8971199848858813 0,0013294463804385992
участие 0 0
участник 0 0
учитель 2,995732273553991 0,002099321845517863
ушу 4,605170185988092 0,006454338032218769
уэть 4,605170185988092 0,006454338032218769
файтинг 4,605170185988092 0,01936301409665631
февраль 0 0
фехтование 4,605170185988092 0,01936301409665631
физический 2,120263536200091 0,0014858188761037777
философия 0,09431067947124142 6,609017482217338E-05
фильм 1,6094379124341003 0,005639235852957604
форум 0 0
франгулян 3,912023005428146 0,005482863357292426
франклин 3,2188758248682006 0,002255694341183042
французский 0,23572233352106994 0,00016518733953824102
хапкидо 4,605170185988092 0,012908676064437538
хореография 4,605170185988092 0,0032271690161093844
хороший 0,7985076962177716 0,0011191418307186706
хранилище 2,302585092994046 0,0016135845080546922
хунгар 4,605170185988092 0,006454338032218769
хусрав 4,605170185988092 0,006454338032218769
хушкад 4,605170185988092 0,006454338032218769
цель 1,7719568419318754 0,0012417356986207956
цитата 1,4271163556401458 0,0010000815386406066
цюань 4,605170185988092 0,006454338032218769
чарли 4,605170185988092 0,006454338032218769
человек 1,1394342831883648 0,0007984823287935282
чемпион 2,5257286443082556 0,03185922606695767
чемпионат 1,4696759700589417 0,007209342530071893
чемпионка 3,506557897319982 0,00245729355103012
чемпионство 4,605170185988092 0,006454338032218769
число 1,3470736479666094 0,0037759597700535654
читать 0 0
чуня 4,605170185988092 0,006454338032218769
шаблон 0 0
шаолиня 4,605170185988092 0,006454338032218769
школа 1,8325814637483102 0,002568439332513399
эгида 2,995732273553991 0,002099321845517863
элемент 0,19845093872383823 0,0002781372652050991
энциклопедия 0 0
язык 0 0
яп 3,2188758248682006 0,006767083023549126
япония 1,8971199848858813 0,0026588927608771984
японский 1,4696759700589417 0,0061794364543473375
