аббревиатура 4,605170185988092 0,0059498322816383615
август 0 0
августа 0,843970070294529 0,0005452003038078353
агил 4,605170185988092 0,0059498322816383615
адриан 3,912023005428146 0,005054293288666856
азербайджанский 1,6607312068216509 0,0010728237770165703
академик 3,506557897319982 0,004530436559844938
александр 1,3470736479666094 0,00087020261496551
александра 2,407945608651872 0,0015555204190257571
алфавит 0 0
америка 1,4271163556401458 0,0027657293713956315
амстердам 4,605170185988092 0,0029749161408191807
амундсен 4,605170185988092 0,011899664563276723
амундсный 4,605170185988092 0,014874580704095903
англ 1,0498221244986776 0,0013563593339776198
английский 0,37106368139083196 0,0004794104410734263
андрей 1,2039728043259361 0,0031110408380515147
антарктида 3,912023005428146 0,1187758922836711
антарктика 2,659260036932778 0,1305579863093612
антарктический 4,605170185988092 0,14279597475932068
антон 2,8134107167600364 0,003634897566873432
апрель 0 0
арабский 0,38566248081198473 0,000249135969516786
арсенич 1,5606477482646683 0,0020163407600318714
архетипический 4,605170185988092 0,0029749161408191807
архив 0,3011050927839216 0,0015560986707179412
асук 4,605170185988092 0,0059498322816383615
атлантический 1,9661128563728327 0,0012700987444268946
африка 1,5606477482646683 0,003024511140047807
барк 4,605170185988092 0,0029749161408191807
беллинсгаузный 4,605170185988092 0,029749161408191806
берег 1,6094379124341003 0,0010396885739238375
бесплатный 4,605170185988092 0,0029749161408191807
благодаря 1,8325814637483102 0,0011838381548761694
большинство 1,7147984280919266 0,0011077509225400043
бондарь 2,207274913189721 0,005703552747260261
бонни 4,605170185988092 0,0059498322816383615
боррадейл 4,605170185988092 0,0059498322816383615
борхгревинк 4,605170185988092 0,008924748422457543
британский 1,5141277326297755 0,010759305593622436
бсуждение 3,912023005428146 0,002527146644333428
бьолан 4,605170185988092 0,008924748422457543
бэрд 4,605170185988092 0,014874580704095903
варианта 2,407945608651872 0,0015555204190257571
вездеход 3,912023005428146 0,002527146644333428
век 0,5108256237659907 0,0006599814260542516
великий 1,0216512475319812 0,0006599814260542515
версия 0 0
ветер 3,2188758248682006 0,00415875429569535
вивиан 4,605170185988092 0,0029749161408191807
вики 1,6094379124341003 0,0010396885739238375
викиновость 1,0216512475319812 0,0006599814260542515
википедия 0 0
викисклад 0,5798184952529422 0,000749119502910778
викисловарь 1,4271163556401458 0,0009219097904652105
викицитатник 0,9675840262617057 0,0006250542805308176
викторий 2,659260036932778 0,0034357364818252945
вильгельм 3,2188758248682006 0,00415875429569535
вистинг 4,605170185988092 0,008924748422457543
вклад 0 0
включать 1,9661128563728327 0,0012700987444268946
вмест 1,8971199848858813 0,0012255297059986315
внимание 2,5257286443082556 0,0016316076513619223
вовлечь 4,605170185988092 0,0029749161408191807
возглавлять 3,506557897319982 0,002265218279922469
возможный 3,506557897319982 0,002265218279922469
возникнуть 2,5257286443082556 0,0016316076513619223
восток 0,7985076962177716 0,003094991070611518
впервый 1,5606477482646683 0,0010081703800159357
вплоть 2,659260036932778 0,0017178682409126473
вспомогательный 4,605170185988092 0,0029749161408191807
встретить 2,995732273553991 0,001935227566895343
выделять 3,912023005428146 0,002527146644333428
выражение 3,2188758248682006 0,002079377147847675
высказать 3,912023005428146 0,002527146644333428
генри 2,995732273553991 0,003870455133790686
география 0,083381608939051 0,00016159226538575776
геофизический 4,605170185988092 0,0029749161408191807
германий 2,207274913189721 0,0014258881868150653
германия 1,9661128563728327 0,0012700987444268946
герой 2,120263536200091 0,0013696792869509632
гибель 3,2188758248682006 0,002079377147847675
год 0,6348782724359695 0,0012303842489069176
голова 2,659260036932778 0,0034357364818252945
гонка 2,995732273553991 0,001935227566895343
гофа 4,605170185988092 0,0029749161408191807
граница 1,4271163556401458 0,0009219097904652105
гринстрит 4,605170185988092 0,0059498322816383615
гусеничный 3,912023005428146 0,002527146644333428
густав 3,2188758248682006 0,00415875429569535
д 1,5141277326297755 0,0009781186903293124
далья 0,3566749439387324 0,0006912305115091713
данный 0,1508228897345837 9,743080732208248E-05
два 0 0
де 1,1394342831883648 0,0022082059751712497
действовать 2,120263536200091 0,0013696792869509632
декабрь 0 0
день 1,3862943611198906 0,0026866169789145165
джеймс 2,5257286443082556 0,0032632153027238446
джейсон 3,912023005428146 0,005054293288666856
джордж 2,407945608651872 0,0031110408380515143
дзиро 4,605170185988092 0,0059498322816383615
дискуссия 4,605170185988092 0,0029749161408191807
дистанция 3,912023005428146 0,002527146644333428
дневник 3,912023005428146 0,002527146644333428
добавлять 1,7719568419318754 0,0011446749624882916
добраться 4,605170185988092 0,0029749161408191807
договор 2,407945608651872 0,0031110408380515143
должить 3,2188758248682006 0,002079377147847675
долина 2,120263536200091 0,0027393585739019263
домна 3,912023005428146 0,007581439933000283
дополнять 2,207274913189721 0,0014258881868150653
доработка 2,5257286443082556 0,0016316076513619223
дорога 1,5606477482646683 0,0010081703800159357
доставить 3,506557897319982 0,002265218279922469
достижение 2,207274913189721 0,0014258881868150653
достичь 2,659260036932778 0,0034357364818252945
дрейфовать 3,912023005428146 0,002527146644333428
дружба 2,995732273553991 0,003870455133790686
дружный 4,605170185988092 0,023799329126553446
единственный 1,3470736479666094 0,00087020261496551
жан 2,659260036932778 0,0034357364818252945
жерлаш 4,605170185988092 0,008924748422457543
живность 4,605170185988092 0,0029749161408191807
журнал 0 0
законсервировать 4,605170185988092 0,0059498322816383615
закрыть 3,2188758248682006 0,002079377147847675
залив 2,207274913189721 0,0028517763736301306
замечание 3,912023005428146 0,002527146644333428
занести 2,5257286443082556 0,0016316076513619223
заниматься 0 0
запрос 0,1165338162559516 0,00015056048611880054
затмить 4,605170185988092 0,0029749161408191807
земля 1,2378743560016172 0,0015993208733871024
земной 2,8134107167600364 0,001817448783436716
зз 4,605170185988092 0,0029749161408191807
знаете 0,06187540371808745 7,994238206471247E-05
знак 0 0
знаменитый 2,120263536200091 0,0013696792869509632
зона 2,659260036932778 0,0034357364818252945
избранный 0,083381608939051 0,00016159226538575776
избрать 0 0
изменение 0 0
изображение 0,06187540371808745 0,0001199135730970687
ил 2,995732273553991 0,003870455133790686
иметь 0,616186139423817 0,0007961061232865852
император 2,207274913189721 0,0014258881868150653
империя 1,2039728043259361 0,0015555204190257574
имперский 4,605170185988092 0,0059498322816383615
инверсионный 4,605170185988092 0,0059498322816383615
индийский 2,407945608651872 0,0015555204190257571
иной 3,2188758248682006 0,002079377147847675
информация 1,5606477482646683 0,0010081703800159357
искать 0 0
искусство 0,083381608939051 0,0001077281769238385
испанский 0,49429632181478017 0,00031931286938939287
использование 0 0
исправлять 2,207274913189721 0,0014258881868150653
исследование 2,120263536200091 0,0013696792869509632
исследователь 2,659260036932778 0,006871472963650589
исследовательский 3,912023005428146 0,002527146644333428
история 0 0
источник 0 0
итальянский 0,7339691750802005 0,00047414029397945776
июль 0,9162907318741551 0,001775757232314254
июнь 0 0
йохансен 4,605170185988092 0,008924748422457543
кальмар 4,605170185988092 0,0059498322816383615
карл 1,9661128563728327 0,002540197488853789
карлинь 4,605170185988092 0,0059498322816383615
картинка 3,506557897319982 0,002265218279922469
касаться 2,995732273553991 0,001935227566895343
катабатический 4,605170185988092 0,0029749161408191807
категория 0 0
качество 1,5606477482646683 0,0010081703800159357
китай 1,8971199848858813 0,0012255297059986315
климат 2,302585092994046 0,0014874580704095904
климатический 3,2188758248682006 0,002079377147847675
км 0,8209805520698303 0,001591047581530679
книга 0 0
код 0 0
колония 1,8325814637483102 0,0011838381548761694
команда 2,207274913189721 0,0028517763736301306
комсомольский 3,506557897319982 0,004530436559844938
конвенция 2,120263536200091 0,0013696792869509632
конвергенция 4,605170185988092 0,0029749161408191807
конкурировать 4,605170185988092 0,0029749161408191807
континент 2,5257286443082556 0,0032632153027238446
корабль 2,407945608651872 0,0015555204190257571
крейсер 3,506557897319982 0,002265218279922469
критический 4,605170185988092 0,0029749161408191807
кронштадт 4,605170185988092 0,0059498322816383615
л 2,8134107167600364 0,001817448783436716
лазарев 3,912023005428146 0,01769002651033399
лайонел 3,912023005428146 0,005054293288666856
ларсен 4,605170185988092 0,0059498322816383615
ларсный 4,605170185988092 0,008924748422457543
левик 4,605170185988092 0,0059498322816383615
лёд 3,912023005428146 0,007581439933000283
ледник 3,506557897319982 0,006795654839767407
ледниковый 3,2188758248682006 0,002079377147847675
ледяной 3,912023005428146 0,005054293288666856
ленинградский 3,506557897319982 0,004530436559844938
лидер 2,407945608651872 0,0015555204190257571
линия 1,8971199848858813 0,0012255297059986315
лицо 2,8134107167600364 0,001817448783436716
личность 0,127833371509885 0,0001651593947156137
личный 2,5257286443082556 0,0016316076513619223
лучший 0 0
лэшль 4,605170185988092 0,0029749161408191807
май 0 0
мак 3,912023005428146 0,002527146644333428
македонский 1,5606477482646683 0,0010081703800159357
маленькая 2,8134107167600364 0,003634897566873432
марка 1,3470736479666094 0,00174040522993102
март 0 0
мартиалия 4,605170185988092 0,0059498322816383615
материал 0 0
материк 2,8134107167600364 0,001817448783436716
международный 0,9942522733438669 0,0012845636606509908
место 0 0
месяц 1,7147984280919266 0,0011077509225400043
микрогосударство 4,605170185988092 0,0059498322816383615
мирный 2,8134107167600364 0,003634897566873432
миро 0 0
мировой 1,2039728043259361 0,0007777602095128787
митчелла 3,506557897319982 0,004530436559844938
михаил 1,5606477482646683 0,004032681520063743
млн 1,8325814637483102 0,0011838381548761694
мобильный 0 0
модель 2,8134107167600364 0,001817448783436716
мой 0 0
море 1,1394342831883648 0,0029442746335616664
мореплаватель 3,912023005428146 0,002527146644333428
моторный 3,2188758248682006 0,002079377147847675
моча 0,16251892949777494 0,0001049863885644541
мощность 3,912023005428146 0,002527146644333428
мурзин 4,605170185988092 0,0059498322816383615
навигация 0 0
нажать 0 0
название 0 0
назвать 1,9661128563728327 0,0012700987444268946
найти 0 0
население 0,5108256237659907 0,0006599814260542516
наука 0,05129329438755048 6,627040618546574E-05
научный 1,6094379124341003 0,00415875429569535
находиться 0 0
начать 0,38566248081198473 0,0049827193903357195
начинать 0,1508228897345837 0,00019486161464416497
недоступность 4,605170185988092 0,0059498322816383615
некоммерческий 0 0
немалый 3,912023005428146 0,002527146644333428
немецкий 0,5108256237659907 0,0006599814260542516
непригодный 4,605170185988092 0,0029749161408191807
новолазаревский 4,605170185988092 0,0059498322816383615
новый 0 0
норвежский 1,7147984280919266 0,004431003690160017
норденшельд 3,912023005428146 0,007581439933000283
ноябрь 0 0
нын 1,8971199848858813 0,002451059411997263
оазис 3,912023005428146 0,005054293288666856
область 0,7765287894989963 0,000501633584947672
обнаружить 2,407945608651872 0,0015555204190257571
обратный 3,506557897319982 0,002265218279922469
обсуждение 0 0
общество 0,07257069283483537 9,376058505792684E-05
общий 1,3470736479666094 0,00087020261496551
обязательный 0 0
ограничение 4,605170185988092 0,0029749161408191807
огромный 2,8134107167600364 0,001817448783436716
один 0,843970070294529 0,0005452003038078353
озеро 1,8325814637483102 0,009470705239009355
оказаться 2,407945608651872 0,0031110408380515143
океан 1,6607312068216509 0,0064369426620994215
океания 2,659260036932778 0,0051536047227379415
октябрь 0 0
описание 0 0
опыт 3,506557897319982 0,002265218279922469
организация 0 0
ортать 3,912023005428146 0,002527146644333428
оскар 2,5257286443082556 0,0032632153027238446
основной 0 0
остров 1,2039728043259361 0,008555362304641665
ответственность 0 0
отдельный 0 0
отказ 0 0
открыть 2,0402208285265546 0,0026359442229025253
относить 2,995732273553991 0,001935227566895343
отсутствовать 0,05129329438755048 0,00023194642164913007
отто 3,506557897319982 0,004530436559844938
оценивание 0,1508228897345837 0,00019486161464416497
ошибка 1,7147984280919266 0,0011077509225400043
панорама 3,506557897319982 0,004530436559844938
первооткрыватель 4,605170185988092 0,0059498322816383615
первый 0 0
передача 3,2188758248682006 0,002079377147847675
перейти 0 0
пересечение 4,605170185988092 0,0029749161408191807
пересечь 3,506557897319982 0,002265218279922469
персоналия 0,07257069283483537 9,376058505792684E-05
петра 2,8134107167600364 0,001817448783436716
петрович 2,407945608651872 0,0062220816761030286
печать 0 0
пионерский 4,605170185988092 0,0059498322816383615
писать 2,0402208285265546 0,0013179721114512627
площадь 1,07880966137193 0,0006969054660025388
пн 0,127833371509885 0,0004128984867890342
победа 1,8971199848858813 0,002451059411997263
побережье 1,8971199848858813 0,002451059411997263
побывать 2,8134107167600364 0,001817448783436716
повод 4,605170185988092 0,0029749161408191807
погибнуть 1,9661128563728327 0,0012700987444268946
под 4,605170185988092 0,0029749161408191807
подборка 1,6094379124341003 0,002079377147847675
подробный 0 0
поиск 0 0
пойнт 3,912023005428146 0,005054293288666856
пойти 3,912023005428146 0,002527146644333428
покров 2,995732273553991 0,001935227566895343
политик 0 0
политический 1,2039728043259361 0,0015555204190257574
получить 0 0
полюс 3,506557897319982 0,022652182799224686
полярник 3,506557897319982 0,004530436559844938
полярный 3,2188758248682006 0,0083175085913907
помочь 0,127833371509885 8,257969735780685E-05
помощь 0,127833371509885 8,257969735780685E-05
портал 0 0
португальский 0,49429632181478017 0,00031931286938939287
посещаться 4,605170185988092 0,0029749161408191807
последний 0 0
посмотреть 0 0
постоянный 3,506557897319982 0,002265218279922469
построить 1,4696759700589417 0,0009494030814334249
потепление 4,605170185988092 0,0029749161408191807
править 0 0
правка 0 0
право 0,843970070294529 0,0005452003038078353
практик 2,995732273553991 0,001935227566895343
предел 3,2188758248682006 0,002079377147847675
предлагать 0 0
прилегать 3,506557897319982 0,002265218279922469
принадлежать 2,407945608651872 0,0015555204190257571
природа 1,07880966137193 0,0013938109320050776
присутствие 3,2188758248682006 0,00415875429569535
провести 2,8134107167600364 0,003634897566873432
программа 2,207274913189721 0,0014258881868150653
прогресс 3,912023005428146 0,005054293288666856
продажа 2,659260036932778 0,0017178682409126473
продление 3,912023005428146 0,002527146644333428
продолжаться 2,995732273553991 0,001935227566895343
проект 0 0
просмотр 1,2729656758128876 0,0008223292479411419
просьба 2,207274913189721 0,0014258881868150653
протяжение 2,302585092994046 0,0014874580704095904
проходить 1,5141277326297755 0,0009781186903293124
пункт 1,5606477482646683 0,0020163407600318714
путь 2,120263536200091 0,0027393585739019263
р 3,2188758248682006 0,002079377147847675
работник 2,995732273553991 0,001935227566895343
разработчик 0 0
рамка 1,8971199848858813 0,0012255297059986315
ранний 1,8971199848858813 0,0012255297059986315
ранульф 4,605170185988092 0,0029749161408191807
расколоться 4,605170185988092 0,0029749161408191807
расположить 0,9162907318741551 0,0005919190774380847
раупович 4,605170185988092 0,0059498322816383615
религия 0,083381608939051 0,0001077281769238385
решение 2,407945608651872 0,0015555204190257571
рината 3,912023005428146 0,005054293288666856
ричард 2,659260036932778 0,006871472963650589
роберт 3,912023005428146 0,002527146644333428
роберта 2,207274913189721 0,004277664560445196
родственный 0,21072103131565253 0,0001361246972323337
роект 3,912023005428146 0,002527146644333428
росс 4,605170185988092 0,014874580704095903
российский 1,0498221244986776 0,0027127186679552395
россия 0,7765287894989963 0,001003267169895344
руаль 4,605170185988092 0,0029749161408191807
руаля 4,605170185988092 0,011899664563276723
рука 2,407945608651872 0,0015555204190257571
руководство 2,0402208285265546 0,0013179721114512627
русский 0 0
сааремаа 4,605170185988092 0,0059498322816383615
салют 4,605170185988092 0,0059498322816383615
саня 4,605170185988092 0,0029749161408191807
сведение 0 0
свежий 0 0
свершение 4,605170185988092 0,0029749161408191807
свободный 0 0
связать 0 0
сделать 2,120263536200091 0,0013696792869509632
север 1,0216512475319812 0,0006599814260542515
сей 2,995732273553991 0,001935227566895343
сентябрь 0 0
сербский 1,7147984280919266 0,0011077509225400043
система 0 0
скотт 3,2188758248682006 0,01871439433062907
слава 2,302585092994046 0,0029749161408191807
след 2,995732273553991 0,003870455133790686
следовать 1,4271163556401458 0,0009219097904652105
случай 0 0
случайный 0 0
смотреть 0 0
снаряжение 4,605170185988092 0,0029749161408191807
снег 2,995732273553991 0,003870455133790686
событие 0 0
совершить 2,407945608651872 0,0015555204190257571
советский 1,3470736479666094 0,006091418304758569
содержание 0,1392620673335076 8,996257579683953E-05
содружество 2,659260036932778 0,010307209445475883
создать 0 0
сомали 2,995732273553991 0,001935227566895343
сообщество 0 0
соответствие 2,302585092994046 0,0014874580704095904
сотрудник 3,912023005428146 0,002527146644333428
сохранение 0 0
союз 1,4696759700589417 0,0037976123257336997
список 0 0
сплошной 3,2188758248682006 0,002079377147847675
спорт 0,083381608939051 0,0001077281769238385
спустя 2,995732273553991 0,001935227566895343
спутник 2,5257286443082556 0,0016316076513619223
ссылаться 0 0
ссылка 0 0
ставить 2,407945608651872 0,0031110408380515143
станция 2,302585092994046 0,05057357439392607
статистик 0 0
статус 1,4271163556401458 0,0009219097904652105
статья 0 0
стен 2,207274913189721 0,0014258881868150653
стилистика 2,207274913189721 0,0014258881868150653
страна 0,43078291609245434 0,0008348506125822759
страница 0 0
субантарктика 4,605170185988092 0,008924748422457543
судно 2,5257286443082556 0,011421253559533455
сухой 3,506557897319982 0,004530436559844938
суша 3,506557897319982 0,002265218279922469
существовать 1,4271163556401458 0,0009219097904652105
сша 0,9675840262617057 0,0006250542805308176
сэр 3,2188758248682006 0,006238131443543024
сюд 0 0
таро 4,605170185988092 0,0059498322816383615
текст 0 0
телесериал 4,605170185988092 0,0059498322816383615
терра 4,605170185988092 0,014874580704095903
территория 0,8675005677047231 0,0005604008835301829
техника 0,06187540371808745 7,994238206471247E-05
течь 0 0
тихий 3,2188758248682006 0,002079377147847675
толщина 4,605170185988092 0,0029749161408191807
трансантарктический 4,605170185988092 0,017849496844915085
трансглобальный 4,605170185988092 0,0029749161408191807
требовать 1,4696759700589417 0,0009494030814334249
третий 1,7147984280919266 0,0011077509225400043
турист 3,912023005428146 0,002527146644333428
тыс 1,6607312068216509 0,0010728237770165703
уда 3,506557897319982 0,002265218279922469
узнать 2,995732273553991 0,001935227566895343
уилсон 3,506557897319982 0,006795654839767407
уильям 2,302585092994046 0,0014874580704095904
указатель 0 0
украинский 1,07880966137193 0,0006969054660025388
улучшать 2,0402208285265546 0,0013179721114512627
условие 0 0
успешный 2,120263536200091 0,0013696792869509632
утратить 2,8134107167600364 0,001817448783436716
участвовать 1,8971199848858813 0,0012255297059986315
участие 0 0
участник 0 0
участница 1,7147984280919266 0,0022155018450800085
участок 2,5257286443082556 0,0016316076513619223
учший 3,912023005428146 0,002527146644333428
уэдделла 4,605170185988092 0,011899664563276723
фаддеевич 4,605170185988092 0,014874580704095903
фаддей 4,605170185988092 0,020824412985734262
фазель 4,605170185988092 0,0059498322816383615
файл 1,5141277326297755 0,022496729877574183
файнс 4,605170185988092 0,0029749161408191807
фалкон 4,605170185988092 0,0029749161408191807
фашистский 3,506557897319982 0,002265218279922469
февраль 0 0
филателия 3,912023005428146 0,005054293288666856
философия 0,09431067947124142 0,0001218484230894592
фильхнер 4,605170185988092 0,008924748422457543
фолклендский 3,912023005428146 0,005054293288666856
фон 1,9661128563728327 0,0012700987444268946
форум 0 0
фрам 3,912023005428146 0,002527146644333428
французский 0,23572233352106994 0,00015227540925133717
фукс 4,605170185988092 0,0029749161408191807
хантфорд 4,605170185988092 0,0029749161408191807
хиллари 4,605170185988092 0,008924748422457543
хороший 0,7985076962177716 0,0010316636902038393
цель 1,7719568419318754 0,0011446749624882916
частник 3,912023005428146 0,002527146644333428
часть 0,5978370007556204 0,0007723992257824553
честь 1,8325814637483102 0,0023676763097523388
четверть 3,2188758248682006 0,002079377147847675
четыре 3,2188758248682006 0,002079377147847675
число 1,3470736479666094 0,00087020261496551
читать 0 0
шаблон 0 0
шар 3,2188758248682006 0,002079377147847675
шаркий 4,605170185988092 0,008924748422457543
швабия 4,605170185988092 0,0059498322816383615
шеклтон 4,605170185988092 0,014874580704095903
широта 3,2188758248682006 0,010396885739238373
шоссе 3,506557897319982 0,002265218279922469
щит 2,995732273553991 0,001935227566895343
э 2,0402208285265546 0,0013179721114512627
эдварда 2,995732273553991 0,003870455133790686
эдмунд 4,605170185988092 0,0029749161408191807
эзель 4,605170185988092 0,0029749161408191807
экспедиция 2,995732273553991 0,05805682700686029
элемент 0,19845093872383823 0,00025639656165870575
энциклопедия 0 0
эрнест 2,995732273553991 0,003870455133790686
эстония 3,506557897319982 0,004530436559844938
южный 1,171182981502945 0,012861828608236476
юя 3,2188758248682006 0,010396885739238373
являться 0,3424903089467759 0,00022124696960386042
язык 0 0
январь 0,6733445532637655 0,0052197252190989574
