абомей 4,605170185988092 0,018361922591659058
август 0 0
агаджа 4,605170185988092 0,003672384518331812
агентство 2,8134107167600364 0,0022435492159170946
аджа 4,605170185988092 0,007344769036663624
административный 0,7133498878774648 0,002275438238843588
адъяс 4,605170185988092 0,003672384518331812
азия 1,5141277326297755 0,001207438383277333
активный 2,302585092994046 0,001836192259165906
алфавит 0 0
амазонка 3,506557897319982 0,013981490818660213
аналогичный 2,995732273553991 0,004777882413961708
английский 0,37106368139083196 0,000295904052145799
англоязычный 2,995732273553991 0,002388941206980854
анимистский 4,605170185988092 0,003672384518331812
апрель 0 0
арест 3,2188758248682006 0,0025668866227019143
армия 1,7719568419318754 0,0014130437335979867
архив 0,3011050927839216 0,001680809927820934
африка 1,5606477482646683 0,01991257095074537
африканский 2,120263536200091 0,005072400804306438
ахомадегба 4,605170185988092 0,007344769036663624
ашанти 3,506557897319982 0,005592596327464086
барба 4,605170185988092 0,003672384518331812
бенин 3,2188758248682006 0,27979064187450864
бенинский 4,605170185988092 0,014689538073327247
берег 1,6094379124341003 0,0038503299340528715
бесстрашный 3,912023005428146 0,003119635570516863
боец 2,995732273553991 0,002388941206980854
большинство 1,7147984280919266 0,001367462861317326
буркина 3,2188758248682006 0,01283443311350957
важнейший 2,5257286443082556 0,0020141376748869662
важный 2,659260036932778 0,004241244078042708
валюта 1,5141277326297755 0,002414876766554666
век 0,5108256237659907 0,0036662126107606993
величина 2,659260036932778 0,002120622039021354
версия 0 0
верхний 2,407945608651872 0,0019202118091322742
вид 1,0498221244986776 0,0016743574553407937
википедия 0 0
викисклад 0,5798184952529422 0,0009247503911530178
викисловарь 1,4271163556401458 0,0011380513202871975
викицитатник 0,9675840262617057 0,0007715981070667509
вклад 0 0
включать 1,9661128563728327 0,0015678730912064057
власть 1,4696759700589417 0,002343980813491135
внешний 1,3862943611198906 0,0022109957912597937
внимание 2,5257286443082556 0,0020141376748869662
воевать 2,995732273553991 0,002388941206980854
военный 1,0498221244986776 0,0008371787276703969
воин 2,659260036932778 0,002120622039021354
воительница 3,912023005428146 0,003119635570516863
война 0,7133498878774648 0,002275438238843588
восток 0,7985076962177716 0,000636768497781317
восточный 0,9162907318741551 0,0007306943635360089
вплоть 2,659260036932778 0,002120622039021354
врач 2,995732273553991 0,002388941206980854
всемирный 1,6607312068216509 0,006621735274408496
вскор 2,995732273553991 0,002388941206980854
встречаться 2,659260036932778 0,002120622039021354
второй 1,2378743560016172 0,0019742812695400596
вудить 4,605170185988092 0,007344769036663624
вуз 2,995732273553991 0,002388941206980854
вырос 3,506557897319982 0,002796298163732043
выход 1,8325814637483102 0,0014613887270720177
га 3,2188758248682006 0,0025668866227019143
галерея 3,2188758248682006 0,0025668866227019143
гбето 4,605170185988092 0,003672384518331812
гвинейский 3,506557897319982 0,005592596327464086
генри 2,995732273553991 0,002388941206980854
география 0,083381608939051 0,00019947753334701194
герб 0,7133498878774648 0,002275438238843588
гимн 1,2378743560016172 0,0019742812695400596
глава 2,120263536200091 0,0016908002681021459
год 0,6348782724359695 0,0015188475417128456
голландский 2,995732273553991 0,002388941206980854
город 0,3424903089467759 0,0021849461495807073
городок 3,912023005428146 0,003119635570516863
государственный 0,7765287894989963 0,001857724376791857
государство 0,6733445532637655 0,0026847868949910906
граничить 1,1394342831883648 0,0009086397792570693
гурма 4,605170185988092 0,007344769036663624
дагомей 4,605170185988092 0,06977530584830442
дагомейский 4,605170185988092 0,025706691628322682
дагомея 4,605170185988092 0,007344769036663624
далья 0,3566749439387324 0,0014221488992772423
данный 0,1508228897345837 0,00012027343678993914
два 0 0
дворец 1,9661128563728327 0,006271492364825623
двухпалатный 3,912023005428146 0,003119635570516863
девять 3,912023005428146 0,003119635570516863
декабрь 0 0
деление 0,9675840262617057 0,002314794321200253
делиться 2,995732273553991 0,002388941206980854
дело 2,120263536200091 0,0016908002681021459
департамент 2,659260036932778 0,002120622039021354
депутат 2,995732273553991 0,004777882413961708
дерлина 4,605170185988092 0,003672384518331812
детский 2,659260036932778 0,002120622039021354
диплом 4,605170185988092 0,003672384518331812
дипломатический 2,659260036932778 0,002120622039021354
добавить 1,0498221244986776 0,0016743574553407937
добавление 3,2188758248682006 0,0025668866227019143
домашний 2,302585092994046 0,001836192259165906
древний 1,4696759700589417 0,0011719904067455675
древность 3,506557897319982 0,005592596327464086
европеец 3,912023005428146 0,003119635570516863
европейский 1,1086626245216111 0,0026523029294775384
ежегодный 2,8134107167600364 0,0022435492159170946
женский 2,302585092994046 0,001836192259165906
женщина 1,6607312068216509 0,003973041164645098
жить 1,7719568419318754 0,0028260874671959734
журнал 0 0
жюстный 4,605170185988092 0,007344769036663624
законодательный 2,407945608651872 0,0019202118091322742
закончить 3,506557897319982 0,002796298163732043
залив 2,207274913189721 0,01056112398655369
занимать 1,4696759700589417 0,0011719904067455675
заниматься 0 0
запад 0,9162907318741551 0,0007306943635360089
западный 0,9942522733438669 0,0023785939553681024
запись 3,506557897319982 0,002796298163732043
запретить 2,8134107167600364 0,0022435492159170946
зарекомендовать 4,605170185988092 0,003672384518331812
здравоохранение 2,207274913189721 0,0017601873310922817
земледелие 3,912023005428146 0,003119635570516863
зинс 4,605170185988092 0,014689538073327247
знаете 0,06187540371808745 9,868485441481252E-05
знак 0 0
избрать 0 0
известный 0,7765287894989963 0,0006192414589306191
изменение 0 0
изображение 0,06187540371808745 0,00019736970882962504
иллюстрация 1,8325814637483102 0,0014613887270720177
иметь 0,616186139423817 0,0004913765067175574
иностранный 2,995732273553991 0,002388941206980854
интервик 0,9675840262617057 0,002314794321200253
интерес 2,659260036932778 0,002120622039021354
интересный 2,120263536200091 0,013526402144817167
интернет 1,6607312068216509 0,0026486941097633985
искать 0 0
исключить 4,605170185988092 0,003672384518331812
исполнительный 3,506557897319982 0,002796298163732043
исполнять 2,995732273553991 0,002388941206980854
использование 0 0
исправление 3,2188758248682006 0,0025668866227019143
историк 2,207274913189721 0,0017601873310922817
история 0 0
источник 0 0
исчезнуть 3,912023005428146 0,003119635570516863
июль 0,9162907318741551 0,0021920830906080263
июнь 0 0
капитализм 3,506557897319982 0,002796298163732043
капок 4,605170185988092 0,007344769036663624
карта 1,7147984280919266 0,002734925722634652
категория 0 0
качество 1,5606477482646683 0,0012445356844215856
кинематограф 1,5141277326297755 0,002414876766554666
книга 0 0
код 0 0
колониальный 2,659260036932778 0,002120622039021354
колония 1,8325814637483102 0,0014613887270720177
комплекс 1,8971199848858813 0,004538564557143256
конец 1,4271163556401458 0,0011380513202871975
конституция 1,2729656758128876 0,002030248286782915
королевский 2,5257286443082556 0,0040282753497739325
королевство 1,6094379124341003 0,005133773245403829
король 1,7147984280919266 0,004102388583951977
котону 4,605170185988092 0,02203430710999087
который 0,9162907318741551 0,0007306943635360089
крупнейший 1,2039728043259361 0,0019202118091322744
крупный 1,4271163556401458 0,0011380513202871975
культ 2,5257286443082556 0,0040282753497739325
культура 0,3566749439387324 0,0008532893395663454
культурный 1,5141277326297755 0,001207438383277333
купец 2,995732273553991 0,004777882413961708
литература 1,1086626245216111 0,0017682019529850258
личность 0,127833371509885 0,0001019404876474362
лучший 0 0
май 0 0
малый 1,9661128563728327 0,0015678730912064057
марк 1,3862943611198906 0,0011054978956298968
марка 1,3470736479666094 0,00107422140986173
март 0 0
марта 0,3566749439387324 0,0008532893395663454
масло 2,995732273553991 0,004777882413961708
материал 0 0
международный 0,9942522733438669 0,0007928646517893676
место 0 0
месторождение 3,506557897319982 0,002796298163732043
министр 2,120263536200091 0,0016908002681021459
миро 0 0
мобильный 0 0
мой 0 0
море 1,1394342831883648 0,0009086397792570693
мотыжный 4,605170185988092 0,003672384518331812
моча 0,16251892949777494 0,00012960042224702945
мочь 0,8209805520698303 0,0013093788709247693
музыка 1,2729656758128876 0,002030248286782915
набрать 4,605170185988092 0,003672384518331812
навигация 0 0
нажать 0 0
название 0 0
называться 1,9661128563728327 0,0015678730912064057
найти 0 0
написание 1,9661128563728327 0,0015678730912064057
например 1,9661128563728327 0,0015678730912064057
народ 1,4271163556401458 0,005690256601435988
народный 1,8325814637483102 0,0029227774541440354
население 0,5108256237659907 0,0012220708702535663
наследие 1,5606477482646683 0,006222678422107927
натитинг 4,605170185988092 0,007344769036663624
наука 0,05129329438755048 8,180748706148402E-05
находиться 0 0
невольничий 4,605170185988092 0,007344769036663624
недоставать 1,07880966137193 0,0017205895715660766
независимость 1,5141277326297755 0,001207438383277333
независимый 2,207274913189721 0,0017601873310922817
некоммерческий 0 0
некоторые 1,8325814637483102 0,004384166181216053
неформальный 4,605170185988092 0,003672384518331812
нефтяной 3,2188758248682006 0,0025668866227019143
нигер 2,8134107167600364 0,01121774607958547
нигерия 2,8134107167600364 0,013461295295502567
новый 0 0
носить 1,6094379124341003 0,0012834433113509572
ноябрь 0 0
нын 1,8971199848858813 0,0015128548523810855
область 0,7765287894989963 0,0012384829178612381
образ 1,7147984280919266 0,001367462861317326
образование 0,7339691750802005 0,0011706047449444985
обсуждение 0 0
общественный 2,302585092994046 0,001836192259165906
общество 0,07257069283483537 5,7871365896997903E-05
объект 1,6607312068216509 0,006621735274408496
обязанность 2,995732273553991 0,002388941206980854
обязательный 0 0
огбон 4,605170185988092 0,003672384518331812
один 0,843970070294529 0,0006730223846048876
октябрь 0 0
описание 0 0
организация 0 0
основной 0 0
ответственность 0 0
отдельный 0 0
отказ 0 0
открыть 2,0402208285265546 0,0016269703576766784
отношение 1,4696759700589417 0,0011719904067455675
отряд 2,5257286443082556 0,0040282753497739325
отсутствовать 0,05129329438755048 0,0009816898447378081
оттеснить 4,605170185988092 0,003672384518331812
официальный 1,07880966137193 0,0017205895715660766
охотник 3,912023005428146 0,003119635570516863
оценка 2,302585092994046 0,001836192259165906
ошибка 1,7147984280919266 0,001367462861317326
палата 2,8134107167600364 0,0022435492159170946
пальмовый 3,912023005428146 0,006239271141033726
памятник 1,2039728043259361 0,0009601059045661372
парламент 1,4271163556401458 0,006828307921723185
первобытнообщинный 4,605170185988092 0,003672384518331812
первый 0 0
перебраться 3,912023005428146 0,003119635570516863
перевод 1,7147984280919266 0,001367462861317326
переворот 2,5257286443082556 0,0020141376748869662
перейти 0 0
переходный 4,605170185988092 0,003672384518331812
периодически 3,506557897319982 0,002796298163732043
печать 0 0
план 2,5257286443082556 0,0020141376748869662
племя 2,5257286443082556 0,006042413024660898
площадь 1,07880966137193 0,0008602947857830383
пн 0,127833371509885 0,0006116429258846172
побережье 1,8971199848858813 0,007564274261905427
повредить 3,912023005428146 0,003119635570516863
подвергнуться 3,912023005428146 0,003119635570516863
подробный 0 0
поздний 2,120263536200091 0,0016908002681021459
поиск 0 0
политик 0 0
политический 1,2039728043259361 0,002880317713698412
полный 1,6094379124341003 0,0012834433113509572
полок 2,995732273553991 0,002388941206980854
полумифический 4,605170185988092 0,003672384518331812
получение 2,5257286443082556 0,0020141376748869662
получить 0 0
помочь 0,127833371509885 0,0002038809752948724
попасть 2,5257286443082556 0,0020141376748869662
поприще 4,605170185988092 0,003672384518331812
порт 1,8325814637483102 0,0014613887270720177
портал 0 0
порто 4,605170185988092 0,014689538073327247
португалец 4,605170185988092 0,003672384518331812
португальский 0,49429632181478017 0,00039417569522709744
последний 0 0
посмотреть 0 0
постоянный 3,506557897319982 0,002796298163732043
построить 1,4696759700589417 0,0011719904067455675
потешный 4,605170185988092 0,003672384518331812
почта 1,6094379124341003 0,0038503299340528715
почтовый 1,5606477482646683 0,0012445356844215856
появиться 1,6607312068216509 0,0013243470548816993
правитель 2,659260036932778 0,0063618661170640614
правительство 1,5606477482646683 0,006222678422107927
править 0 0
правка 0 0
правление 2,659260036932778 0,002120622039021354
праздник 1,4271163556401458 0,002276102640574395
пребывание 3,506557897319982 0,002796298163732043
превратить 3,506557897319982 0,002796298163732043
превратиться 2,8134107167600364 0,0022435492159170946
предлагать 0 0
представлять 1,6607312068216509 0,0013243470548816993
прежний 3,506557897319982 0,002796298163732043
президент 1,3093333199837622 0,003132376363597517
президентский 2,659260036932778 0,004241244078042708
приблизительно 2,995732273553991 0,002388941206980854
придти 3,2188758248682006 0,0025668866227019143
принадлежать 2,407945608651872 0,0019202118091322742
принимать 2,302585092994046 0,001836192259165906
принудительный 3,506557897319982 0,002796298163732043
природа 1,07880966137193 0,0008602947857830383
присоединяться 3,2188758248682006 0,0025668866227019143
провести 2,8134107167600364 0,0022435492159170946
продаваться 4,605170185988092 0,003672384518331812
продолжаться 2,995732273553991 0,002388941206980854
проект 0 0
проживать 2,302585092994046 0,001836192259165906
производиться 3,506557897319982 0,002796298163732043
просмотр 1,2729656758128876 0,0010151241433914574
проставление 3,2188758248682006 0,0025668866227019143
профсоюз 4,605170185988092 0,003672384518331812
путешественник 2,8134107167600364 0,0022435492159170946
раб 3,506557897319982 0,002796298163732043
рабовладельческий 4,605170185988092 0,003672384518331812
работа 0,9942522733438669 0,0007928646517893676
работать 1,7147984280919266 0,001367462861317326
работорговец 4,605170185988092 0,003672384518331812
работорговля 3,912023005428146 0,015598177852584313
рабочий 2,8134107167600364 0,0022435492159170946
различный 1,8971199848858813 0,0015128548523810855
размещаться 3,912023005428146 0,003119635570516863
разный 2,0402208285265546 0,0016269703576766784
разработчик 0 0
район 1,171182981502945 0,0018679154409935329
ранний 1,8971199848858813 0,0015128548523810855
располагаться 2,207274913189721 0,0017601873310922817
расположить 0,9162907318741551 0,0007306943635360089
распространять 4,605170185988092 0,003672384518331812
регион 0,9942522733438669 0,0007928646517893676
редкий 2,207274913189721 0,0017601873310922817
результат 1,4696759700589417 0,0011719904067455675
религия 0,083381608939051 0,0001329850222313413
республика 0,9416085398584451 0,00901060803692292
реставрационный 4,605170185988092 0,003672384518331812
родина 1,6094379124341003 0,0012834433113509572
родиться 0,8915981192837835 0,0007110032849152978
родственный 0,21072103131565253 0,00033607819986547456
русский 0 0
сведение 0 0
свежий 0 0
свергнуть 3,506557897319982 0,002796298163732043
свободный 0 0
сводиться 4,605170185988092 0,003672384518331812
свой 1,4696759700589417 0,0011719904067455675
связать 0 0
север 1,0216512475319812 0,0016294278270047547
сектор 3,912023005428146 0,003119635570516863
сельский 1,6607312068216509 0,0026486941097633985
семья 2,207274913189721 0,0017601873310922817
сентябрь 0 0
середина 2,120263536200091 0,0016908002681021459
сила 0,9416085398584451 0,00225265200923073
система 0 0
скорее 3,2188758248682006 0,0025668866227019143
следовать 1,4271163556401458 0,0011380513202871975
сложиться 3,506557897319982 0,002796298163732043
слон 3,506557897319982 0,002796298163732043
служить 2,0402208285265546 0,0016269703576766784
слух 3,912023005428146 0,003119635570516863
случай 0 0
случайный 0 0
смена 4,605170185988092 0,003672384518331812
смотреть 0 0
событие 0 0
современный 1,0216512475319812 0,002444141740507132
создать 0 0
сообщать 3,506557897319982 0,002796298163732043
сообщаться 4,605170185988092 0,003672384518331812
сообщество 0 0
соседний 3,2188758248682006 0,005133773245403829
сохранение 0 0
социализм 3,506557897319982 0,002796298163732043
социалистический 1,9661128563728327 0,0015678730912064057
список 0 0
спорт 0,083381608939051 0,0001329850222313413
сравнивать 3,506557897319982 0,002796298163732043
среди 1,4696759700589417 0,0011719904067455675
ссылаться 0 0
ссылка 0 0
старый 2,207274913189721 0,0017601873310922817
статистик 0 0
статус 1,4271163556401458 0,002276102640574395
стать 0,4620354595965586 0,0007368986596436341
статья 0 0
стилистика 2,207274913189721 0,0017601873310922817
стиль 2,0402208285265546 0,0016269703576766784
сто 2,5257286443082556 0,0020141376748869662
столица 0,7985076962177716 0,0038206109866879023
страна 0,43078291609245434 0,0034352704632572115
страница 0 0
строение 2,407945608651872 0,0019202118091322742
строиться 3,506557897319982 0,002796298163732043
строй 1,5606477482646683 0,0037336070532647567
существование 2,5257286443082556 0,0020141376748869662
существовать 1,4271163556401458 0,0011380513202871975
сын 1,6607312068216509 0,0013243470548816993
сюд 0 0
такой 1,7147984280919266 0,001367462861317326
текст 0 0
телевидение 1,8325814637483102 0,0029227774541440354
телохранитель 3,506557897319982 0,002796298163732043
тема 0,7550225842780328 0,0012041827500447095
территория 0,8675005677047231 0,002767146946426549
течение 1,9661128563728327 0,0015678730912064057
течь 0 0
тометин 4,605170185988092 0,007344769036663624
торговец 3,912023005428146 0,003119635570516863
транспорт 0,9162907318741551 0,0014613887270720177
труд 2,120263536200091 0,0016908002681021459
туризм 1,4696759700589417 0,002343980813491135
тыс 1,6607312068216509 0,0013243470548816993
угроза 3,912023005428146 0,006239271141033726
удар 2,8134107167600364 0,0022435492159170946
уид 4,605170185988092 0,011017153554995435
указатель 0 0
улучшение 1,4271163556401458 0,002276102640574395
уникальный 2,995732273553991 0,002388941206980854
уничтожение 2,8134107167600364 0,004487098431834189
ураган 4,605170185988092 0,003672384518331812
условие 0 0
устройство 1,3470736479666094 0,00214844281972346
участие 0 0
участник 0 0
фактория 3,912023005428146 0,003119635570516863
фасо 3,2188758248682006 0,01283443311350957
февраль 0 0
феодальный 3,506557897319982 0,002796298163732043
флаг 0,8675005677047231 0,002767146946426549
фон 1,9661128563728327 0,006271492364825623
форма 1,6607312068216509 0,0026486941097633985
формирование 2,995732273553991 0,004777882413961708
форт 2,8134107167600364 0,0022435492159170946
форум 0 0
фр 2,407945608651872 0,011521270854793644
франко 2,995732273553991 0,009555764827923415
франций 1,7147984280919266 0,001367462861317326
французский 0,23572233352106994 0,0024436924527702626
функция 3,2188758248682006 0,0025668866227019143
хлопок 4,605170185988092 0,007344769036663624
хогбон 4,605170185988092 0,003672384518331812
хоегбадж 4,605170185988092 0,003672384518331812
хоегбаджа 4,605170185988092 0,003672384518331812
хозяйство 1,7719568419318754 0,0028260874671959734
царство 2,659260036932778 0,0063618661170640614
центр 0,8915981192837835 0,0014220065698305957
часть 0,5978370007556204 0,0009534880394826482
читать 0 0
шаблон 0 0
школа 1,8325814637483102 0,0014613887270720177
экономика 0,7550225842780328 0,0030104568751117733
экспортный 4,605170185988092 0,003672384518331812
элемент 0,19845093872383823 0,00015825433710034946
эмиль 2,995732273553991 0,009555764827923415
энциклопедия 0 0
этап 2,407945608651872 0,0019202118091322742
юг 1,0216512475319812 0,0008147139135023774
юго 1,171182981502945 0,0009339577204967664
юнеско 2,0402208285265546 0,006507881430706713
являться 0,3424903089467759 0,0008193548060927652
язык 0 0
якобы 3,912023005428146 0,003119635570516863
