август 0 0
автобус 3,2188758248682006 0,0019747704447044176
автор 1,7147984280919266 0,0031560707265495583
агафоника 3,912023005428146 0,0048000282275191975
агностицизм 4,605170185988092 0,00847577334844434
адекватный 4,605170185988092 0,0028252577828147803
азербайджанский 1,6607312068216509 0,0010188535011175772
акиндин 3,912023005428146 0,0048000282275191975
алфавит 0 0
альбера 3,2188758248682006 0,003949540889408835
англ 1,0498221244986776 0,0025762506122666935
английский 0,37106368139083196 0,0011382321515056196
англия 2,120263536200091 0,001300775175582878
андрей 1,2039728043259361 0,0014772672445717008
анри 3,912023005428146 0,0048000282275191975
антикогнитивизм 4,605170185988092 0,005650515565629561
античность 2,659260036932778 0,0016314478754188822
античный 2,8134107167600364 0,0017260188446380593
аосарас 4,605170185988092 0,005650515565629561
апгрейд 4,605170185988092 0,005650515565629561
апрель 0 0
арабский 0,38566248081198473 0,00023660274896440784
аравия 3,2188758248682006 0,003949540889408835
аргумент 3,912023005428146 0,007200042341278796
аргументировать 4,605170185988092 0,0028252577828147803
арсенич 1,5606477482646683 0,009574526062973425
арфист 4,605170185988092 0,005650515565629561
архив 0,3011050927839216 0,00036945410157536397
атеизм 3,912023005428146 0,1704010020769315
атеист 3,506557897319982 0,04732777530125129
атеистический 4,605170185988092 0,01695154669688868
баннер 4,605170185988092 0,005650515565629561
безбожный 4,605170185988092 0,0028252577828147803
безуспешный 3,506557897319982 0,0021512625136932404
бестселлер 4,605170185988092 0,005650515565629561
библия 2,995732273553991 0,025730215846475998
биология 2,8134107167600364 0,005178056533914177
бог 2,0402208285265546 0,03880174581860319
божество 4,605170185988092 0,0028252577828147803
бондарь 2,207274913189721 0,0027083127769199035
борьба 1,8325814637483102 0,002248566213188111
британский 1,5141277326297755 0,0009289127194047703
бросить 3,912023005428146 0,0024000141137595988
вавилонский 3,506557897319982 0,004302525027386481
василий 1,8325814637483102 0,002248566213188111
ввести 2,995732273553991 0,0018378725604625713
век 0,5108256237659907 0,002193729672614684
великий 1,0216512475319812 0,0018803397193840146
великобритания 1,6607312068216509 0,0030565605033527317
венедим 4,605170185988092 0,005650515565629561
вера 3,2188758248682006 0,009873852223522089
верить 3,2188758248682006 0,003949540889408835
вероятность 3,912023005428146 0,0024000141137595988
версия 0 0
весь 2,659260036932778 0,0032628957508377644
ветхий 3,912023005428146 0,007200042341278796
взгляд 2,8134107167600364 0,0017260188446380593
взрослый 2,995732273553991 0,0018378725604625713
вид 1,0498221244986776 0,0012881253061333467
википедия 0 0
викисклад 0,5798184952529422 0,00035571686825333875
викисловар 1,8325814637483102 0,0011242831065940554
викицитатник 0,9675840262617057 0,0005936098320623961
виктор 1,9661128563728327 0,002412408412727402
вирус 4,605170185988092 0,005650515565629561
виталия 3,506557897319982 0,004302525027386481
вклад 0 0
влияние 2,302585092994046 0,0014126288914073902
возникновение 2,8134107167600364 0,0017260188446380593
возникнуть 2,5257286443082556 0,0015495267756492368
волноваться 4,605170185988092 0,0028252577828147803
вольнодумство 4,605170185988092 0,00847577334844434
вопрос 2,8134107167600364 0,013808150757104475
воспитанник 4,605170185988092 0,0028252577828147803
вплоть 2,659260036932778 0,0016314478754188822
время 2,407945608651872 0,0014772672445717006
всемогущество 4,605170185988092 0,011301031131259121
второй 1,2378743560016172 0,000759432120246391
входить 1,2378743560016172 0,000759432120246391
вызов 3,506557897319982 0,0021512625136932404
выйти 2,659260036932778 0,0016314478754188822
вымыслить 3,506557897319982 0,004302525027386481
ген 3,912023005428146 0,01920011291007679
география 0,083381608939051 0,00010230872262460246
герменевтика 3,912023005428146 0,0024000141137595988
герменевтический 4,605170185988092 0,0028252577828147803
гипотеза 3,912023005428146 0,009600056455038395
год 0,6348782724359695 0,000389495872660104
гольба 4,605170185988092 0,005650515565629561
гонсалес 4,605170185988092 0,005650515565629561
государство 0,6733445532637655 0,0012392844538596912
греча 1,9661128563728327 0,001206204206363701
греческий 1,4271163556401458 0,0017510630130553938
гуманизм 4,605170185988092 0,014126288914073902
гуманист 3,912023005428146 0,0024000141137595988
д 1,5141277326297755 0,0009289127194047703
далья 0,3566749439387324 0,0002188189840114923
дания 2,995732273553991 0,0036757451209251425
данный 0,1508228897345837 9,252938020526607E-05
два 0 0
движение 1,6094379124341003 0,003949540889408835
де 1,1394342831883648 0,0013980788750777484
действие 1,8325814637483102 0,0011242831065940554
действовать 2,120263536200091 0,001300775175582878
декабрь 0 0
делиться 2,995732273553991 0,0018378725604625713
десятка 2,995732273553991 0,0036757451209251425
детский 2,659260036932778 0,0016314478754188822
дискордианизм 4,605170185988092 0,005650515565629561
дискриминация 3,912023005428146 0,0048000282275191975
добавить 1,0498221244986776 0,0019321879592000201
добиться 2,995732273553991 0,0018378725604625713
довести 3,912023005428146 0,0024000141137595988
довод 4,605170185988092 0,0028252577828147803
доказательство 3,912023005428146 0,0048000282275191975
докинза 4,605170185988092 0,028252577828147805
доля 3,506557897319982 0,0021512625136932404
дополнить 1,5141277326297755 0,0018578254388095406
дослать 3,2188758248682006 0,0019747704447044176
древнегреческий 2,302585092994046 0,0014126288914073902
дух 2,995732273553991 0,0018378725604625713
духов 3,2188758248682006 0,0019747704447044176
евангелистский 4,605170185988092 0,0028252577828147803
египетский 2,659260036932778 0,0032628957508377644
единорог 4,605170185988092 0,005650515565629561
единый 2,407945608651872 0,0014772672445717006
ежедневный 3,912023005428146 0,0024000141137595988
еженедельный 4,605170185988092 0,0028252577828147803
жан 2,659260036932778 0,0032628957508377644
жертва 2,407945608651872 0,0014772672445717006
жизнь 1,5606477482646683 0,0009574526062973426
житель 1,7147984280919266 0,002104047151033039
жить 1,7719568419318754 0,0010870900870747703
журнал 0 0
забавный 4,605170185988092 0,005650515565629561
заведение 2,995732273553991 0,0018378725604625713
завет 3,506557897319982 0,010756312568466202
зависимость 4,605170185988092 0,0028252577828147803
задача 2,995732273553991 0,0018378725604625713
заключить 2,8134107167600364 0,0017260188446380593
закончить 3,506557897319982 0,0021512625136932404
заметный 2,8134107167600364 0,0017260188446380593
занимать 1,4696759700589417 0,0009016416994226637
заниматься 0 0
запретить 2,8134107167600364 0,0017260188446380593
запрос 0,1165338162559516 0,00014298627761466455
запустить 2,995732273553991 0,0018378725604625713
защищать 2,659260036932778 0,0016314478754188822
земля 1,2378743560016172 0,001518864240492782
зинон 3,912023005428146 0,0048000282275191975
знаете 0,06187540371808745 7,592074075838952E-05
знак 0 0
значение 1,9661128563728327 0,002412408412727402
значительный 2,302585092994046 0,0014126288914073902
зотик 3,912023005428146 0,0048000282275191975
идеология 2,995732273553991 0,0018378725604625713
иегова 3,912023005428146 0,0048000282275191975
избранный 0,083381608939051 0,00015346308393690368
избрать 0 0
известный 0,7765287894989963 0,0019055921214699296
издавать 4,605170185988092 0,0028252577828147803
измена 4,605170185988092 0,0028252577828147803
изменение 0 0
изнутри 4,605170185988092 0,0028252577828147803
изображение 0,06187540371808745 3,796037037919476E-05
изучение 2,407945608651872 0,0014772672445717006
иллюзия 4,605170185988092 0,019776804479703463
имя 1,4271163556401458 0,0008755315065276969
инакомыслие 4,605170185988092 0,005650515565629561
индийский 2,407945608651872 0,002954534489143401
индия 2,120263536200091 0,001300775175582878
индустриальный 3,2188758248682006 0,0019747704447044176
институт 1,9661128563728327 0,004824816825454804
ираклий 3,506557897319982 0,004302525027386481
ирландский 3,2188758248682006 0,003949540889408835
искать 0 0
исключительно 3,2188758248682006 0,0019747704447044176
искусство 0,083381608939051 0,00010230872262460246
ислам 1,7147984280919266 0,004208094302066078
испанский 0,49429632181478017 0,0003032492771869817
использование 0 0
использоваться 1,4696759700589417 0,0009016416994226637
историзация 4,605170185988092 0,0028252577828147803
историк 2,207274913189721 0,0027083127769199035
исторический 1,2378743560016172 0,001518864240492782
история 0 0
источник 0 0
исчисляться 3,912023005428146 0,0024000141137595988
иусик 3,506557897319982 0,004302525027386481
июнь 0 0
йорк 2,8134107167600364 0,0034520376892761186
к 2,5257286443082556 0,0015495267756492368
казимир 3,912023005428146 0,0048000282275191975
казнь 3,506557897319982 0,004302525027386481
какой 1,8971199848858813 0,0011638772913410316
кампания 2,659260036932778 0,0016314478754188822
камя 4,605170185988092 0,005650515565629561
карл 1,9661128563728327 0,002412408412727402
категория 0 0
кент 4,605170185988092 0,005650515565629561
китайский 1,171182981502945 0,001437034333132448
клинтон 4,605170185988092 0,014126288914073902
ключевой 2,8134107167600364 0,0017260188446380593
книга 0 0
код 0 0
колдун 4,605170185988092 0,005650515565629561
комментарий 4,605170185988092 0,0028252577828147803
конкретный 3,912023005428146 0,0024000141137595988
конфликт 2,659260036932778 0,0016314478754188822
коран 3,2188758248682006 0,003949540889408835
который 0,9162907318741551 0,001686424659891083
красный 0,7765287894989963 0,0009527960607349648
критик 3,2188758248682006 0,02369724533645301
критика 4,605170185988092 0,0028252577828147803
культ 2,5257286443082556 0,0030990535512984735
лаицизм 4,605170185988092 0,011301031131259121
лексикон 4,605170185988092 0,0028252577828147803
летать 3,2188758248682006 0,003949540889408835
либо 2,8134107167600364 0,0017260188446380593
липат 4,605170185988092 0,005650515565629561
лист 2,995732273553991 0,0036757451209251425
литература 1,1086626245216111 0,002040483358015235
литературный 2,659260036932778 0,0016314478754188822
личность 0,127833371509885 0,00015685076258881595
ложный 3,912023005428146 0,0024000141137595988
локаят 4,605170185988092 0,005650515565629561
лучший 0 0
лыщинский 4,605170185988092 0,005650515565629561
любой 2,8134107167600364 0,0017260188446380593
магия 3,912023005428146 0,0048000282275191975
май 0 0
майкл 2,995732273553991 0,0018378725604625713
макаронный 3,912023005428146 0,0048000282275191975
мама 4,605170185988092 0,0028252577828147803
мания 4,605170185988092 0,0028252577828147803
маркс 3,2188758248682006 0,003949540889408835
марксизм 3,2188758248682006 0,003949540889408835
март 0 0
марта 0,3566749439387324 0,002407008824126415
мартин 2,207274913189721 0,0013541563884599517
материал 0 0
материализм 3,912023005428146 0,007200042341278796
материя 3,506557897319982 0,004302525027386481
медиафайл 1,6094379124341003 0,0009873852223522088
мем 4,605170185988092 0,005650515565629561
меметика 4,605170185988092 0,005650515565629561
меняться 3,912023005428146 0,0024000141137595988
место 0 0
месяц 1,7147984280919266 0,0010520235755165194
мечеть 2,659260036932778 0,0032628957508377644
мигель 2,659260036932778 0,0032628957508377644
минодора 4,605170185988092 0,005650515565629561
миро 0 0
миссионерство 4,605170185988092 0,0028252577828147803
мита 4,605170185988092 0,005650515565629561
митродор 4,605170185988092 0,005650515565629561
миф 3,506557897319982 0,004302525027386481
мифологический 4,605170185988092 0,00847577334844434
мифология 2,120263536200091 0,0078046510534972675
многие 1,5606477482646683 0,002872357818892028
мобильный 0 0
мой 0 0
молиться 3,912023005428146 0,0024000141137595988
монстр 3,506557897319982 0,004302525027386481
моча 0,16251892949777494 9,970486472256132E-05
мученик 3,506557897319982 0,012907575082159442
мэншн 4,605170185988092 0,005650515565629561
навигация 0 0
нажать 0 0
название 0 0
найти 0 0
наказываться 4,605170185988092 0,0028252577828147803
написать 0,9942522733438669 0,0012199414396857264
направление 1,8325814637483102 0,0011242831065940554
например 1,9661128563728327 0,001206204206363701
наслаждаться 4,605170185988092 0,0028252577828147803
настольный 3,506557897319982 0,004302525027386481
наука 0,05129329438755048 0,0003776193451844207
научный 1,6094379124341003 0,013823393112930923
находиться 0 0
начало 1,2039728043259361 0,0007386336222858504
начать 0,38566248081198473 0,0037856439834305254
начинать 0,1508228897345837 0,00018505876041053214
невидимый 3,912023005428146 0,0048000282275191975
недавний 2,8134107167600364 0,0017260188446380593
незнание 4,605170185988092 0,005650515565629561
некоммерческий 0 0
некоторые 1,8325814637483102 0,002248566213188111
нематериальный 3,506557897319982 0,0021512625136932404
немецкий 0,5108256237659907 0,00031338995323066917
нерелигиозный 4,605170185988092 0,0028252577828147803
несколький 2,659260036932778 0,0016314478754188822
неудачный 3,2188758248682006 0,00789908177881767
нимфодор 4,605170185988092 0,005650515565629561
ницша 4,605170185988092 0,011301031131259121
новое 3,506557897319982 0,0021512625136932404
новый 0 0
ноябрь 0 0
нью 2,659260036932778 0,0032628957508377644
обезьяна 3,912023005428146 0,0048000282275191975
обладать 2,407945608651872 0,0014772672445717006
обсуждение 0 0
общество 0,07257069283483537 0,0002226094872234214
обязательный 0 0
один 0,843970070294529 0,0005177730492604473
означать 2,0402208285265546 0,0012516692199549416
оказать 2,995732273553991 0,0018378725604625713
оккультизм 3,506557897319982 0,006453787541079721
оксфордский 3,912023005428146 0,0048000282275191975
октябрь 0 0
опираться 3,912023005428146 0,0024000141137595988
описание 0 0
опровержение 4,605170185988092 0,0028252577828147803
организация 0 0
освещать 4,605170185988092 0,0028252577828147803
оскорбительный 4,605170185988092 0,0028252577828147803
основной 0 0
осторожный 4,605170185988092 0,005650515565629561
ответ 3,506557897319982 0,0021512625136932404
ответственность 0 0
отдельный 0 0
отказ 0 0
откровенный 4,605170185988092 0,0028252577828147803
относиться 1,7147984280919266 0,0010520235755165194
отрицание 3,912023005428146 0,0024000141137595988
отсутствие 3,2188758248682006 0,0059243113341132525
отсутствовать 0,05129329438755048 0,00018880967259221035
оценивание 0,1508228897345837 0,00018505876041053214
ошибка 1,7147984280919266 0,0010520235755165194
павлина 4,605170185988092 0,005650515565629561
павлович 2,407945608651872 0,002954534489143401
пандид 4,605170185988092 0,0028252577828147803
паника 4,605170185988092 0,005650515565629561
папил 4,605170185988092 0,005650515565629561
парадокс 3,912023005428146 0,009600056455038395
пармение 4,605170185988092 0,005650515565629561
пародийный 3,912023005428146 0,0024000141137595988
пародия 3,506557897319982 0,004302525027386481
пафнутий 4,605170185988092 0,005650515565629561
пенсильвания 4,605170185988092 0,005650515565629561
первый 0 0
перевести 1,7719568419318754 0,0010870900870747703
перевод 1,7147984280919266 0,0031560707265495583
пережить 3,506557897319982 0,0021512625136932404
перейти 0 0
персидский 1,5606477482646683 0,0009574526062973426
персонаж 2,5257286443082556 0,0015495267756492368
персоналия 0,07257069283483537 8,904379488936857E-05
персонифицировать 4,605170185988092 0,0028252577828147803
песня 2,207274913189721 0,0027083127769199035
печатный 3,912023005428146 0,0048000282275191975
печать 0 0
писать 2,0402208285265546 0,0012516692199549416
пн 0,127833371509885 0,0006274030503552638
поведение 3,912023005428146 0,0024000141137595988
повествование 3,912023005428146 0,0024000141137595988
подвергаться 2,995732273553991 0,0018378725604625713
подобно 3,912023005428146 0,0024000141137595988
подробный 0 0
позднейший 4,605170185988092 0,0028252577828147803
поздний 2,120263536200091 0,001300775175582878
позиция 2,995732273553991 0,0036757451209251425
познавательный 4,605170185988092 0,0028252577828147803
поиск 0 0
полагать 4,605170185988092 0,0028252577828147803
полемика 4,605170185988092 0,0028252577828147803
политик 0 0
положение 2,5257286443082556 0,0015495267756492368
получить 0 0
поль 2,8134107167600364 0,006904075378552237
польза 3,506557897319982 0,004302525027386481
польский 1,2729656758128876 0,00078096053730852
пометить 3,912023005428146 0,0024000141137595988
помочь 0,127833371509885 0,00015685076258881595
помощь 0,127833371509885 0,0003137015251776319
попросить 4,605170185988092 0,0028252577828147803
популяризатор 4,605170185988092 0,005650515565629561
популяризация 3,2188758248682006 0,0019747704447044176
популярный 2,120263536200091 0,002601550351165756
портал 0 0
посещать 3,506557897319982 0,0021512625136932404
последний 0 0
посмотреть 0 0
появиться 1,6607312068216509 0,0010188535011175772
править 0 0
правка 0 0
православный 2,5257286443082556 0,006198107102596947
правый 2,995732273553991 0,0036757451209251425
предлагать 0 0
предложить 2,407945608651872 0,0014772672445717006
предполагаться 3,912023005428146 0,0024000141137595988
представление 2,995732273553991 0,0036757451209251425
премия 1,8325814637483102 0,002248566213188111
преследование 2,995732273553991 0,007351490241850285
приводить 3,506557897319982 0,0021512625136932404
применяться 3,506557897319982 0,004302525027386481
принуждение 3,506557897319982 0,0021512625136932404
приобретать 4,605170185988092 0,0028252577828147803
приравнять 3,912023005428146 0,0024000141137595988
присутствие 3,2188758248682006 0,0019747704447044176
присущий 3,506557897319982 0,0021512625136932404
продемонстрировать 4,605170185988092 0,0028252577828147803
проект 0 0
прожить 3,2188758248682006 0,003949540889408835
происхождение 1,7147984280919266 0,002104047151033039
проповедник 3,2188758248682006 0,0019747704447044176
противоречие 4,605170185988092 0,0028252577828147803
профессор 2,5257286443082556 0,0015495267756492368
профессорат 4,605170185988092 0,0028252577828147803
проходить 1,5141277326297755 0,0009289127194047703
процесс 1,8325814637483102 0,0011242831065940554
прямой 3,2188758248682006 0,003949540889408835
р 3,2188758248682006 0,0019747704447044176
работать 1,7147984280919266 0,0010520235755165194
развитие 0,9416085398584451 0,0011553479016668039
развитый 3,2188758248682006 0,0019747704447044176
развиться 3,912023005428146 0,0024000141137595988
разработчик 0 0
разум 3,912023005428146 0,0048000282275191975
ранний 1,8971199848858813 0,0011638772913410316
распространение 2,8134107167600364 0,0017260188446380593
рассесть 4,605170185988092 0,005650515565629561
расцвет 2,995732273553991 0,0018378725604625713
расцениваться 4,605170185988092 0,0028252577828147803
рационалистический 4,605170185988092 0,0028252577828147803
реальный 2,995732273553991 0,0018378725604625713
ребёнок 2,120263536200091 0,001300775175582878
результат 1,4696759700589417 0,0009016416994226637
реклама 4,605170185988092 0,0028252577828147803
религиоведение 4,605170185988092 0,0028252577828147803
религиозный 2,120263536200091 0,00650387587791439
религия 0,083381608939051 0,0014834764780567358
решение 2,407945608651872 0,0014772672445717006
ритуальный 4,605170185988092 0,0028252577828147803
ричард 2,659260036932778 0,011420135127932177
родственный 0,21072103131565253 0,0002585534126572424
розовый 3,506557897319982 0,004302525027386481
россия 0,7765287894989963 0,0019055921214699296
русский 0 0
сад 2,659260036932778 0,0016314478754188822
сакрализация 4,605170185988092 0,0028252577828147803
самообозначение 4,605170185988092 0,0028252577828147803
санал 4,605170185988092 0,0028252577828147803
сартра 4,605170185988092 0,005650515565629561
сатанинский 4,605170185988092 0,005650515565629561
саудовский 3,506557897319982 0,004302525027386481
сведение 0 0
свежий 0 0
сверхъестественный 4,605170185988092 0,00847577334844434
света 2,0402208285265546 0,0012516692199549416
светский 3,2188758248682006 0,0019747704447044176
свидетель 3,912023005428146 0,0048000282275191975
свидетельство 3,2188758248682006 0,0019747704447044176
свобода 2,302585092994046 0,0014126288914073902
свободный 0 0
связать 0 0
связываться 4,605170185988092 0,0028252577828147803
священномученик 4,605170185988092 0,005650515565629561
севериана 3,912023005428146 0,0048000282275191975
секуляризация 4,605170185988092 0,00847577334844434
сентябрь 0 0
сила 0,9416085398584451 0,0028883697541670097
сильный 2,407945608651872 0,004431801733715102
симонь 4,605170185988092 0,005650515565629561
синагога 4,605170185988092 0,0028252577828147803
система 0 0
скептик 4,605170185988092 0,0028252577828147803
скептицизм 4,605170185988092 0,0028252577828147803
скептически 4,605170185988092 0,0028252577828147803
скол 4,605170185988092 0,005650515565629561
слабый 3,2188758248682006 0,0019747704447044176
слово 1,5606477482646683 0,0019149052125946853
слоган 4,605170185988092 0,0028252577828147803
случай 0 0
случайный 0 0
смертный 3,506557897319982 0,004302525027386481
смирн 3,506557897319982 0,004302525027386481
смотреть 0 0
собственный 1,8325814637483102 0,0011242831065940554
событие 0 0
совершать 3,2188758248682006 0,0019747704447044176
согласно 1,8971199848858813 0,0011638772913410316
содержание 0,1392620673335076 8,543685112485129E-05
создатель 2,659260036932778 0,0016314478754188822
создать 0 0
сообщество 0 0
соответствие 2,302585092994046 0,0014126288914073902
сохранение 0 0
сохраниться 2,120263536200091 0,001300775175582878
социология 3,912023005428146 0,014400084682557593
список 0 0
спорт 0,083381608939051 0,00010230872262460246
среди 1,4696759700589417 0,0018032833988453274
среднее 2,120263536200091 0,002601550351165756
ссср 1,4271163556401458 0,0017510630130553938
ссылаться 0 0
ссылка 0 0
становление 2,995732273553991 0,0018378725604625713
статистик 0 0
статус 1,4271163556401458 0,0017510630130553938
стать 0,4620354595965586 0,0005669146743516057
статья 0 0
стенджер 4,605170185988092 0,005650515565629561
сто 2,5257286443082556 0,0030990535512984735
сторонник 3,506557897319982 0,004302525027386481
страна 0,43078291609245434 0,0013214199880136636
страница 0 0
суд 2,8134107167600364 0,0034520376892761186
суринда 4,605170185988092 0,0028252577828147803
существо 3,506557897319982 0,004302525027386481
существование 2,5257286443082556 0,015495267756492365
существовать 1,4271163556401458 0,0017510630130553938
считать 1,8325814637483102 0,002248566213188111
сша 0,9675840262617057 0,0011872196641247923
сюд 0 0
таймс 4,605170185988092 0,005650515565629561
таки 4,605170185988092 0,0028252577828147803
такой 1,7147984280919266 0,0010520235755165194
тантр 3,912023005428146 0,0024000141137595988
тантрик 4,605170185988092 0,0028252577828147803
тбилиси 3,912023005428146 0,0048000282275191975
текст 0 0
телешоу 4,605170185988092 0,0028252577828147803
теологический 4,605170185988092 0,005650515565629561
теоретик 2,995732273553991 0,0018378725604625713
теория 1,8971199848858813 0,002327754582682063
термин 2,0402208285265546 0,005006676879819766
техника 0,06187540371808745 7,592074075838952E-05
течение 1,9661128563728327 0,001206204206363701
течь 0 0
тим 3,912023005428146 0,0048000282275191975
толкование 3,912023005428146 0,0024000141137595988
традиционный 1,8971199848858813 0,0011638772913410316
трансформация 3,912023005428146 0,0024000141137595988
тысяча 2,8134107167600364 0,0017260188446380593
убедить 4,605170185988092 0,0028252577828147803
убеждение 3,506557897319982 0,004302525027386481
убить 2,8134107167600364 0,0017260188446380593
уитмарша 4,605170185988092 0,005650515565629561
указатель 0 0
указывать 3,506557897319982 0,0021512625136932404
улучшить 1,6607312068216509 0,0010188535011175772
умереть 2,8134107167600364 0,0017260188446380593
университет 1,3470736479666094 0,0008264255508997605
уничижительный 4,605170185988092 0,0028252577828147803
условие 0 0
успех 2,8134107167600364 0,0017260188446380593
установиться 4,605170185988092 0,0028252577828147803
утверждать 3,506557897319982 0,004302525027386481
участие 0 0
участник 0 0
участница 1,7147984280919266 0,004208094302066078
учебный 2,407945608651872 0,0014772672445717006
учение 2,659260036932778 0,004894343626256646
учредить 3,506557897319982 0,0021512625136932404
факт 2,302585092994046 0,0014126288914073902
фантастический 3,506557897319982 0,0021512625136932404
февраль 0 0
феопрепия 3,912023005428146 0,0048000282275191975
фиатирский 4,605170185988092 0,005650515565629561
философ 2,5257286443082556 0,0015495267756492368
философия 0,09431067947124142 0,0005785931255904382
философский 2,8134107167600364 0,0017260188446380593
форма 1,6607312068216509 0,0010188535011175772
форум 0 0
фото 2,5257286443082556 0,0015495267756492368
французский 0,23572233352106994 0,0001446149285405337
фридрих 2,995732273553991 0,007351490241850285
характеризоваться 2,8134107167600364 0,0017260188446380593
хауз 4,605170185988092 0,005650515565629561
хватить 4,605170185988092 0,0028252577828147803
ховинд 4,605170185988092 0,0028252577828147803
ховинда 4,605170185988092 0,005650515565629561
ховиндист 4,605170185988092 0,0028252577828147803
хороший 0,7985076962177716 0,0009797640444389837
храм 1,2729656758128876 0,00156192107461704
христианин 2,8134107167600364 0,005178056533914177
христианство 2,120263536200091 0,002601550351165756
церковь 1,4271163556401458 0,0017510630130553938
цитата 1,4271163556401458 0,012257441091387756
чайник 4,605170185988092 0,005650515565629561
чарльз 3,2188758248682006 0,003949540889408835
час 2,8134107167600364 0,0017260188446380593
человек 1,1394342831883648 0,0013980788750777484
черта 2,995732273553991 0,0018378725604625713
читать 0 0
член 1,7147984280919266 0,0010520235755165194
чтение 3,506557897319982 0,0021512625136932404
шаблон 0 0
шамансемный 2,8134107167600364 0,0034520376892761186
шариат 4,605170185988092 0,005650515565629561
шарм 3,506557897319982 0,0021512625136932404
шон 3,506557897319982 0,004302525027386481
штат 1,7147984280919266 0,0010520235755165194
эвгемер 4,605170185988092 0,0028252577828147803
эвгемеризация 4,605170185988092 0,0028252577828147803
эвгемеризм 4,605170185988092 0,028252577828147805
эвгемеристический 4,605170185988092 0,0028252577828147803
эволюционист 4,605170185988092 0,0028252577828147803
эволюционный 3,506557897319982 0,006453787541079721
эволюция 3,2188758248682006 0,003949540889408835
эгоистичный 4,605170185988092 0,01695154669688868
эдамарук 4,605170185988092 0,0028252577828147803
элемент 0,19845093872383823 0,0002434980843237279
эмпирический 4,605170185988092 0,0028252577828147803
энциклопедия 0 0
эпитет 4,605170185988092 0,005650515565629561
эпоха 2,120263536200091 0,001300775175582878
этолог 4,605170185988092 0,005650515565629561
этология 3,912023005428146 0,0048000282275191975
эфир 3,912023005428146 0,0048000282275191975
являть 4,605170185988092 0,0028252577828147803
являться 0,3424903089467759 0,0004202335079101545
язык 0 0
январь 0,6733445532637655 0,0037178533615790737
