август 0 0
алфавит 0 0
англ 1,0498221244986776 0,0018847793976636941
английский 0,37106368139083196 0,0006661825518686391
анизотропия 4,605170185988092 0,008267810028703935
апертура 4,605170185988092 0,01653562005740787
апрель 0 0
аресибо 4,605170185988092 0,05787467020092755
астрономический 3,2188758248682006 0,017336853634837706
астрономия 2,995732273553991 0,04840500980607884
астрофизика 3,912023005428146 0,21772479922490579
атмосфера 3,2188758248682006 0,028894756058062843
атомный 2,995732273553991 0,010756668845795299
барионный 4,605170185988092 0,008267810028703935
больший 1,8325814637483102 0,0032900923945212036
версия 0 0
верхний 2,407945608651872 0,004323062134024905
википедия 0 0
вклад 0 0
возле 3,506557897319982 0,00629543608136442
возникновение 2,8134107167600364 0,005051006672818737
восход 4,605170185988092 0,01653562005740787
вручаться 3,506557897319982 0,00629543608136442
вселенная 3,2188758248682006 0,011557902423225137
высота 1,9661128563728327 0,003529825594924296
галактика 3,912023005428146 0,021070141860474755
город 0,3424903089467759 0,0006148838580732063
градус 3,912023005428146 0,007023380620158251
греча 1,9661128563728327 0,003529825594924296
д 1,5141277326297755 0,0027183621770732057
дал 2,407945608651872 0,004323062134024905
далья 0,3566749439387324 0,0006403499891180115
данный 0,1508228897345837 0,0002707771808520354
два 0 0
декабрь 0 0
добавить 1,0498221244986776 0,0037695587953273883
журнал 0 0
заниматься 0 0
запустить 2,995732273553991 0,005378334422897649
заход 3,912023005428146 0,014046761240316502
звезда 1,8325814637483102 0,0032900923945212036
знаете 0,06187540371808745 0,00011108690075060584
знак 0 0
избранный 0,083381608939051 0,00014969768211678814
избрать 0 0
излучение 4,605170185988092 0,008267810028703935
изменение 0 0
изображение 0,06187540371808745 0,00033326070225181756
изучать 2,5257286443082556 0,009069043606133772
иметь 0,616186139423817 0,0011062587781397073
интервик 0,9675840262617057 0,0017371346970587176
интерпретация 4,605170185988092 0,008267810028703935
ионосфера 4,605170185988092 0,008267810028703935
искать 0 0
использование 0 0
использовать 1,4271163556401458 0,005124295711454742
использоваться 1,4696759700589417 0,0052771129984163076
исследование 2,120263536200091 0,011419731792819162
история 0 0
источник 0 0
июнь 0 0
категория 0 0
кг 3,2188758248682006 0,005778951211612569
км 0,8209805520698303 0,0014739327685275232
книга 0 0
код 0 0
компонент 3,506557897319982 0,00629543608136442
кооперация 4,605170185988092 0,008267810028703935
корнельский 4,605170185988092 0,008267810028703935
космология 3,912023005428146 0,014046761240316502
космонавтика 3,506557897319982 0,01888630824409326
крупнейший 1,2039728043259361 0,004323062134024906
кулинария 3,506557897319982 0,01259087216272884
кэш 3,912023005428146 0,007023380620158251
лучший 0 0
май 0 0
март 0 0
масса 2,659260036932778 0,0047742550034699785
масштаб 4,605170185988092 0,008267810028703935
материал 0 0
материя 3,506557897319982 0,01888630824409326
место 0 0
метеорит 3,912023005428146 0,021070141860474755
мин 3,912023005428146 0,007023380620158251
минута 2,8134107167600364 0,005051006672818737
миро 0 0
мкс 4,605170185988092 0,008267810028703935
мобильный 0 0
мой 0 0
море 1,1394342831883648 0,004091325971951041
наблюдать 3,506557897319982 0,00629543608136442
наблюдение 2,8134107167600364 0,010102013345637473
навигация 0 0
нажать 0 0
название 0 0
найти 0 0
настоящий 1,6094379124341003 0,005778951211612569
наука 0,05129329438755048 0,0007367079983849261
научный 1,6094379124341003 0,005778951211612569
находиться 0 0
национальный 0,7550225842780328 0,004066548927888866
недавний 2,8134107167600364 0,005051006672818737
некоммерческий 0 0
новый 0 0
ноябрь 0 0
область 0,7765287894989963 0,002788254181324942
обсерватория 3,2188758248682006 0,04623160969290055
обсуждение 0 0
общий 1,3470736479666094 0,002418444610352979
объект 1,6607312068216509 0,008944692316813201
обязательный 0 0
один 0,843970070294529 0,0030304131787954364
октябрь 0 0
описание 0 0
организация 0 0
орден 1,5141277326297755 0,010873448708292823
основной 0 0
ответственность 0 0
отдельный 0 0
отказ 0 0
отсутствовать 0,05129329438755048 9,208849979811577E-05
очистить 2,995732273553991 0,005378334422897649
первый 0 0
перейти 0 0
печать 0 0
плотность 2,995732273553991 0,005378334422897649
пн 0,127833371509885 0,0009180134399273609
поверхность 3,2188758248682006 0,005778951211612569
подборка 1,6094379124341003 0,005778951211612569
подробный 0 0
поиск 0 0
показать 1,2729656758128876 0,004570792372757227
политик 0 0
получить 0 0
портал 0 0
последний 0 0
посмотреть 0 0
править 0 0
правка 0 0
предлагать 0 0
природа 1,07880966137193 0,0019368216541686357
проводиться 3,2188758248682006 0,005778951211612569
проект 0 0
проходить 1,5141277326297755 0,0027183621770732057
процесс 1,8325814637483102 0,0032900923945212036
пуэрто 3,506557897319982 0,01259087216272884
работа 0,9942522733438669 0,0017850130580679838
равна 4,605170185988092 0,008267810028703935
радиоастрономия 4,605170185988092 0,04960686017222361
радиолокационный 4,605170185988092 0,01653562005740787
радиотелескоп 4,605170185988092 0,03307124011481574
разработчик 0 0
расположеный 4,605170185988092 0,008267810028703935
распределение 4,605170185988092 0,008267810028703935
результат 1,4696759700589417 0,0026385564992081538
рекорд 2,5257286443082556 0,004534521803066886
реликтовый 3,912023005428146 0,007023380620158251
рико 4,605170185988092 0,01653562005740787
родственный 0,21072103131565253 0,001134942718037626
русский 0 0
самый 0,5447271754416719 0,0009779662036654793
сведение 0 0
свежий 0 0
светило 3,912023005428146 0,007023380620158251
свободный 0 0
свойство 3,506557897319982 0,00629543608136442
связать 0 0
сентябрь 0 0
система 0 0
следовать 1,4271163556401458 0,002562147855727371
слой 2,8134107167600364 0,005051006672818737
случай 0 0
случайный 0 0
смотреть 0 0
событие 0 0
создать 0 0
солнечный 2,995732273553991 0,010756668845795299
солнце 2,8134107167600364 0,005051006672818737
сообщество 0 0
соответственно 2,8134107167600364 0,005051006672818737
сохранение 0 0
спагеттификация 4,605170185988092 0,01653562005740787
спиральный 3,912023005428146 0,007023380620158251
список 0 0
спуск 4,605170185988092 0,008267810028703935
спутник 2,5257286443082556 0,004534521803066886
ссср 1,4271163556401458 0,002562147855727371
ссылаться 0 0
ссылка 0 0
статистик 0 0
статья 0 0
страница 0 0
стык 4,605170185988092 0,008267810028703935
сша 0,9675840262617057 0,00694853878823487
сюд 0 0
такой 1,7147984280919266 0,0030786327254792223
текст 0 0
телескоп 3,506557897319982 0,01259087216272884
тема 0,7550225842780328 0,0013555163092962889
течь 0 0
указатель 0 0
университет 1,3470736479666094 0,002418444610352979
уровень 2,0402208285265546 0,007325748037797324
условие 0 0
установить 1,7719568419318754 0,006362502125428637
участие 0 0
участник 0 0
факт 2,302585092994046 0,02066952507175984
февраль 0 0
физика 2,659260036932778 0,08116233505898963
физический 2,120263536200091 0,007613154528546108
фонд 3,506557897319982 0,01259087216272884
форум 0 0
ход 1,6607312068216509 0,0029815641056044
холодный 2,995732273553991 0,005378334422897649
цельсий 4,605170185988092 0,008267810028703935
центр 0,8915981192837835 0,0016007147563443151
читать 0 0
шаблон 0 0
шаттл 4,605170185988092 0,008267810028703935
экзопланетология 3,912023005428146 0,021070141860474755
энергия 4,605170185988092 0,008267810028703935
энциклопедия 0 0
являться 0,3424903089467759 0,0006148838580732063
язык 0 0
