авар 4,605170185988092 0,003983711233553713
август 0 0
автор 1,7147984280919266 0,0014833896436781372
агафоника 3,912023005428146 0,006768205891744197
азия 1,5141277326297755 0,002619598153338712
акиндин 3,912023005428146 0,006768205891744197
активный 2,302585092994046 0,0019918556167768564
алексей 1,7719568419318754 0,0015328346383493732
алфавит 0 0
анатолия 2,8134107167600364 0,002433746294775118
английский 0,37106368139083196 0,0003209893437636955
андрей 1,2039728043259361 0,010414989656798756
анкирский 4,605170185988092 0,007967422467107426
апрель 0 0
араб 2,8134107167600364 0,007301238884325353
арабский 0,38566248081198473 0,0013344722519445839
армянин 3,2188758248682006 0,00556898931638097
армянский 1,8325814637483102 0,001585278082827258
арсенич 1,5606477482646683 0,0027000826094544434
арслан 3,506557897319982 0,0030333545824567315
арта 4,605170185988092 0,007967422467107426
африка 1,5606477482646683 0,0027000826094544434
африканский 2,120263536200091 0,0018341380070935043
баз 2,5257286443082556 0,002184886370508872
баланс 3,506557897319982 0,0030333545824567315
барин 3,506557897319982 0,006066709164913463
бахрам 4,605170185988092 0,003983711233553713
бессмертный 3,912023005428146 0,0033841029458720985
болгарский 1,9661128563728327 0,0017007896681425889
больший 1,8325814637483102 0,001585278082827258
бондарь 2,207274913189721 0,0190940736435097
брат 2,302585092994046 0,0019918556167768564
бутлегер 4,605170185988092 0,007967422467107426
бык 2,8134107167600364 0,002433746294775118
варварский 4,605170185988092 0,003983711233553713
век 0,5108256237659907 0,0017675627119930475
вернуть 3,2188758248682006 0,002784494658190485
версия 0 0
взять 2,407945608651872 0,0020829979313597507
византиец 4,605170185988092 0,007967422467107426
византийский 2,8134107167600364 0,09248235920145448
византинистика 4,605170185988092 0,011951133700661138
византия 2,995732273553991 0,16326222598088358
википедия 0 0
вклад 0 0
владимирович 2,0402208285265546 0,0035297938209801986
внука 3,506557897319982 0,0030333545824567315
военачальник 2,407945608651872 0,006248993794079252
военный 1,0498221244986776 0,0009081506267289599
воин 2,659260036932778 0,004600795911648405
война 0,7133498878774648 0,005553762102852234
восстание 2,0402208285265546 0,0017648969104900993
восстать 3,2188758248682006 0,002784494658190485
восточноевропейский 3,912023005428146 0,0033841029458720985
восточный 0,9162907318741551 0,000792639041413629
восхождение 4,605170185988092 0,003983711233553713
впервый 1,5606477482646683 0,0013500413047272217
вручаться 3,506557897319982 0,0030333545824567315
вскор 2,995732273553991 0,0025914639044584695
встать 3,912023005428146 0,0033841029458720985
вступить 2,8134107167600364 0,002433746294775118
вступление 2,659260036932778 0,0023003979558242024
вторгнуться 3,912023005428146 0,0033841029458720985
вынудить 2,302585092994046 0,0019918556167768564
вьетнамский 1,6094379124341003 0,0013922473290952425
вячеславович 4,605170185988092 0,007967422467107426
география 0,083381608939051 0,00028851767798979583
георгия 2,5257286443082556 0,002184886370508872
гибель 3,2188758248682006 0,002784494658190485
год 0,6348782724359695 0,0032952159468994957
город 0,3424903089467759 0,0005925437871051486
государство 0,6733445532637655 0,0034948679235143536
грамматик 4,605170185988092 0,003983711233553713
граница 1,4271163556401458 0,0012345297194118908
грацианский 4,605170185988092 0,007967422467107426
грек 2,995732273553991 0,0025914639044584695
греция 2,0402208285265546 0,0035297938209801986
греча 1,9661128563728327 0,0034015793362851777
гречески 4,605170185988092 0,003983711233553713
греческий 1,4271163556401458 0,004938118877647563
григория 2,8134107167600364 0,009734985179100472
грузинский 1,8325814637483102 0,001585278082827258
дади 4,605170185988092 0,007967422467107426
далья 0,3566749439387324 0,0006170846780946928
данный 0,1508228897345837 0,00013046962779808278
два 0 0
действие 1,8325814637483102 0,001585278082827258
декабрь 0 0
держава 2,8134107167600364 0,004867492589550236
династия 2,0402208285265546 0,0035297938209801986
длиться 2,995732273553991 0,005182927808916939
документ 2,8134107167600364 0,002433746294775118
должность 2,5257286443082556 0,002184886370508872
древний 1,4696759700589417 0,007628075969164057
другой 2,5257286443082556 0,002184886370508872
душа 3,912023005428146 0,0033841029458720985
европа 0,8915981192837835 0,0007712786498994667
египет 2,302585092994046 0,0019918556167768564
елена 2,407945608651872 0,0020829979313597507
жить 1,7719568419318754 0,0015328346383493732
журнал 0 0
завоевание 2,659260036932778 0,0023003979558242024
завоевать 2,995732273553991 0,0025914639044584695
закончиться 3,912023005428146 0,0033841029458720985
заложник 4,605170185988092 0,003983711233553713
занимать 1,4696759700589417 0,0012713459948606762
заниматься 0 0
запрос 0,1165338162559516 0,0003024233985881097
заставить 3,506557897319982 0,0030333545824567315
захватить 2,407945608651872 0,0020829979313597507
защита 2,120263536200091 0,0018341380070935043
згбить 4,605170185988092 0,007967422467107426
земля 1,2378743560016172 0,0010708255674754474
зинон 3,912023005428146 0,006768205891744197
знаете 0,06187540371808745 0,00010705087148458037
знак 0 0
зотик 3,912023005428146 0,006768205891744197
зять 4,605170185988092 0,003983711233553713
идеальный 3,912023005428146 0,0033841029458720985
избранный 0,083381608939051 0,00014425883899489792
избрать 0 0
известие 3,506557897319982 0,0030333545824567315
изгнанник 4,605170185988092 0,003983711233553713
изменение 0 0
изменить 2,5257286443082556 0,002184886370508872
изображение 0,06187540371808745 5,3525435742290184E-05
иконоборчество 4,605170185988092 0,003983711233553713
илла 1,3862943611198906 0,0011992165753632272
император 2,207274913189721 0,021003481007860668
императрица 3,506557897319982 0,0030333545824567315
империя 1,2039728043259361 0,02082997931359751
имя 1,4271163556401458 0,0024690594388237816
индекс 2,659260036932778 0,004600795911648405
инициатива 2,659260036932778 0,004600795911648405
иоанн 3,506557897319982 0,006066709164913463
ираклий 3,506557897319982 0,03943360957193751
иран 2,407945608651872 0,0020829979313597507
ирано 3,912023005428146 0,010152308837616295
искать 0 0
искусство 0,083381608939051 0,00028851767798979583
испанский 0,49429632181478017 0,0004275919738882182
использование 0 0
использовать 1,4271163556401458 0,0012345297194118908
историк 2,207274913189721 0,0019094073643509699
историография 2,995732273553991 0,005182927808916939
история 0 0
источник 0 0
итальянский 0,7339691750802005 0,0006349214317302773
иусик 3,506557897319982 0,006066709164913463
июнь 0 0
кавалерия 4,605170185988092 0,003983711233553713
кампания 2,659260036932778 0,0023003979558242024
каппар 3,912023005428146 0,006768205891744197
категория 0 0
качество 1,5606477482646683 0,0013500413047272217
кириак 4,605170185988092 0,007967422467107426
китайский 1,171182981502945 0,0010131340670440701
книга 0 0
код 0 0
колонна 3,2188758248682006 0,00556898931638097
комботион 4,605170185988092 0,007967422467107426
коменон 3,912023005428146 0,006768205891744197
константинополь 2,995732273553991 0,015548783426750817
конституция 1,2729656758128876 0,0022023627609219507
консул 4,605170185988092 0,003983711233553713
контролировать 3,912023005428146 0,0033841029458720985
копреный 3,912023005428146 0,006768205891744197
королевство 1,6094379124341003 0,0013922473290952425
костя 3,912023005428146 0,0033841029458720985
крестовый 2,8134107167600364 0,002433746294775118
крестоносец 4,605170185988092 0,007967422467107426
кузенков 4,605170185988092 0,007967422467107426
культура 0,3566749439387324 0,0012341693561893855
кызларый 4,605170185988092 0,007967422467107426
лат 1,8325814637483102 0,001585278082827258
латинский 2,407945608651872 0,004165995862719501
левант 4,605170185988092 0,003983711233553713
личность 0,127833371509885 0,0001105825013061289
лучший 0 0
маврикий 3,912023005428146 0,02030461767523259
май 0 0
македонский 1,5606477482646683 0,0013500413047272217
максима 2,0402208285265546 0,0017648969104900993
малый 1,9661128563728327 0,0034015793362851777
маниак 4,605170185988092 0,007967422467107426
мариинский 4,605170185988092 0,007967422467107426
март 0 0
марта 0,3566749439387324 0,003085423390473464
материал 0 0
место 0 0
меч 3,912023005428146 0,006768205891744197
миро 0 0
михаил 1,5606477482646683 0,004050123914181665
младший 2,5257286443082556 0,002184886370508872
мобильный 0 0
мой 0 0
монастырь 1,8325814637483102 0,003170556165654516
моча 0,16251892949777494 0,00014058730925413056
мочь 0,8209805520698303 0,001420381577975485
муж 3,2188758248682006 0,002784494658190485
мученик 3,506557897319982 0,006066709164913463
навигация 0 0
нажать 0 0
название 0 0
назначить 2,995732273553991 0,0025914639044584695
называть 1,6607312068216509 0,0014366186910221893
наибольший 2,659260036932778 0,0023003979558242024
найти 0 0
население 0,5108256237659907 0,0008837813559965238
натиск 4,605170185988092 0,007967422467107426
наука 0,05129329438755048 0,0002662281715616807
находиться 0 0
начало 1,2039728043259361 0,0031244968970396267
начать 0,38566248081198473 0,00667236125972292
начинать 0,1508228897345837 0,00026093925559616556
некоммерческий 0 0
некоторый 3,2188758248682006 0,002784494658190485
немецкий 0,5108256237659907 0,0004418906779982619
несмотря 2,302585092994046 0,0019918556167768564
николай 1,5141277326297755 0,005239196306677424
николаос 4,605170185988092 0,007967422467107426
новый 0 0
ноябрь 0 0
обогащаться 4,605170185988092 0,003983711233553713
оборона 2,302585092994046 0,0019918556167768564
обсуждение 0 0
общество 0,07257069283483537 0,0002511096637883577
объединиться 3,912023005428146 0,0033841029458720985
объявить 2,207274913189721 0,0019094073643509699
обязательный 0 0
одновременный 2,995732273553991 0,0025914639044584695
оказаться 2,407945608651872 0,0020829979313597507
оккультизм 3,506557897319982 0,006066709164913463
октябрь 0 0
описание 0 0
организация 0 0
осада 2,8134107167600364 0,002433746294775118
освободить 3,2188758248682006 0,00556898931638097
осман 2,995732273553991 0,005182927808916939
османский 2,407945608651872 0,006248993794079252
основать 1,2729656758128876 0,0011011813804609753
основной 0 0
оставлять 1,7719568419318754 0,0015328346383493732
отбить 4,605170185988092 0,003983711233553713
ответственность 0 0
отдельный 0 0
отец 1,7719568419318754 0,0015328346383493732
отказ 0 0
отличиться 3,506557897319982 0,0030333545824567315
отомстить 4,605170185988092 0,003983711233553713
отсутствовать 0,05129329438755048 0,00013311408578084034
отшельник 4,605170185988092 0,007967422467107426
оценивание 0,1508228897345837 0,00026093925559616556
павел 2,407945608651872 0,004165995862719501
падение 2,995732273553991 0,0025914639044584695
папа 4,605170185988092 0,003983711233553713
первоначальный 2,302585092994046 0,003983711233553713
первый 0 0
переводить 3,2188758248682006 0,002784494658190485
перейти 0 0
перс 3,506557897319982 0,009100063747370194
персидский 1,5606477482646683 0,0027000826094544434
персоналия 0,07257069283483537 0,00031388707973544714
петь 3,2188758248682006 0,00556898931638097
печать 0 0
площадь 1,07880966137193 0,0009332263506677596
пн 0,127833371509885 0,0007740775091429022
победить 2,5257286443082556 0,002184886370508872
побывать 2,8134107167600364 0,002433746294775118
повернуть 4,605170185988092 0,003983711233553713
подборка 1,6094379124341003 0,002784494658190485
подражать 4,605170185988092 0,003983711233553713
подробный 0 0
поиск 0 0
политик 0 0
полководец 2,995732273553991 0,0025914639044584695
получение 2,5257286443082556 0,002184886370508872
получить 0 0
польза 3,506557897319982 0,0030333545824567315
помочь 0,127833371509885 0,0002211650026122578
помощь 0,127833371509885 0,00033174750391838664
понадобиться 3,912023005428146 0,0033841029458720985
попытка 2,407945608651872 0,0020829979313597507
поражение 2,8134107167600364 0,004867492589550236
портал 0 0
последний 0 0
посмотреть 0 0
поссорить 4,605170185988092 0,003983711233553713
постепенный 3,506557897319982 0,0030333545824567315
потерпеть 3,912023005428146 0,0033841029458720985
потеря 2,8134107167600364 0,002433746294775118
поход 2,407945608651872 0,0020829979313597507
править 0 0
правка 0 0
право 0,843970070294529 0,0014601558309593927
правопреемник 4,605170185988092 0,007967422467107426
православие 2,659260036932778 0,0023003979558242024
предлагать 0 0
предпринять 3,506557897319982 0,0030333545824567315
предыдущий 3,506557897319982 0,0030333545824567315
престол 2,995732273553991 0,0077743917133754085
прибегать 4,605170185988092 0,003983711233553713
прибывать 4,605170185988092 0,003983711233553713
проект 0 0
происхождение 1,7147984280919266 0,0029667792873562743
просить 3,912023005428146 0,0033841029458720985
противник 2,407945608651872 0,0020829979313597507
протяжение 2,302585092994046 0,0019918556167768564
проходить 1,5141277326297755 0,001309799076669356
раздел 0,9675840262617057 0,0008370104033405759
разработчик 0 0
ранний 1,8971199848858813 0,003282214506722978
распад 3,2188758248682006 0,002784494658190485
религия 0,083381608939051 0,00028851767798979583
реставрировать 4,605170185988092 0,003983711233553713
рим 2,5257286443082556 0,006554659111526614
римлянин 3,912023005428146 0,0033841029458720985
римский 2,407945608651872 0,0020829979313597507
родной 2,407945608651872 0,0020829979313597507
ромей 4,605170185988092 0,003983711233553713
ромейский 4,605170185988092 0,007967422467107426
рус 3,912023005428146 0,0033841029458720985
русский 0 0
русь 2,8134107167600364 0,007301238884325353
сабля 4,605170185988092 0,003983711233553713
сасанид 3,912023005428146 0,006768205891744197
сасанидский 4,605170185988092 0,007967422467107426
сведение 0 0
свежий 0 0
свергнуть 3,506557897319982 0,0030333545824567315
свободный 0 0
связать 0 0
святой 1,4696759700589417 0,007628075969164057
севериана 3,912023005428146 0,006768205891744197
сельджук 4,605170185988092 0,003983711233553713
сентябрь 0 0
сербия 2,5257286443082556 0,004369772741017744
сжигать 2,995732273553991 0,0025914639044584695
сила 0,9416085398584451 0,0008145402593931186
система 0 0
сицилия 3,506557897319982 0,006066709164913463
скончаться 2,995732273553991 0,0025914639044584695
скуфас 4,605170185988092 0,007967422467107426
славянин 3,506557897319982 0,0030333545824567315
следовать 1,4271163556401458 0,0012345297194118908
слоновый 4,605170185988092 0,003983711233553713
случай 0 0
случайный 0 0
смениться 4,605170185988092 0,003983711233553713
смерть 1,8325814637483102 0,001585278082827258
смог 2,995732273553991 0,0025914639044584695
смотреть 0 0
событие 0 0
содержание 0,1392620673335076 0,00012046891637846679
создать 0 0
солида 4,605170185988092 0,007967422467107426
сообщество 0 0
сохранение 0 0
список 0 0
спорт 0,083381608939051 0,00014425883899489792
средневековый 2,659260036932778 0,0023003979558242024
средневековье 2,8134107167600364 0,01216873147387559
среднее 2,120263536200091 0,0018341380070935043
ссылаться 0 0
ссылка 0 0
стамбул 3,2188758248682006 0,008353483974571455
старший 2,407945608651872 0,006248993794079252
статистик 0 0
стать 0,4620354595965586 0,00039968465363024105
статья 0 0
стена 4,605170185988092 0,003983711233553713
столетие 2,995732273553991 0,0025914639044584695
столица 0,7985076962177716 0,0006907506022645083
столпник 4,605170185988092 0,003983711233553713
страна 0,43078291609245434 0,0003726495813948567
страница 0 0
султан 3,912023005428146 0,0033841029458720985
суметь 3,912023005428146 0,006768205891744197
существовать 1,4271163556401458 0,0012345297194118908
считать 1,8325814637483102 0,001585278082827258
сын 1,6607312068216509 0,005746474764088757
сюд 0 0
текст 0 0
теория 1,8971199848858813 0,001641107253361489
территория 0,8675005677047231 0,0022512990511368244
техника 0,06187540371808745 0,00010705087148458037
течение 1,9661128563728327 0,0017007896681425889
течь 0 0
траянова 4,605170185988092 0,003983711233553713
труд 2,120263536200091 0,0018341380070935043
турбессель 4,605170185988092 0,007967422467107426
турок 3,2188758248682006 0,01113797863276194
убить 2,8134107167600364 0,002433746294775118
удар 2,8134107167600364 0,002433746294775118
узурпатор 4,605170185988092 0,007967422467107426
указатель 0 0
умести 4,605170185988092 0,003983711233553713
управда 4,605170185988092 0,003983711233553713
усиление 4,605170185988092 0,003983711233553713
условие 0 0
успешный 2,120263536200091 0,0018341380070935043
уступка 4,605170185988092 0,003983711233553713
утрачивать 4,605170185988092 0,003983711233553713
участие 0 0
участник 0 0
участница 1,7147984280919266 0,008900337862068822
февраль 0 0
феодот 4,605170185988092 0,007967422467107426
феопрепия 3,912023005428146 0,006768205891744197
философия 0,09431067947124142 0,00016316726552117891
флот 2,8134107167600364 0,002433746294775118
фок 4,605170185988092 0,011951133700661138
фока 4,605170185988092 0,003983711233553713
форум 0 0
французский 0,23572233352106994 0,00020391205321891863
халифат 3,506557897319982 0,009100063747370194
ход 1,6607312068216509 0,0014366186910221893
хоср 4,605170185988092 0,007967422467107426
хосров 4,605170185988092 0,003983711233553713
храм 1,2729656758128876 0,0022023627609219507
хх 1,2729656758128876 0,0011011813804609753
царить 4,605170185988092 0,003983711233553713
целый 1,7719568419318754 0,0015328346383493732
центенионалис 4,605170185988092 0,007967422467107426
церковь 1,4271163556401458 0,0024690594388237816
часть 0,5978370007556204 0,0010343200705114541
человек 1,1394342831883648 0,0009856697951456444
чешский 1,3862943611198906 0,0011992165753632272
читать 0 0
чръный 3,912023005428146 0,013536411783488394
чубин 4,605170185988092 0,003983711233553713
чудотворец 4,605170185988092 0,01593484493421485
шаблон 0 0
шурин 4,605170185988092 0,003983711233553713
экзарх 4,605170185988092 0,003983711233553713
экономика 0,7550225842780328 0,0026125348936956155
элемент 0,19845093872383823 0,0003433407244357063
энциклопедия 0 0
этап 2,407945608651872 0,0020829979313597507
юстиниан 4,605170185988092 0,01593484493421485
язык 0 0
якобы 3,912023005428146 0,0033841029458720985
