аватар 4,605170185988092 0,006177290658602404
август 0 0
ад 3,912023005428146 0,0052475157685152865
алфавит 0 0
америка 1,4271163556401458 0,0009571538267204197
американский 1,4271163556401458 0,0009571538267204197
амурский 4,605170185988092 0,006177290658602404
англ 1,0498221244986776 0,0007041060526483418
английский 0,37106368139083196 0,000248869001603509
антиохийский 4,605170185988092 0,012354581317204807
антиохия 4,605170185988092 0,012354581317204807
аполлон 3,912023005428146 0,026237578842576433
апрель 0 0
армия 1,7719568419318754 0,002376870344643696
аяна 3,912023005428146 0,0052475157685152865
барнаул 3,506557897319982 0,009407264647404377
барретта 4,605170185988092 0,006177290658602404
безмолвный 4,605170185988092 0,006177290658602404
безработица 4,605170185988092 0,006177290658602404
бессмертный 3,912023005428146 0,0026237578842576432
биологический 2,407945608651872 0,001614986994400987
бит 4,605170185988092 0,006177290658602404
битва 1,8971199848858813 0,002544761884488104
битник 4,605170185988092 0,006177290658602404
благодаря 1,8325814637483102 0,0012290955491269686
блудница 4,605170185988092 0,006177290658602404
боб 3,912023005428146 0,0052475157685152865
бобби 3,912023005428146 0,0052475157685152865
бомбардировщик 3,506557897319982 0,0047036323237021884
борисов 3,2188758248682006 0,00431774087842817
бостр 4,605170185988092 0,006177290658602404
бруни 3,912023005428146 0,0052475157685152865
брянск 4,605170185988092 0,006177290658602404
бубастис 4,605170185988092 0,006177290658602404
будущее 2,5257286443082556 0,057595421801797914
быстрый 2,659260036932778 0,0017835412722553843
вавилонский 3,506557897319982 0,0047036323237021884
вайсс 4,605170185988092 0,006177290658602404
ввиду 4,605170185988092 0,003088645329301202
великобритания 1,6607312068216509 0,0022276743216923553
версия 0 0
верть 4,605170185988092 0,006177290658602404
весна 4,605170185988092 0,006177290658602404
вечеря 4,605170185988092 0,006177290658602404
византийский 2,8134107167600364 0,003773857433615072
византия 2,995732273553991 0,004018420219388317
википедия 0 0
винни 3,912023005428146 0,0052475157685152865
виртуальный 3,912023005428146 0,007871273652772931
вклад 0 0
война 0,7133498878774648 0,0009568744304191345
волгоград 3,912023005428146 0,0052475157685152865
волна 2,995732273553991 0,004018420219388317
воскресение 3,912023005428146 0,0052475157685152865
восстание 2,0402208285265546 0,002736714726393769
временной 3,912023005428146 0,0052475157685152865
временный 4,605170185988092 0,012354581317204807
время 2,407945608651872 0,001614986994400987
вселенная 3,2188758248682006 0,00431774087842817
вуднить 4,605170185988092 0,006177290658602404
выбирать 3,912023005428146 0,0026237578842576432
га 3,2188758248682006 0,00431774087842817
галена 4,605170185988092 0,006177290658602404
гамбург 4,605170185988092 0,006177290658602404
гамла 4,605170185988092 0,006177290658602404
гаэс 4,605170185988092 0,006177290658602404
гигантский 3,912023005428146 0,0052475157685152865
гипотетический 4,605170185988092 0,003088645329301202
гнев 3,506557897319982 0,0047036323237021884
город 0,3424903089467759 0,0016079357227548165
городище 3,2188758248682006 0,00431774087842817
горький 3,2188758248682006 0,00431774087842817
господский 4,605170185988092 0,006177290658602404
господь 3,506557897319982 0,0047036323237021884
грета 4,605170185988092 0,006177290658602404
грешница 4,605170185988092 0,012354581317204807
гэс 3,912023005428146 0,010495031537030573
дал 2,407945608651872 0,001614986994400987
далья 0,3566749439387324 0,00023921860760478362
даниэль 3,2188758248682006 0,00431774087842817
два 0 0
декабрь 0 0
дело 2,120263536200091 0,0028440825435279557
демократический 1,9661128563728327 0,002637307654423652
детальный 4,605170185988092 0,003088645329301202
дион 4,605170185988092 0,006177290658602404
дмитровка 4,605170185988092 0,006177290658602404
добавить 1,0498221244986776 0,0014082121052966835
добролюбов 4,605170185988092 0,006177290658602404
донецк 4,605170185988092 0,012354581317204807
достичь 2,659260036932778 0,0017835412722553843
др 1,8971199848858813 0,002544761884488104
евангелион 3,912023005428146 0,010495031537030573
евхаристия 4,605170185988092 0,006177290658602404
екатеринбург 3,912023005428146 0,015742547305545862
жак 2,995732273553991 0,004018420219388317
жена 2,407945608651872 0,003229973988801974
жизнь 1,5606477482646683 0,0010467121048052773
журнал 0 0
загорский 3,912023005428146 0,0052475157685152865
занимать 1,4696759700589417 0,000985698169053616
заниматься 0 0
земля 1,2378743560016172 0,0016604619128123637
зло 3,912023005428146 0,0052475157685152865
змий 4,605170185988092 0,006177290658602404
знак 0 0
золотой 1,4696759700589417 0,001971396338107232
игра 1,5606477482646683 0,006280272628831664
иегова 3,912023005428146 0,0052475157685152865
избранный 0,083381608939051 0,0036909364117889776
избрать 0 0
известный 0,7765287894989963 0,0010416214480201158
изменение 0 0
изобилие 4,605170185988092 0,003088645329301202
изобретатель 2,659260036932778 0,0053506238167661535
ингрия 4,605170185988092 0,006177290658602404
индия 2,120263536200091 0,0028440825435279557
интеллект 4,605170185988092 0,006177290658602404
интервик 0,9675840262617057 0,0006489497158026196
иосиф 2,302585092994046 0,003088645329301202
ирландский 3,2188758248682006 0,00431774087842817
искать 0 0
искусственный 2,8134107167600364 0,00943464358403768
искушение 4,605170185988092 0,006177290658602404
использование 0 0
история 0 0
источник 0 0
июнь 0 0
йорк 2,8134107167600364 0,003773857433615072
калистратов 4,605170185988092 0,006177290658602404
камергерский 4,605170185988092 0,006177290658602404
кампанелла 4,605170185988092 0,006177290658602404
каракис 3,912023005428146 0,0052475157685152865
карл 1,9661128563728327 0,005274615308847304
картина 2,302585092994046 0,01544322664650601
категория 0 0
качество 1,5606477482646683 0,0010467121048052773
кв 2,995732273553991 0,004018420219388317
керриган 4,605170185988092 0,006177290658602404
киборгизация 4,605170185988092 0,003088645329301202
кинг 3,506557897319982 0,0047036323237021884
кислотный 4,605170185988092 0,006177290658602404
клод 3,912023005428146 0,0052475157685152865
книга 0 0
княжество 2,5257286443082556 0,0033879659883410537
код 0 0
колонизация 2,995732273553991 0,008036840438776635
конец 1,4271163556401458 0,0019143076534408395
константиновский 4,605170185988092 0,006177290658602404
константинополь 2,995732273553991 0,004018420219388317
континуум 4,605170185988092 0,003088645329301202
корабль 2,407945608651872 0,003229973988801974
крамский 4,605170185988092 0,006177290658602404
кривая 4,605170185988092 0,006177290658602404
крик 4,605170185988092 0,006177290658602404
кристина 2,995732273553991 0,004018420219388317
кубанский 4,605170185988092 0,006177290658602404
кузнецкий 4,605170185988092 0,006177290658602404
курск 4,605170185988092 0,006177290658602404
курцвейл 4,605170185988092 0,01853187197580721
легенда 2,995732273553991 0,004018420219388317
ленина 3,506557897319982 0,014110896971106568
лесничий 4,605170185988092 0,006177290658602404
лидер 2,407945608651872 0,006459947977603948
линия 1,8971199848858813 0,001272380942244052
личность 0,127833371509885 8,573666767933266E-05
лодка 2,5257286443082556 0,0033879659883410537
лори 4,605170185988092 0,006177290658602404
луна 2,659260036932778 0,0035670825445107686
лунь 3,912023005428146 0,0052475157685152865
лучший 0 0
магдалина 4,605170185988092 0,006177290658602404
магнетосопротивление 4,605170185988092 0,006177290658602404
май 0 0
малый 1,9661128563728327 0,005274615308847304
манхеттен 4,605170185988092 0,006177290658602404
марек 3,506557897319982 0,0047036323237021884
мариус 4,605170185988092 0,006177290658602404
мария 1,6607312068216509 0,0022276743216923553
маркс 3,2188758248682006 0,00863548175685634
марс 4,605170185988092 0,006177290658602404
марсианин 4,605170185988092 0,006177290658602404
март 0 0
маршалл 3,506557897319982 0,0047036323237021884
мас 3,912023005428146 0,0052475157685152865
материал 0 0
материальный 3,506557897319982 0,0023518161618510942
машина 3,2188758248682006 0,00431774087842817
медный 2,995732273553991 0,004018420219388317
место 0 0
миллиард 3,506557897319982 0,0047036323237021884
миноносец 4,605170185988092 0,024709162634409615
миро 0 0
множество 2,5257286443082556 0,0016939829941705268
мобильный 0 0
моира 4,605170185988092 0,006177290658602404
мой 0 0
молдавский 3,506557897319982 0,0047036323237021884
моногород 4,605170185988092 0,006177290658602404
морис 2,995732273553991 0,004018420219388317
москва 1,4271163556401458 0,0019143076534408395
мост 2,302585092994046 0,003088645329301202
мощный 3,506557897319982 0,0023518161618510942
навигация 0 0
нажать 0 0
название 0 0
найти 0 0
нанотехнология 4,605170185988092 0,003088645329301202
народ 1,4271163556401458 0,0019143076534408395
настолько 3,912023005428146 0,0026237578842576432
настоящий 1,6094379124341003 0,0010794352196070425
научный 1,6094379124341003 0,002158870439214085
находиться 0 0
некоммерческий 0 0
неограниченный 4,605170185988092 0,003088645329301202
нестор 3,506557897319982 0,0047036323237021884
нижний 3,2188758248682006 0,00431774087842817
ника 4,605170185988092 0,006177290658602404
нил 2,8134107167600364 0,003773857433615072
новгород 3,2188758248682006 0,00431774087842817
новопесчаный 4,605170185988092 0,006177290658602404
новый 0 0
ной 3,506557897319982 0,0047036323237021884
ноябрь 0 0
нью 2,659260036932778 0,0035670825445107686
обитель 4,605170185988092 0,006177290658602404
область 0,7765287894989963 0,0015624321720301738
обоснование 4,605170185988092 0,003088645329301202
обсуждение 0 0
обязательный 0 0
октябрь 0 0
описание 0 0
опытный 3,912023005428146 0,0052475157685152865
оранго 4,605170185988092 0,006177290658602404
организация 0 0
орр 4,605170185988092 0,006177290658602404
осада 2,8134107167600364 0,003773857433615072
османский 2,407945608651872 0,003229973988801974
основать 1,2729656758128876 0,000853766382168268
основной 0 0
остров 1,2039728043259361 0,0016149869944009874
ответственность 0 0
отдельный 0 0
отказ 0 0
отсутствовать 0,05129329438755048 3,440194123913513E-05
охрана 2,995732273553991 0,004018420219388317
панфиловец 3,912023005428146 0,0052475157685152865
патент 4,605170185988092 0,006177290658602404
первый 0 0
перейти 0 0
переулок 3,2188758248682006 0,00431774087842817
персоналия 0,07257069283483537 4,867249687111695E-05
песчаный 3,2188758248682006 0,00431774087842817
петербург 2,207274913189721 0,002960798005620015
петровка 4,605170185988092 0,006177290658602404
петрозаводск 3,912023005428146 0,0052475157685152865
печать 0 0
площадь 1,07880966137193 0,004341286363669739
поварской 4,605170185988092 0,006177290658602404
повитуха 4,605170185988092 0,006177290658602404
погребение 3,912023005428146 0,0052475157685152865
погружаться 4,605170185988092 0,006177290658602404
подземный 3,506557897319982 0,009407264647404377
подлинный 3,912023005428146 0,0052475157685152865
подробный 0 0
поиск 0 0
поколение 2,995732273553991 0,004018420219388317
поленов 4,605170185988092 0,006177290658602404
политик 0 0
полность 2,407945608651872 0,001614986994400987
получить 0 0
помощь 0,127833371509885 8,573666767933266E-05
помпей 2,995732273553991 0,004018420219388317
портал 0 0
последний 0 0
посмотреть 0 0
постчеловек 4,605170185988092 0,003088645329301202
появление 3,506557897319982 0,0023518161618510942
правительство 1,5606477482646683 0,0020934242096105546
править 0 0
правка 0 0
праздник 1,4271163556401458 0,0019143076534408395
превосходить 3,506557897319982 0,0023518161618510942
предлагать 0 0
присутствие 3,2188758248682006 0,00431774087842817
пришествие 3,506557897319982 0,0047036323237021884
прогноз 4,605170185988092 0,003088645329301202
прогресс 3,912023005428146 0,0052475157685152865
продление 3,912023005428146 0,0026237578842576432
проект 0 0
произойти 2,302585092994046 0,003088645329301202
проказник 4,605170185988092 0,006177290658602404
проспект 2,995732273553991 0,008036840438776635
пространственный 4,605170185988092 0,003088645329301202
пространство 2,995732273553991 0,0020092101096941587
противостояние 3,912023005428146 0,0052475157685152865
процесс 1,8325814637483102 0,0024581910982539373
пустыня 2,407945608651872 0,003229973988801974
пух 3,912023005428146 0,0052475157685152865
радикальный 3,506557897319982 0,0023518161618510942
разработчик 0 0
разум 3,912023005428146 0,0052475157685152865
ракетный 3,506557897319982 0,0047036323237021884
распознавание 4,605170185988092 0,003088645329301202
реалистичный 4,605170185988092 0,003088645329301202
реальность 3,912023005428146 0,0026237578842576432
реальный 2,995732273553991 0,004018420219388317
ребёнок 2,120263536200091 0,0028440825435279557
революция 2,120263536200091 0,0028440825435279557
республика 0,9416085398584451 0,0037891691744806645
республиканский 3,912023005428146 0,0052475157685152865
речь 3,2188758248682006 0,00431774087842817
рея 3,506557897319982 0,0047036323237021884
ришар 4,605170185988092 0,006177290658602404
родиться 0,8915981192837835 0,0005979866661863069
рождественский 3,2188758248682006 0,00431774087842817
роман 1,4696759700589417 0,003942792676214464
россия 0,7765287894989963 0,0010416214480201158
рубль 3,2188758248682006 0,00431774087842817
русский 0 0
рыцарь 3,2188758248682006 0,00863548175685634
рэймонд 4,605170185988092 0,01544322664650601
савский 3,912023005428146 0,0052475157685152865
садовый 4,605170185988092 0,006177290658602404
саломея 4,605170185988092 0,006177290658602404
самар 3,506557897319982 0,0047036323237021884
самосдельский 3,912023005428146 0,0052475157685152865
санкт 2,120263536200091 0,0028440825435279557
сара 3,506557897319982 0,0047036323237021884
сведение 0 0
свежий 0 0
света 2,0402208285265546 0,002736714726393769
свидетель 3,912023005428146 0,0052475157685152865
свободный 0 0
связать 0 0
северный 1,1086626245216111 0,0014871396707198002
селина 4,605170185988092 0,006177290658602404
семирадский 4,605170185988092 0,006177290658602404
сентябрь 0 0
серен 4,605170185988092 0,006177290658602404
серия 2,207274913189721 0,002960798005620015
сид 4,605170185988092 0,006177290658602404
сингапурский 4,605170185988092 0,006177290658602404
сингулярность 4,605170185988092 0,003088645329301202
синклер 4,605170185988092 0,006177290658602404
система 0 0
скиния 3,912023005428146 0,0052475157685152865
скотт 3,2188758248682006 0,00431774087842817
случай 0 0
случайный 0 0
смотреть 0 0
смочь 2,5257286443082556 0,005081948982511581
сновидение 4,605170185988092 0,006177290658602404
событие 0 0
советский 1,3470736479666094 0,0018069398363066524
согласно 1,8971199848858813 0,001272380942244052
создавать 2,120263536200091 0,004266123815291934
создать 0 0
солнце 2,8134107167600364 0,007547714867230144
сообщество 0 0
сор 3,912023005428146 0,0052475157685152865
сорок 3,506557897319982 0,0047036323237021884
сохранение 0 0
сошествие 4,605170185988092 0,006177290658602404
спаситель 3,2188758248682006 0,00431774087842817
список 0 0
среднеканский 4,605170185988092 0,006177290658602404
средство 1,9661128563728327 0,001318653827211826
ссылаться 0 0
ссылка 0 0
стамбул 3,2188758248682006 0,00431774087842817
старт 3,912023005428146 0,0052475157685152865
статистик 0 0
стать 0,4620354595965586 0,0003098829373551701
статья 0 0
стивен 3,912023005428146 0,010495031537030573
страница 0 0
страсть 3,912023005428146 0,0052475157685152865
стратегия 3,912023005428146 0,0052475157685152865
стрелок 3,2188758248682006 0,00431774087842817
су 3,912023005428146 0,010495031537030573
субкультура 4,605170185988092 0,006177290658602404
судебный 3,506557897319982 0,0047036323237021884
сша 0,9675840262617057 0,0006489497158026196
сюд 0 0
таганрог 4,605170185988092 0,006177290658602404
тайный 2,659260036932778 0,0035670825445107686
таран 3,912023005428146 0,0052475157685152865
театральный 2,995732273553991 0,004018420219388317
текст 0 0
телескоп 3,506557897319982 0,0047036323237021884
тело 2,120263536200091 0,00711020635881989
терраформирование 4,605170185988092 0,006177290658602404
тесс 4,605170185988092 0,006177290658602404
тест 4,605170185988092 0,006177290658602404
технический 2,659260036932778 0,0017835412722553843
технологический 3,912023005428146 0,013118789421288217
течь 0 0
тидус 4,605170185988092 0,006177290658602404
толстый 4,605170185988092 0,006177290658602404
томмазо 3,912023005428146 0,0052475157685152865
тоффлер 4,605170185988092 0,006177290658602404
трансгуманизм 4,605170185988092 0,006177290658602404
тунберг 4,605170185988092 0,006177290658602404
тушпа 4,605170185988092 0,006177290658602404
убедительный 4,605170185988092 0,003088645329301202
уильямс 3,2188758248682006 0,00431774087842817
указатель 0 0
улица 1,8971199848858813 0,038171428267321554
условие 0 0
усть 2,995732273553991 0,004018420219388317
утопия 4,605170185988092 0,006177290658602404
участие 0 0
участник 0 0
учитывать 4,605170185988092 0,003088645329301202
фантазия 3,912023005428146 0,0052475157685152865
февраль 0 0
февральский 4,605170185988092 0,006177290658602404
феноменальный 4,605170185988092 0,003088645329301202
фильм 1,6094379124341003 0,010794352196070426
форум 0 0
фреско 4,605170185988092 0,006177290658602404
футуролог 4,605170185988092 0,006177290658602404
футурология 4,605170185988092 0,009265935987903606
хаббла 3,912023005428146 0,0052475157685152865
характеризоваться 2,8134107167600364 0,001886928716807536
хокинг 3,912023005428146 0,0052475157685152865
хороший 0,7985076962177716 0,06051735055171576
храм 1,2729656758128876 0,001707532764336536
христов 3,912023005428146 0,0052475157685152865
христос 2,659260036932778 0,032103742900596914
царица 3,2188758248682006 0,00431774087842817
цитата 1,4271163556401458 0,0028714614801612593
часть 0,5978370007556204 0,0004009637832029647
чебоксарский 4,605170185988092 0,006177290658602404
человек 1,1394342831883648 0,0030568324163336414
человеческий 2,407945608651872 0,001614986994400987
человечество 2,5257286443082556 0,0016939829941705268
чернышевский 4,605170185988092 0,006177290658602404
читать 0 0
шаблон 0 0
шейкер 4,605170185988092 0,006177290658602404
шейлин 4,605170185988092 0,006177290658602404
шкала 3,912023005428146 0,0052475157685152865
штат 1,7147984280919266 0,001150099549357429
шумопонижение 4,605170185988092 0,012354581317204807
элвин 4,605170185988092 0,006177290658602404
энциклопедия 0 0
эребунь 3,912023005428146 0,0052475157685152865
эскадренный 4,605170185988092 0,024709162634409615
эфес 4,605170185988092 0,006177290658602404
юльевич 3,912023005428146 0,0052475157685152865
явление 2,407945608651872 0,006459947977603948
язык 0 0
як 4,605170185988092 0,006177290658602404
янг 3,2188758248682006 0,00431774087842817
японский 1,4696759700589417 0,001971396338107232
