абрам 3,506557897319982 0,0016170430700115203
абулгазиев 4,605170185988092 0,002123666214428449
август 0 0
августа 0,843970070294529 0,005643332266207364
аверина 4,605170185988092 0,0031854993216426735
авсеевич 4,605170185988092 0,002123666214428449
автоген 4,605170185988092 0,0010618331072142246
автодорога 3,912023005428146 0,0027060338981518186
автомобиль 2,995732273553991 0,001381476722874794
автомобильный 2,659260036932778 0,0018394697050491892
автономер 4,605170185988092 0,0010618331072142246
авторадио 4,605170185988092 0,002123666214428449
автуринский 4,605170185988092 0,002123666214428449
агеевич 4,605170185988092 0,002123666214428449
агеенко 4,605170185988092 0,0031854993216426735
агрогородка 4,605170185988092 0,0010618331072142246
агроусадьба 4,605170185988092 0,0010618331072142246
аджапуа 4,605170185988092 0,0031854993216426735
административный 0,7133498878774648 0,001315840235881881
адунка 4,605170185988092 0,0031854993216426735
аединова 4,605170185988092 0,0031854993216426735
азар 4,605170185988092 0,0031854993216426735
академия 2,120263536200091 0,0009777558386903809
акмолинский 4,605170185988092 0,002123666214428449
аксма 4,605170185988092 0,0031854993216426735
акт 2,8134107167600364 0,0012973994543509506
александр 1,3470736479666094 0,00465900500795461
александрович 1,6607312068216509 0,006126746439738625
александровна 2,659260036932778 0,0024526262733989192
алексеевич 1,8971199848858813 0,0017497071569157311
алексей 1,7719568419318754 0,0008171348129729654
алеся 4,605170185988092 0,002123666214428449
алфавит 0 0
анатолия 2,8134107167600364 0,0012973994543509506
анатольевич 2,995732273553991 0,001381476722874794
ангел 2,995732273553991 0,001381476722874794
английский 0,37106368139083196 0,0001711153707128577
анна 1,9661128563728327 0,0027200085631166695
антикоммунистический 4,605170185988092 0,002123666214428449
антонович 4,605170185988092 0,002123666214428449
апрель 0 0
арабский 0,38566248081198473 8,892379082591302E-05
арбитр 4,605170185988092 0,0010618331072142246
аркадиевич 4,605170185988092 0,002123666214428449
аркадий 3,506557897319982 0,0016170430700115203
армения 2,8134107167600364 0,0012973994543509506
армия 1,7719568419318754 0,002042837032432413
архив 0,3011050927839216 0,0001388540893631181
архитектура 1,1086626245216111 0,0015337735178993929
архитектурный 2,5257286443082556 0,00116473536744674
арынгаз 4,605170185988092 0,002123666214428449
аслан 4,605170185988092 0,0031854993216426735
аслана 4,605170185988092 0,002123666214428449
атна 4,605170185988092 0,002123666214428449
афанасьев 4,605170185988092 0,0031854993216426735
афрем 4,605170185988092 0,0031854993216426735
ахмад 3,506557897319982 0,0016170430700115203
аэродинамика 4,605170185988092 0,0031854993216426735
аэс 3,912023005428146 0,004510056496919697
базар 3,506557897319982 0,0016170430700115203
байнуть 4,605170185988092 0,002123666214428449
балаб 4,605170185988092 0,0031854993216426735
бассейн 3,506557897319982 0,0008085215350057602
бастион 4,605170185988092 0,0010618331072142246
батальон 3,2188758248682006 0,0014843789831073095
бгу 4,605170185988092 0,004247332428856898
бежать 3,2188758248682006 0,0007421894915536547
бек 3,506557897319982 0,0056596507450403215
бела 4,605170185988092 0,002123666214428449
белавенец 4,605170185988092 0,0031854993216426735
беларусь 4,605170185988092 0,033978659430855186
беларусьфильм 4,605170185988092 0,002123666214428449
белор 4,605170185988092 0,002123666214428449
белорус 3,912023005428146 0,0027060338981518186
белоруссия 2,659260036932778 0,16493911688607732
белорусский 2,659260036932778 0,029431515280787027
белорусь 4,605170185988092 0,002123666214428449
белый 1,6094379124341003 0,0007421894915536547
беть 4,605170185988092 0,002123666214428449
биг 3,912023005428146 0,0027060338981518186
битва 1,8971199848858813 0,0021871339461446634
богдан 3,912023005428146 0,0027060338981518186
боевой 1,8971199848858813 0,0008748535784578656
божий 2,407945608651872 0,0011104199255945917
бой 1,8971199848858813 0,0004374267892289328
болото 2,995732273553991 0,001381476722874794
большой 1,1086626245216111 0,0005112578392997976
борис 2,5257286443082556 0,00232947073489348
борисович 2,8134107167600364 0,0012973994543509506
борьба 1,8325814637483102 0,0008450917517861703
боярский 4,605170185988092 0,002123666214428449
браиловский 4,605170185988092 0,0031854993216426735
братский 3,506557897319982 0,0008085215350057602
брест 4,605170185988092 0,004247332428856898
брестский 4,605170185988092 0,002123666214428449
булат 3,912023005428146 0,0027060338981518186
бутин 4,605170185988092 0,0031854993216426735
вадима 2,995732273553991 0,001381476722874794
валентинович 3,506557897319982 0,0016170430700115203
валерий 2,995732273553991 0,001381476722874794
валерьевна 3,912023005428146 0,0018040225987678792
валюта 1,5141277326297755 0,0003491186840280783
варшавский 3,912023005428146 0,0009020112993839396
василий 1,8325814637483102 0,0016901835035723406
васильевич 1,8325814637483102 0,004225458758930851
вауль 4,605170185988092 0,002123666214428449
введение 1,3470736479666094 0,00031060033386364063
век 0,5108256237659907 0,00035334952070508927
великий 1,0216512475319812 0,0009422653885469046
великое 2,8134107167600364 0,0012973994543509506
велодвижение 4,605170185988092 0,002123666214428449
вениаминович 4,605170185988092 0,002123666214428449
вениаминовна 4,605170185988092 0,002123666214428449
версия 0 0
верховный 2,407945608651872 0,0011104199255945917
взять 2,407945608651872 0,0005552099627972959
википедия 0 0
викисклад 0,5798184952529422 0,0002673822897177506
викисловарь 1,4271163556401458 0,0003290561115149057
викитек 1,1394342831883648 0,0002627240680628003
викицитатник 0,9675840262617057 0,00022309984465337924
виктор 1,9661128563728327 0,0018133390420777798
викторович 2,207274913189721 0,0010178809837167264
викторовна 2,995732273553991 0,001381476722874794
виталия 3,506557897319982 0,0016170430700115203
витебск 4,605170185988092 0,002123666214428449
витебский 4,605170185988092 0,004247332428856898
вклад 0 0
включаться 4,605170185988092 0,0010618331072142246
владелец 3,2188758248682006 0,0007421894915536547
владимир 1,2378743560016172 0,0017125308130066183
владимирович 2,0402208285265546 0,004704221416939254
владимировна 2,8134107167600364 0,0012973994543509506
владислав 3,506557897319982 0,0016170430700115203
вмест 1,8971199848858813 0,0004374267892289328
внешний 1,3862943611198906 0,0019178616939634179
внутренний 2,120263536200091 0,002444389596725952
внутри 2,995732273553991 0,000690738361437397
водохранилище 2,8134107167600364 0,0012973994543509506
военачальник 2,407945608651872 0,0005552099627972959
военный 1,0498221244986776 0,0012103091128645117
возвышенность 3,506557897319982 0,0016170430700115203
воздушный 2,0402208285265546 0,0009408442833878509
возобновлять 3,912023005428146 0,0018040225987678792
воинский 2,659260036932778 0,0018394697050491892
война 0,7133498878774648 0,0009868801769114107
войско 1,7719568419318754 0,002451404438918896
войсо 4,605170185988092 0,002123666214428449
волк 2,8134107167600364 0,0019460991815264258
волчка 4,605170185988092 0,0031854993216426735
вопь 3,912023005428146 0,0018040225987678792
воронеж 3,506557897319982 0,0032340861400230406
воронежско 3,912023005428146 0,0018040225987678792
воронин 4,605170185988092 0,0031854993216426735
ворошиловградский 3,912023005428146 0,0009020112993839396
восстание 2,0402208285265546 0,0009408442833878509
восток 0,7985076962177716 0,0005523456510614053
восточный 0,9162907318741551 0,0019014564415188832
всемирный 1,6607312068216509 0,0015316866099346562
второй 1,2378743560016172 0,0008562654065033091
вуз 2,995732273553991 0,000690738361437397
вурдалак 4,605170185988092 0,002123666214428449
вход 3,912023005428146 0,0018040225987678792
выбор 2,120263536200091 0,0019555116773807618
вынудить 2,302585092994046 0,0005309165536071123
высокий 1,8971199848858813 0,0004374267892289328
выступить 2,995732273553991 0,000690738361437397
высший 2,302585092994046 0,0015927496608213367
выход 1,8325814637483102 0,0008450917517861703
вьетнамский 1,6094379124341003 0,0003710947457768274
гагарина 3,912023005428146 0,0027060338981518186
галас 4,605170185988092 0,004247332428856898
гарбуз 4,605170185988092 0,0031854993216426735
гендергенский 4,605170185988092 0,002123666214428449
генерал 1,8325814637483102 0,0021127293794654255
геннадия 2,995732273553991 0,001381476722874794
генрих 2,5257286443082556 0,00116473536744674
географический 2,302585092994046 0,0015927496608213367
география 0,083381608939051 0,00015380513523458798
гера 1,9661128563728327 0,0013600042815583348
герб 0,7133498878774648 0,001151360206396646
героический 3,506557897319982 0,0016170430700115203
гидроэлектростанция 4,605170185988092 0,0010618331072142246
гимн 1,2378743560016172 0,0011416872086710789
гинзбург 4,605170185988092 0,0031854993216426735
глубокий 2,8134107167600364 0,0012973994543509506
глубокский 4,605170185988092 0,002123666214428449
гнездо 4,605170185988092 0,002123666214428449
год 0,6348782724359695 0,0005855460202314684
голубь 3,506557897319982 0,0016170430700115203
гомель 4,605170185988092 0,004247332428856898
гомельский 4,605170185988092 0,002123666214428449
гор 1,5141277326297755 0,0013964747361123132
горбун 3,912023005428146 0,0018040225987678792
город 0,3424903089467759 0,0008686634536348939
городской 2,120263536200091 0,0009777558386903809
госпиталь 4,605170185988092 0,002123666214428449
государственный 0,7765287894989963 0,002685711746019125
государство 0,6733445532637655 0,00031051166855603667
гофман 3,912023005428146 0,0027060338981518186
грамота 3,506557897319982 0,0016170430700115203
граница 1,4271163556401458 0,0006581122230298114
граничить 1,1394342831883648 0,0002627240680628003
греко 3,506557897319982 0,0016170430700115203
григорь 4,605170185988092 0,002123666214428449
гродненский 4,605170185988092 0,005309165536071122
гродно 4,605170185988092 0,004247332428856898
грузовой 4,605170185988092 0,002123666214428449
группа 1,4696759700589417 0,0003388692575648932
группировка 3,506557897319982 0,0008085215350057602
гулевич 4,605170185988092 0,002123666214428449
давидович 3,506557897319982 0,0016170430700115203
давыдович 4,605170185988092 0,002123666214428449
далья 0,3566749439387324 0,00016448002948523513
данный 0,1508228897345837 3,4775856521693264E-05
дарья 3,912023005428146 0,0018040225987678792
дата 2,302585092994046 0,0010618331072142246
датироваться 4,605170185988092 0,0010618331072142246
два 0 0
движение 1,6094379124341003 0,0007421894915536547
дворец 1,9661128563728327 0,0013600042815583348
дворцовый 3,912023005428146 0,0018040225987678792
дебир 4,605170185988092 0,0031854993216426735
девочка 3,2188758248682006 0,0014843789831073095
действие 1,8325814637483102 0,0008450917517861703
действовать 2,120263536200091 0,0004888779193451904
декабрь 0 0
деление 0,9675840262617057 0,0015616989125736547
делиться 2,995732273553991 0,000690738361437397
деловой 4,605170185988092 0,0010618331072142246
демократ 3,912023005428146 0,0018040225987678792
денис 3,506557897319982 0,0024255646050172805
деревня 1,8325814637483102 0,0008450917517861703
детский 2,659260036932778 0,0012263131366994596
деятель 1,5141277326297755 0,0006982373680561566
джемал 4,605170185988092 0,002123666214428449
джемалович 4,605170185988092 0,002123666214428449
дзержинский 3,912023005428146 0,0018040225987678792
диаспора 3,912023005428146 0,0018040225987678792
динабургский 4,605170185988092 0,002123666214428449
динамо 3,2188758248682006 0,0014843789831073095
династия 2,0402208285265546 0,0009408442833878509
длинный 2,995732273553991 0,000690738361437397
дмитриевич 3,2188758248682006 0,004453136949321928
дмитриевна 3,506557897319982 0,0016170430700115203
дмитрия 2,120263536200091 0,0029332675160711427
днепр 3,2188758248682006 0,0007421894915536547
добрушский 4,605170185988092 0,0010618331072142246
догалский 4,605170185988092 0,002123666214428449
доисторический 2,659260036932778 0,0006131565683497298
долгий 2,995732273553991 0,001381476722874794
должность 2,5257286443082556 0,00116473536744674
долухановы 4,605170185988092 0,002123666214428449
доминик 2,995732273553991 0,001381476722874794
домрачев 3,912023005428146 0,0018040225987678792
дорога 1,5606477482646683 0,0035984499614126544
достопримечательность 1,7147984280919266 0,000790776309934022
древнейший 2,407945608651872 0,0005552099627972959
дружба 2,995732273553991 0,002072215084312191
дылевский 4,605170185988092 0,0031854993216426735
евгенья 2,0402208285265546 0,0009408442833878509
евдокимович 4,605170185988092 0,002123666214428449
еврей 2,659260036932778 0,0006131565683497298
евровидение 3,506557897319982 0,0032340861400230406
европа 0,8915981192837835 0,0012334767617483747
евсеевич 3,506557897319982 0,0032340861400230406
егорович 4,605170185988092 0,002123666214428449
единственный 1,3470736479666094 0,00031060033386364063
ежегодный 2,8134107167600364 0,0006486997271754753
елена 2,407945608651872 0,0011104199255945917
емельянович 3,912023005428146 0,0018040225987678792
ефремович 4,605170185988092 0,002123666214428449
железный 1,7147984280919266 0,002372328929802066
животное 2,407945608651872 0,0005552099627972959
жилищный 4,605170185988092 0,002123666214428449
жлобин 4,605170185988092 0,002123666214428449
журнал 0 0
журналистский 3,912023005428146 0,0009020112993839396
завальнюк 4,605170185988092 0,0031854993216426735
заведение 2,995732273553991 0,000690738361437397
завершить 3,912023005428146 0,0009020112993839396
загрязнение 4,605170185988092 0,002123666214428449
закладной 4,605170185988092 0,0010618331072142246
замковый 4,605170185988092 0,0010618331072142246
замок 2,5257286443082556 0,0069884122046804395
заниматься 0 0
запад 0,9162907318741551 0,00042254587589308514
западный 0,9942522733438669 0,0009169954100473756
заповедник 2,302585092994046 0,0005309165536071123
запрос 0,1165338162559516 5,373936650032355E-05
запуск 4,605170185988092 0,002123666214428449
засеять 4,605170185988092 0,0010618331072142246
заслужить 3,2188758248682006 0,0007421894915536547
захватить 2,407945608651872 0,0005552099627972959
захоронение 3,2188758248682006 0,0007421894915536547
защитник 3,2188758248682006 0,0007421894915536547
звание 2,407945608651872 0,0016656298883918872
здравоохранение 2,207274913189721 0,0010178809837167264
земский 4,605170185988092 0,002123666214428449
змест 4,605170185988092 0,004247332428856898
знаете 0,06187540371808745 1,426686735487375E-05
знак 0 0
значение 1,9661128563728327 0,0009066695210388899
зоопарк 3,506557897319982 0,0016170430700115203
зубареть 4,605170185988092 0,0031854993216426735
иван 1,7719568419318754 0,004085674064864826
иванов 3,506557897319982 0,0024255646050172805
иванович 1,6094379124341003 0,005937515932429238
ивацевич 4,605170185988092 0,002123666214428449
ивкович 4,605170185988092 0,0031854993216426735
игоревич 3,912023005428146 0,0018040225987678792
игорь 2,5257286443082556 0,00232947073489348
игра 1,5606477482646683 0,0003598449961412655
идельсон 4,605170185988092 0,0031854993216426735
иероним 4,605170185988092 0,002123666214428449
избранный 0,083381608939051 9,612820952161746E-05
избрать 0 0
известный 0,7765287894989963 0,00017904744973460833
изменение 0 0
изображение 0,06187540371808745 1,426686735487375E-05
икона 2,8134107167600364 0,0012973994543509506
илла 1,3862943611198906 0,00031964361566056966
ильин 4,605170185988092 0,0031854993216426735
ильич 2,5257286443082556 0,0017471030511701099
илья 2,995732273553991 0,004144430168624382
иметь 0,616186139423817 0,00028415316551709335
иметься 1,4271163556401458 0,0009871683345447169
император 2,207274913189721 0,0010178809837167264
империя 1,2039728043259361 0,0016656298883918877
индекс 2,659260036932778 0,0006131565683497298
индивидуальный 2,995732273553991 0,001381476722874794
интернет 1,6607312068216509 0,0015316866099346562
информатика 4,605170185988092 0,002123666214428449
информация 1,5606477482646683 0,0003598449961412655
иоанна 2,8134107167600364 0,0012973994543509506
иоаннович 4,605170185988092 0,002123666214428449
иосиф 2,302585092994046 0,0010618331072142246
исидор 3,2188758248682006 0,0014843789831073095
искать 0 0
искусство 0,083381608939051 0,00015380513523458798
ислам 1,7147984280919266 0,000790776309934022
исландия 3,912023005428146 0,0018040225987678792
исмаил 3,506557897319982 0,0016170430700115203
испанский 0,49429632181478017 0,00011397194415835375
использование 0 0
исследователь 2,659260036932778 0,0012263131366994596
исторический 1,2378743560016172 0,0008562654065033091
история 0 0
источник 0 0
исчезновение 3,912023005428146 0,0018040225987678792
итальянский 0,7339691750802005 0,00016923430368462084
иудаизм 2,995732273553991 0,000690738361437397
июль 0,9162907318741551 0,004014185820984308
июнь 0 0
казнь 3,506557897319982 0,0032340861400230406
казючица 4,605170185988092 0,0031854993216426735
кайсар 4,605170185988092 0,0031854993216426735
канал 2,407945608651872 0,0011104199255945917
кандалинцовый 4,605170185988092 0,0031854993216426735
капич 4,605170185988092 0,0031854993216426735
карл 1,9661128563728327 0,0013600042815583348
кармашов 4,605170185988092 0,0031854993216426735
катастрофа 2,5257286443082556 0,00116473536744674
категория 0 0
католицизм 2,995732273553991 0,001381476722874794
католический 2,995732273553991 0,000690738361437397
кв 2,995732273553991 0,000690738361437397
квинтфабиймаксим 4,605170185988092 0,002123666214428449
кг 3,2188758248682006 0,002226568474660964
керемецкий 4,605170185988092 0,0031854993216426735
киевский 3,2188758248682006 0,0014843789831073095
киевщина 4,605170185988092 0,0031854993216426735
километр 2,5257286443082556 0,00058236768372337
кинематограф 1,5141277326297755 0,0003491186840280783
кино 2,5257286443082556 0,00058236768372337
китай 1,8971199848858813 0,0004374267892289328
китайский 1,171182981502945 0,0005400889930841342
клуб 1,7719568419318754 0,0016342696259459308
км 0,8209805520698303 0,0005678906285933804
книга 0 0
княжество 2,5257286443082556 0,0034942061023402198
князь 2,407945608651872 0,0005552099627972959
код 0 0
количество 2,120263536200091 0,0004888779193451904
колледж 3,2188758248682006 0,004453136949321928
команда 2,207274913189721 0,0005089404918583632
командовать 2,8134107167600364 0,0006486997271754753
комендант 4,605170185988092 0,002123666214428449
коммунист 3,506557897319982 0,0008085215350057602
комплекс 1,8971199848858813 0,0008748535784578656
композиция 3,2188758248682006 0,007421894915536547
конец 1,4271163556401458 0,0003290561115149057
конституция 1,2729656758128876 0,0005870259053783203
контрудар 3,2188758248682006 0,0014843789831073095
костюм 2,8134107167600364 0,0006486997271754753
кравцовы 4,605170185988092 0,002123666214428449
край 1,9661128563728327 0,0009066695210388899
красный 0,7765287894989963 0,0007161897989384333
крепость 1,9661128563728327 0,0009066695210388899
креститель 3,506557897319982 0,0016170430700115203
крещение 3,506557897319982 0,0016170430700115203
крокодил 4,605170185988092 0,002123666214428449
крупнейший 1,2039728043259361 0,0005552099627972959
крупный 1,4271163556401458 0,0006581122230298114
кузнец 3,2188758248682006 0,0014843789831073095
культура 0,3566749439387324 0,0004934400884557054
культурный 1,5141277326297755 0,0006982373680561566
курбанназар 4,605170185988092 0,002123666214428449
лавринович 4,605170185988092 0,0031854993216426735
лагерь 3,2188758248682006 0,0007421894915536547
латвия 4,605170185988092 0,005309165536071122
лев 2,659260036932778 0,0012263131366994596
ледовый 4,605170185988092 0,002123666214428449
лейбман 4,605170185988092 0,0031854993216426735
лемещенко 4,605170185988092 0,0031854993216426735
леонид 2,8134107167600364 0,0012973994543509506
леонидович 3,506557897319982 0,0016170430700115203
леонович 4,605170185988092 0,0031854993216426735
леонтьева 4,605170185988092 0,002123666214428449
лесной 3,506557897319982 0,0016170430700115203
летие 2,995732273553991 0,000690738361437397
лига 2,8134107167600364 0,0006486997271754753
лизюки 3,506557897319982 0,0008085215350057602
линия 1,8971199848858813 0,0026245607353735964
липович 4,605170185988092 0,002123666214428449
лис 4,605170185988092 0,002123666214428449
литва 3,912023005428146 0,005412067796303637
литература 1,1086626245216111 0,0020450313571991905
литовский 3,912023005428146 0,0036080451975357584
лицо 2,8134107167600364 0,0012973994543509506
личность 0,127833371509885 2,9475068367508647E-05
ломаный 4,605170185988092 0,0031854993216426735
лукашенко 4,605170185988092 0,004247332428856898
лучший 0 0
лысый 4,605170185988092 0,0010618331072142246
львович 4,605170185988092 0,002123666214428449
любитель 3,2188758248682006 0,0007421894915536547
любич 4,605170185988092 0,002123666214428449
людмила 3,2188758248682006 0,0014843789831073095
магазинник 4,605170185988092 0,0031854993216426735
магистраль 3,912023005428146 0,007216090395071517
маз 4,605170185988092 0,002123666214428449
май 0 0
маймин 3,2188758248682006 0,0014843789831073095
майор 2,5257286443082556 0,00116473536744674
майртупский 4,605170185988092 0,002123666214428449
майсурадзе 4,605170185988092 0,0031854993216426735
македония 3,2188758248682006 0,0014843789831073095
максима 2,0402208285265546 0,0018816885667757017
малинин 4,605170185988092 0,0031854993216426735
мамаев 4,605170185988092 0,006370998643285347
манжурин 4,605170185988092 0,0031854993216426735
маргушин 4,605170185988092 0,0031854993216426735
мария 1,6607312068216509 0,0007658433049673281
марк 1,3862943611198906 0,0009589308469817089
марка 1,3470736479666094 0,00031060033386364063
марквард 4,605170185988092 0,0031854993216426735
март 0 0
марта 0,3566749439387324 0,003207360574962085
марьиногорский 4,605170185988092 0,002123666214428449
массовый 2,0402208285265546 0,00047042214169392544
мастер 2,5257286443082556 0,0017471030511701099
матвеевич 3,506557897319982 0,0016170430700115203
математика 2,659260036932778 0,0012263131366994596
материал 0 0
матч 2,407945608651872 0,0011104199255945917
мать 2,207274913189721 0,0010178809837167264
международный 0,9942522733438669 0,0013754931150710631
межрегиональный 4,605170185988092 0,002123666214428449
мелик 4,605170185988092 0,005309165536071122
ментальность 4,605170185988092 0,002123666214428449
меринс 4,605170185988092 0,0031854993216426735
местнический 4,605170185988092 0,002123666214428449
местничество 4,605170185988092 0,002123666214428449
место 0 0
метр 2,407945608651872 0,0016656298883918872
мечиславович 4,605170185988092 0,002123666214428449
министр 2,120263536200091 0,0004888779193451904
минск 4,605170185988092 0,024422161465927166
минский 3,912023005428146 0,014432180790143034
минь 4,605170185988092 0,002123666214428449
миро 0 0
мисс 2,995732273553991 0,001381476722874794
михаил 1,5606477482646683 0,005037829945977717
михайлович 1,7719568419318754 0,002451404438918896
михайловна 3,2188758248682006 0,0014843789831073095
млн 1,8325814637483102 0,00042254587589308514
многое 2,995732273553991 0,000690738361437397
мобильный 0 0
могила 2,5257286443082556 0,00058236768372337
мозаика 3,912023005428146 0,0009020112993839396
моисей 2,995732273553991 0,001381476722874794
мой 0 0
молодой 2,5257286443082556 0,00116473536744674
молотов 4,605170185988092 0,002123666214428449
молятич 4,605170185988092 0,002123666214428449
мома 4,605170185988092 0,002123666214428449
монета 2,5257286443082556 0,0029118384186168494
морг 4,605170185988092 0,002123666214428449
мордухович 4,605170185988092 0,0031854993216426735
море 1,1394342831883648 0,0007881722041884008
мороз 2,659260036932778 0,0024526262733989192
москва 1,4271163556401458 0,0009871683345447169
московский 2,207274913189721 0,0025447024592918158
моча 0,16251892949777494 3,747266070965528E-05
музей 1,3093333199837622 0,000603796781177663
музыка 1,2729656758128876 0,002054590668824121
мулла 4,605170185988092 0,0031854993216426735
мураг 4,605170185988092 0,002123666214428449
мурад 4,605170185988092 0,0031854993216426735
мухаммад 3,2188758248682006 0,0014843789831073095
мухин 4,605170185988092 0,0031854993216426735
мухтар 4,605170185988092 0,002123666214428449
мышал 4,605170185988092 0,0031854993216426735
мядельско 4,605170185988092 0,0031854993216426735
мятеж 3,506557897319982 0,0016170430700115203
н 1,4696759700589417 0,0006777385151297864
навигация 0 0
награда 1,3470736479666094 0,0006212006677272813
нажать 0 0
название 0 0
называться 1,9661128563728327 0,00045333476051944495
найти 0 0
наносить 3,912023005428146 0,0009020112993839396
народный 1,8325814637483102 0,0012676376276792554
нарочанский 4,605170185988092 0,002123666214428449
нарочь 4,605170185988092 0,002123666214428449
население 0,5108256237659907 0,001413398082820357
наследие 1,5606477482646683 0,001439379984565062
наставник 4,605170185988092 0,002123666214428449
наступать 3,2188758248682006 0,0007421894915536547
наталья 2,659260036932778 0,0012263131366994596
наука 0,05129329438755048 0,00011826906706836633
находиться 0 0
национальный 0,7550225842780328 0,0008704433759257929
нация 1,9661128563728327 0,0009066695210388899
начать 0,38566248081198473 0,0013338568623886952
начаться 2,207274913189721 0,0005089404918583632
начинать 0,1508228897345837 6,955171304338653E-05
неделя 1,5141277326297755 0,0013964747361123132
независимость 1,5141277326297755 0,0006982373680561566
независимый 2,207274913189721 0,0005089404918583632
неизвестный 3,2188758248682006 0,0007421894915536547
некоммерческий 0 0
неманский 4,605170185988092 0,002123666214428449
немецкий 0,5108256237659907 0,00035334952070508927
непроверенный 1,9661128563728327 0,0009066695210388899
несвиж 4,605170185988092 0,0010618331072142246
несвижский 4,605170185988092 0,006370998643285347
несколький 2,659260036932778 0,0006131565683497298
несуществующий 3,912023005428146 0,0009020112993839396
неудача 4,605170185988092 0,002123666214428449
нефть 3,912023005428146 0,0018040225987678792
нидерланд 2,207274913189721 0,0010178809837167264
низкий 2,8134107167600364 0,0006486997271754753
низменность 3,912023005428146 0,0018040225987678792
николаевич 1,5606477482646683 0,001439379984565062
николаевна 3,506557897319982 0,0016170430700115203
николай 1,5141277326297755 0,005585898944449253
нилович 4,605170185988092 0,002123666214428449
нина 3,912023005428146 0,0018040225987678792
новгородский 4,605170185988092 0,002123666214428449
новейший 3,912023005428146 0,0009020112993839396
новосел 4,605170185988092 0,002123666214428449
новость 1,4271163556401458 0,0003290561115149057
новый 0 0
номер 3,2188758248682006 0,0007421894915536547
нос 4,605170185988092 0,0031854993216426735
ноябрь 0 0
нп 3,912023005428146 0,0009020112993839396
оац 4,605170185988092 0,0010618331072142246
областной 2,995732273553991 0,000690738361437397
область 0,7765287894989963 0,00537142349203825
оборона 2,302585092994046 0,0015927496608213367
оборонительный 2,995732273553991 0,001381476722874794
образование 0,7339691750802005 0,0008461715184231041
обсуждение 0 0
общенародный 4,605170185988092 0,0010618331072142246
общение 3,506557897319982 0,0008085215350057602
общественный 2,302585092994046 0,0005309165536071123
общество 0,07257069283483537 8,366462166801403E-05
объединение 2,207274913189721 0,0005089404918583632
объект 1,6607312068216509 0,00038292165248366404
обычай 3,506557897319982 0,0008085215350057602
обязанность 2,995732273553991 0,001381476722874794
обязательный 0 0
огла 4,605170185988092 0,002123666214428449
одежда 2,995732273553991 0,000690738361437397
один 0,843970070294529 0,0001945976643519781
одновременный 2,995732273553991 0,000690738361437397
озеро 1,8325814637483102 0,0038029128830377665
оксана 4,605170185988092 0,002123666214428449
октябрь 0 0
олег 2,407945608651872 0,0011104199255945917
олимпиада 2,8134107167600364 0,0006486997271754753
олимпийский 1,7719568419318754 0,0008171348129729654
операция 1,9661128563728327 0,0027200085631166695
описание 0 0
орган 1,9661128563728327 0,00045333476051944495
организация 0 0
осман 2,995732273553991 0,001381476722874794
основа 1,8971199848858813 0,0008748535784578656
основной 0 0
остальной 2,995732273553991 0,000690738361437397
останка 2,995732273553991 0,000690738361437397
ответственность 0 0
отдельный 0 0
отдых 3,506557897319982 0,0008085215350057602
отечественный 2,0402208285265546 0,0009408442833878509
отказ 0 0
отношение 1,4696759700589417 0,0016943462878244657
отсутствие 3,2188758248682006 0,0014843789831073095
отсутствовать 0,05129329438755048 0,00022471122742989604
официальный 1,07880966137193 0,00024874559865619783
оценивание 0,1508228897345837 6,955171304338653E-05
ошибка 1,7147984280919266 0,000395388154967011
павлович 2,407945608651872 0,0011104199255945917
падяк 4,605170185988092 0,0031854993216426735
палата 2,8134107167600364 0,0012973994543509506
памир 4,605170185988092 0,002123666214428449
памятник 1,2039728043259361 0,0016656298883918877
панкрат 4,605170185988092 0,0031854993216426735
панфилович 4,605170185988092 0,002123666214428449
парк 1,6094379124341003 0,0003710947457768274
парламент 1,4271163556401458 0,0003290561115149057
парок 3,2188758248682006 0,0007421894915536547
партия 1,8325814637483102 0,0008450917517861703
пво 4,605170185988092 0,002123666214428449
педагог 4,605170185988092 0,006370998643285347
пенитенциарный 4,605170185988092 0,002123666214428449
первый 0 0
перезахоронить 3,506557897319982 0,0008085215350057602
перейти 0 0
переправа 3,912023005428146 0,0009020112993839396
перестроить 3,912023005428146 0,0009020112993839396
перестройка 4,605170185988092 0,0010618331072142246
персоналия 0,07257069283483537 6,693169733441123E-05
петров 2,995732273553991 0,002072215084312191
петрович 2,407945608651872 0,0027760498139864785
пехлецкий 4,605170185988092 0,002123666214428449
печать 0 0
печенье 4,605170185988092 0,0010618331072142246
пика 3,2188758248682006 0,0007421894915536547
пинск 4,605170185988092 0,0031854993216426735
писатель 2,207274913189721 0,002035761967433453
письмо 3,912023005428146 0,0018040225987678792
плакать 3,912023005428146 0,0018040225987678792
планировать 3,912023005428146 0,0018040225987678792
платный 4,605170185988092 0,002123666214428449
племенной 3,912023005428146 0,0018040225987678792
плита 3,912023005428146 0,0009020112993839396
площадь 1,07880966137193 0,0009949823946247913
пн 0,127833371509885 0,0001473753418375432
повидло 4,605170185988092 0,0010618331072142246
погибнуть 1,9661128563728327 0,00045333476051944495
погоня 3,912023005428146 0,0018040225987678792
подольский 4,605170185988092 0,002123666214428449
подполье 3,912023005428146 0,0018040225987678792
подробный 0 0
поиск 0 0
показать 1,2729656758128876 0,0005870259053783203
поколение 2,995732273553991 0,001381476722874794
покровский 2,995732273553991 0,000690738361437397
политик 0 0
политический 1,2039728043259361 0,0008328149441959438
полковник 2,8134107167600364 0,0012973994543509506
полный 1,6094379124341003 0,0007421894915536547
полоцкий 4,605170185988092 0,004247332428856898
полупанов 4,605170185988092 0,0031854993216426735
получить 0 0
польский 1,2729656758128876 0,00029351295268916015
польша 2,995732273553991 0,003453691807186985
помочь 0,127833371509885 2,9475068367508647E-05
помощь 0,127833371509885 2,9475068367508647E-05
портал 0 0
португальский 0,49429632181478017 0,00011397194415835375
посиделка 4,605170185988092 0,0031854993216426735
последний 0 0
посмотреть 0 0
посполить 3,912023005428146 0,0036080451975357584
пост 3,506557897319982 0,0016170430700115203
построить 1,4696759700589417 0,0006777385151297864
потреблять 4,605170185988092 0,0010618331072142246
почта 1,6094379124341003 0,0007421894915536547
почтовый 1,5606477482646683 0,0003598449961412655
поэма 3,2188758248682006 0,002226568474660964
поэт 1,8971199848858813 0,0017497071569157311
правитель 2,659260036932778 0,0024526262733989192
правительство 1,5606477482646683 0,0003598449961412655
править 0 0
правка 0 0
право 0,843970070294529 0,0003891953287039562
правовой 2,8134107167600364 0,0012973994543509506
православие 2,659260036932778 0,0012263131366994596
праздник 1,4271163556401458 0,0019743366690894337
праздновать 3,2188758248682006 0,0007421894915536547
предлагать 0 0
предложить 2,407945608651872 0,0005552099627972959
предпринимательство 4,605170185988092 0,0010618331072142246
представитель 2,120263536200091 0,0009777558386903809
представлять 1,6607312068216509 0,00038292165248366404
прежде 2,659260036932778 0,0006131565683497298
президент 1,3093333199837622 0,001811390343532989
преследование 2,995732273553991 0,001381476722874794
пресс 3,506557897319982 0,0016170430700115203
преступность 3,506557897319982 0,0016170430700115203
претендент 3,912023005428146 0,0036080451975357584
пригодиться 4,605170185988092 0,0010618331072142246
прикладной 3,912023005428146 0,0018040225987678792
приключение 3,506557897319982 0,0016170430700115203
примерно 2,407945608651872 0,0005552099627972959
принадлежать 2,407945608651872 0,0005552099627972959
приписываться 4,605170185988092 0,0010618331072142246
природа 1,07880966137193 0,0004974911973123957
природный 2,407945608651872 0,0011104199255945917
присвоить 2,8134107167600364 0,0006486997271754753
проверить 1,9661128563728327 0,0009066695210388899
провозглашение 4,605170185988092 0,002123666214428449
проект 0 0
проживать 2,302585092994046 0,0005309165536071123
прозрачность 4,605170185988092 0,0010618331072142246
промышленность 2,659260036932778 0,0024526262733989192
просмотр 1,2729656758128876 0,00029351295268916015
протас 4,605170185988092 0,002123666214428449
протва 4,605170185988092 0,002123666214428449
протест 3,912023005428146 0,0018040225987678792
протестант 4,605170185988092 0,002123666214428449
протестантизм 3,506557897319982 0,0016170430700115203
противоречить 3,912023005428146 0,0009020112993839396
профессионал 4,605170185988092 0,0010618331072142246
проявить 3,506557897319982 0,0008085215350057602
прямоугольник 4,605170185988092 0,0010618331072142246
пункт 1,5606477482646683 0,001439379984565062
пушкин 3,2188758248682006 0,0014843789831073095
пьяный 4,605170185988092 0,0010618331072142246
пятый 3,506557897319982 0,0008085215350057602
пять 2,659260036932778 0,0006131565683497298
радзивилл 4,605170185988092 0,0010618331072142246
радзивилла 3,912023005428146 0,005412067796303637
радио 2,995732273553991 0,001381476722874794
радиостанция 3,912023005428146 0,0018040225987678792
радиотехнический 4,605170185988092 0,002123666214428449
разместить 3,912023005428146 0,0009020112993839396
разработчик 0 0
разрушение 3,506557897319982 0,0008085215350057602
разрушить 3,2188758248682006 0,0007421894915536547
раиса 3,912023005428146 0,0018040225987678792
район 1,171182981502945 0,0024304004688786044
рамка 1,8971199848858813 0,0004374267892289328
расположить 0,9162907318741551 0,00021127293794654257
распространить 2,8134107167600364 0,0006486997271754753
расследование 3,506557897319982 0,0008085215350057602
ребёнок 2,120263536200091 0,0004888779193451904
революционный 3,912023005428146 0,0018040225987678792
регион 0,9942522733438669 0,0004584977050236878
регулировать 4,605170185988092 0,002123666214428449
резиденция 2,8134107167600364 0,0006486997271754753
результат 1,4696759700589417 0,0006777385151297864
река 1,1086626245216111 0,0023006602768490896
реконструкция 3,506557897319982 0,0008085215350057602
религиозный 2,120263536200091 0,0009777558386903809
религия 0,083381608939051 0,00011535385142594097
рельеф 2,8134107167600364 0,0012973994543509506
республика 0,9416085398584451 0,005861985376107451
реставрация 3,2188758248682006 0,0007421894915536547
референдум 2,659260036932778 0,0006131565683497298
реформа 3,2188758248682006 0,0014843789831073095
речь 3,2188758248682006 0,004453136949321928
римский 2,407945608651872 0,0011104199255945917
родиться 0,8915981192837835 0,0006167383808741874
родственный 0,21072103131565253 4,85868183803672E-05
рождение 2,0402208285265546 0,0014112664250817762
российский 1,0498221244986776 0,002662680048301926
россия 0,7765287894989963 0,0021485693968152997
рубеж 3,2188758248682006 0,0007421894915536547
рубль 3,2188758248682006 0,0007421894915536547
русин 4,605170185988092 0,002123666214428449
русинофобия 4,605170185988092 0,0031854993216426735
русификация 4,605170185988092 0,002123666214428449
русский 0 0
русскоязычный 2,659260036932778 0,0012263131366994596
русь 2,8134107167600364 0,002594798908701901
рынок 3,506557897319982 0,0016170430700115203
ряб 4,605170185988092 0,002123666214428449
ряжский 4,605170185988092 0,002123666214428449
савелий 3,912023005428146 0,0018040225987678792
садовский 4,605170185988092 0,002123666214428449
саичич 4,605170185988092 0,0031854993216426735
самый 0,5447271754416719 0,0007535999660249092
сведение 0 0
свежий 0 0
свинцовый 4,605170185988092 0,002123666214428449
свирь 3,912023005428146 0,0018040225987678792
свободный 0 0
связать 0 0
связь 1,6607312068216509 0,0015316866099346562
святой 1,4696759700589417 0,0016943462878244657
севастополь 3,2188758248682006 0,0014843789831073095
север 1,0216512475319812 0,0004711326942734523
северин 4,605170185988092 0,002123666214428449
северный 1,1086626245216111 0,0015337735178993929
северо 1,6094379124341003 0,0018554737288841367
сезон 2,8134107167600364 0,0012973994543509506
село 2,407945608651872 0,0005552099627972959
сельский 1,6607312068216509 0,001148764957450992
сельсовет 3,506557897319982 0,0016170430700115203
сентябрь 0 0
сергеевич 2,302585092994046 0,002123666214428449
сергей 1,8325814637483102 0,0038029128830377665
сергиенко 4,605170185988092 0,002123666214428449
серебряный 3,2188758248682006 0,0014843789831073095
середина 2,120263536200091 0,0004888779193451904
сеть 2,5257286443082556 0,00116473536744674
сила 0,9416085398584451 0,0017368845558836893
символ 0,9416085398584451 0,0008684422779418446
синявский 4,605170185988092 0,002123666214428449
сиротка 4,605170185988092 0,0010618331072142246
система 0 0
скалон 4,605170185988092 0,0031854993216426735
слава 2,302585092994046 0,0010618331072142246
славянин 3,506557897319982 0,0016170430700115203
славянский 4,605170185988092 0,002123666214428449
словарь 2,407945608651872 0,0011104199255945917
словения 2,8134107167600364 0,0012973994543509506
случай 0 0
случайный 0 0
смертный 3,506557897319982 0,0032340861400230406
смерть 1,8325814637483102 0,0016901835035723406
смить 2,659260036932778 0,0006131565683497298
сморгонский 4,605170185988092 0,002123666214428449
смотреть 0 0
собор 1,9661128563728327 0,0018133390420777798
собрание 1,9661128563728327 0,0013600042815583348
событие 0 0
сова 3,912023005428146 0,0018040225987678792
совет 2,302585092994046 0,0015927496608213367
советский 1,3470736479666094 0,0018636020031818437
современный 1,0216512475319812 0,00023556634713672614
согласно 1,8971199848858813 0,0008748535784578656
содержание 0,1392620673335076 3,211022995930542E-05
создать 0 0
сокол 3,506557897319982 0,004851129210034561
солнечный 2,995732273553991 0,001381476722874794
сообщество 0 0
соответствие 2,302585092994046 0,0005309165536071123
соответствовать 2,5257286443082556 0,00058236768372337
сорокин 4,605170185988092 0,0031854993216426735
сосредоточить 3,912023005428146 0,0009020112993839396
состав 1,0498221244986776 0,00048412364514580477
составлять 1,6094379124341003 0,0003710947457768274
состояние 1,7147984280919266 0,000395388154967011
состояться 2,207274913189721 0,0005089404918583632
сохранение 0 0
сохранить 3,506557897319982 0,0008085215350057602
социалистический 1,9661128563728327 0,0013600042815583348
сочинение 3,2188758248682006 0,0014843789831073095
союз 1,4696759700589417 0,002033215545389359
спартак 4,605170185988092 0,002123666214428449
список 0 0
спорт 0,083381608939051 0,00023070770285188195
спутник 2,5257286443082556 0,00116473536744674
сражение 2,8134107167600364 0,0038921983630528516
средство 1,9661128563728327 0,00045333476051944495
сср 3,506557897319982 0,0040426076750288
ссср 1,4271163556401458 0,0009871683345447169
ссылаться 0 0
ссылка 0 0
стабильный 1,4271163556401458 0,0006581122230298114
стан 3,506557897319982 0,0016170430700115203
становление 2,995732273553991 0,001381476722874794
статистик 0 0
статья 0 0
стационарный 4,605170185988092 0,0010618331072142246
стефанович 4,605170185988092 0,0031854993216426735
стилистический 3,912023005428146 0,0018040225987678792
стимулсофт 4,605170185988092 0,0031854993216426735
столица 0,7985076962177716 0,0007364608680818738
сторона 1,7719568419318754 0,0004085674064864827
страна 0,43078291609245434 9,932739591709808E-05
страница 0 0
строительный 3,912023005428146 0,0018040225987678792
строительство 2,5257286443082556 0,0017471030511701099
строй 1,5606477482646683 0,001439379984565062
студенческий 3,506557897319982 0,0016170430700115203
субхан 4,605170185988092 0,0031854993216426735
субханович 4,605170185988092 0,002123666214428449
суд 2,8134107167600364 0,0012973994543509506
судить 3,506557897319982 0,0008085215350057602
супруг 3,506557897319982 0,0016170430700115203
сухопутный 2,659260036932778 0,0012263131366994596
сша 0,9675840262617057 0,00022309984465337924
сыроватко 4,605170185988092 0,0031854993216426735
сысоева 4,605170185988092 0,0031854993216426735
сюд 0 0
тайный 2,659260036932778 0,0006131565683497298
танец 3,506557897319982 0,0016170430700115203
танковый 3,2188758248682006 0,0014843789831073095
тарас 3,506557897319982 0,0016170430700115203
тарасенков 4,605170185988092 0,0031854993216426735
тариел 4,605170185988092 0,002123666214428449
тариелович 4,605170185988092 0,002123666214428449
театр 1,9661128563728327 0,0009066695210388899
текст 0 0
телевидение 1,8325814637483102 0,0008450917517861703
телеканал 3,912023005428146 0,0018040225987678792
телефонный 3,912023005428146 0,0009020112993839396
тема 0,7550225842780328 0,0005222660255554758
тематический 3,2188758248682006 0,0007421894915536547
теннис 2,8134107167600364 0,0012973994543509506
тепловой 4,605170185988092 0,0010618331072142246
терновский 4,605170185988092 0,0031854993216426735
территория 0,8675005677047231 0,0004000463766219613
тетруашвили 4,605170185988092 0,0031854993216426735
техника 0,06187540371808745 2,85337347097475E-05
технопарк 4,605170185988092 0,002123666214428449
течь 0 0
тимофеевна 3,912023005428146 0,0018040225987678792
типа 2,5257286443082556 0,00116473536744674
тобизный 4,605170185988092 0,0031854993216426735
токати 3,912023005428146 0,0027060338981518186
том 3,2188758248682006 0,0014843789831073095
торговля 2,8134107167600364 0,002594798908701901
точка 2,207274913189721 0,0010178809837167264
точный 2,8134107167600364 0,0006486997271754753
традиция 1,8971199848858813 0,0004374267892289328
транспорт 0,9162907318741551 0,00042254587589308514
транспортный 2,207274913189721 0,0010178809837167264
трасянка 4,605170185988092 0,002123666214428449
тритикал 4,605170185988092 0,002123666214428449
трон 3,2188758248682006 0,0014843789831073095
трубопровод 4,605170185988092 0,002123666214428449
тулин 4,605170185988092 0,0031854993216426735
туллер 4,605170185988092 0,0031854993216426735
туризм 1,4696759700589417 0,0006777385151297864
туровский 3,912023005428146 0,0018040225987678792
тыс 1,6607312068216509 0,00038292165248366404
удаление 2,995732273553991 0,1381476722874794
удерживать 3,506557897319982 0,0008085215350057602
удивительный 3,912023005428146 0,0018040225987678792
уезд 2,659260036932778 0,0012263131366994596
указатель 0 0
украина 1,9661128563728327 0,005893351886752784
украинец 4,605170185988092 0,008494664857713797
украинский 1,07880966137193 0,0007462367959685935
уличный 3,912023005428146 0,0018040225987678792
университет 1,3470736479666094 0,0006212006677272813
упоминание 2,8134107167600364 0,0006486997271754753
уровень 2,0402208285265546 0,0009408442833878509
условие 0 0
установить 1,7719568419318754 0,0004085674064864827
устройство 1,3470736479666094 0,0009318010015909218
участие 0 0
участник 0 0
участница 1,7147984280919266 0,001581552619868044
учреждение 3,506557897319982 0,0024255646050172805
файл 1,5141277326297755 0,0006982373680561566
факт 2,302585092994046 0,0005309165536071123
факультет 2,5257286443082556 0,0034942061023402198
фармацевтический 4,605170185988092 0,002123666214428449
фауна 2,8134107167600364 0,0012973994543509506
февраль 0 0
фестиваль 2,995732273553991 0,001381476722874794
филологический 3,912023005428146 0,0018040225987678792
философия 0,09431067947124142 4,349120565886162E-05
фильм 1,6094379124341003 0,001113284237330482
финляндия 2,5257286443082556 0,00116473536744674
фирудин 4,605170185988092 0,002123666214428449
фк 3,2188758248682006 0,0014843789831073095
флаг 0,8675005677047231 0,001200139129865884
флор 2,5257286443082556 0,00116473536744674
фон 1,9661128563728327 0,013600042815583349
форум 0 0
франция 1,3093333199837622 0,000603796781177663
французский 0,23572233352106994 0,00010870294374962876
футбол 1,7719568419318754 0,0008171348129729654
футбольный 1,9661128563728327 0,0022666738025972247
хаджи 4,605170185988092 0,005309165536071122
харьков 3,912023005428146 0,0027060338981518186
хатынь 4,605170185988092 0,002123666214428449
хованский 3,912023005428146 0,005412067796303637
хоз 4,605170185988092 0,002123666214428449
хозяйство 1,7719568419318754 0,001225702219459448
хоккеист 3,912023005428146 0,0009020112993839396
хоккей 2,995732273553991 0,003453691807186985
хоккейный 3,912023005428146 0,0018040225987678792
хоровец 4,605170185988092 0,0031854993216426735
хороший 0,7985076962177716 0,00018411521702046846
хота 4,605170185988092 0,002123666214428449
храм 1,2729656758128876 0,00029351295268916015
христос 2,659260036932778 0,0012263131366994596
хулухой 4,605170185988092 0,002123666214428449
хх 1,2729656758128876 0,0005870259053783203
цензура 4,605170185988092 0,002123666214428449
центр 0,8915981192837835 0,0010278973014569788
церковь 1,4271163556401458 0,0009871683345447169
чай 3,912023005428146 0,0018040225987678792
час 2,8134107167600364 0,0012973994543509506
часовня 3,912023005428146 0,004510056496919697
часть 0,5978370007556204 0,00013784574608153574
чекин 4,605170185988092 0,0031854993216426735
человек 1,1394342831883648 0,0010508962722512011
чемпионат 1,4696759700589417 0,004066431090778718
чемпионка 3,506557897319982 0,0008085215350057602
чернобыльский 4,605170185988092 0,0010618331072142246
чернявский 4,605170185988092 0,0031854993216426735
честь 1,8325814637483102 0,0008450917517861703
чешский 1,3862943611198906 0,00031964361566056966
численность 1,9661128563728327 0,0013600042815583348
чистый 3,912023005428146 0,0009020112993839396
читать 0 0
членство 4,605170185988092 0,002123666214428449
чучко 4,605170185988092 0,0031854993216426735
шаблон 0 0
шайба 4,605170185988092 0,005309165536071122
шапиро 4,605170185988092 0,0031854993216426735
шасси 3,912023005428146 0,0018040225987678792
шафран 3,912023005428146 0,0027060338981518186
шашечный 4,605170185988092 0,010618331072142244
шведский 1,7147984280919266 0,000395388154967011
швеция 2,8134107167600364 0,0006486997271754753
шевченко 3,912023005428146 0,0018040225987678792
шикунец 4,605170185988092 0,002123666214428449
шишканинец 4,605170185988092 0,0031854993216426735
школа 1,8325814637483102 0,0008450917517861703
шоша 4,605170185988092 0,0010618331072142246
щит 2,995732273553991 0,001381476722874794
экономика 0,7550225842780328 0,0010445320511109516
экономический 2,120263536200091 0,0009777558386903809
экремовна 4,605170185988092 0,002123666214428449
эла 3,912023005428146 0,0018040225987678792
электродепо 4,605170185988092 0,006370998643285347
электростанция 3,506557897319982 0,0008085215350057602
электроэнергетика 4,605170185988092 0,002123666214428449
элемент 0,19845093872383823 9,151530492222192E-05
эльмира 4,605170185988092 0,002123666214428449
эммануила 4,605170185988092 0,002123666214428449
энергетик 2,8134107167600364 0,002594798908701901
энергетический 3,912023005428146 0,0009020112993839396
энергосистема 4,605170185988092 0,0010618331072142246
энциклопедия 0 0
юг 1,0216512475319812 0,00023556634713672614
юнеско 2,0402208285265546 0,0014112664250817762
юнисон 4,605170185988092 0,0031854993216426735
юрий 2,120263536200091 0,0019555116773807618
юрист 2,5257286443082556 0,00116473536744674
юрта 4,605170185988092 0,0031854993216426735
юрьевич 2,407945608651872 0,0011104199255945917
юрьевна 3,2188758248682006 0,0014843789831073095
явление 2,407945608651872 0,0011104199255945917
являться 0,3424903089467759 0,0003948470243794972
язык 0 0
яй 1,7147984280919266 0,000395388154967011
яков 2,8134107167600364 0,0012973994543509506
якушев 4,605170185988092 0,0031854993216426735
январь 0,6733445532637655 0,00279460501700433
янга 4,605170185988092 0,002123666214428449
ястребиный 4,605170185988092 0,002123666214428449
