август 0 0
августа 0,843970070294529 0,002337867230732767
аквариум 4,605170185988092 0,11906257175223137
аквариумист 4,605170185988092 0,02976564293805784
аквариумистика 4,605170185988092 0,21686396997727858
аквариумный 4,605170185988092 0,1360715105739787
акватеррариум 4,605170185988092 0,008504469410873669
алфавит 0 0
андрей 1,2039728043259361 0,002223403147416318
апрель 0 0
арабский 0,38566248081198473 0,00035610570712094617
ароидный 4,605170185988092 0,008504469410873669
артемия 4,605170185988092 0,008504469410873669
архив 0,3011050927839216 0,0022242296789209354
ассоциация 2,8134107167600364 0,005195587657913271
атлантический 1,9661128563728327 0,0036308640006885184
аулофорус 4,605170185988092 0,008504469410873669
африка 1,5606477482646683 0,0028820826376078825
африкариум 4,605170185988092 0,008504469410873669
беспозвоночный 4,605170185988092 0,025513408232621007
биологический 2,407945608651872 0,004446806294832635
биология 2,8134107167600364 0,007793381486869907
бойцовый 3,912023005428146 0,0072244192159337875
болезный 4,605170185988092 0,008504469410873669
большой 1,1086626245216111 0,0010236958675176465
бондарь 2,207274913189721 0,00407622329305581
ботаника 2,995732273553991 0,008298427350565072
век 0,5108256237659907 0,00047167647623821854
вендта 4,605170185988092 0,021261173527184173
версия 0 0
весьма 2,659260036932778 0,0024554570978141993
вид 1,0498221244986776 0,0067855538979600585
видовой 3,912023005428146 0,0036122096079668937
википедия 0 0
вклад 0 0
вод 1,8971199848858813 0,001751726671178099
водоросль 3,506557897319982 0,006475637852853152
возглавить 2,995732273553991 0,002766142450188357
всемирный 1,6607312068216509 0,0030669089691997245
встречаться 2,659260036932778 0,0024554570978141993
выделить 2,8134107167600364 0,0025977938289566357
выделять 3,912023005428146 0,0072244192159337875
высота 1,9661128563728327 0,0018154320003442592
география 0,083381608939051 0,00015398265732050046
герпетология 3,912023005428146 0,010836628823900681
грунт 4,605170185988092 0,008504469410873669
давидович 3,506557897319982 0,006475637852853152
данный 0,1508228897345837 0,0002785279588819643
дафния 4,605170185988092 0,008504469410873669
два 0 0
декабрь 0 0
декоративный 3,506557897319982 0,003237818926426576
дельфинарий 4,605170185988092 0,008504469410873669
дизайн 2,995732273553991 0,011064569800753429
дискус 4,605170185988092 0,008504469410873669
длинный 2,995732273553991 0,008298427350565072
добавлять 1,7719568419318754 0,0016361559020608267
добро 1,8325814637483102 0,0016921343155570732
дополнительный 3,912023005428146 0,0036122096079668937
дополнять 2,207274913189721 0,00407622329305581
достигать 3,2188758248682006 0,0029721845104969534
древний 1,4696759700589417 0,0013570415236001307
живой 2,659260036932778 0,004910914195628399
журнал 0 0
замкнутый 4,605170185988092 0,0042522347054368345
заниматься 0 0
занятие 3,506557897319982 0,003237818926426576
западный 0,9942522733438669 0,0009180538073350572
запрос 0,1165338162559516 0,00021520557018642956
защитный 4,605170185988092 0,0042522347054368345
земноводный 3,912023005428146 0,0072244192159337875
знак 0 0
зоопарк 3,506557897319982 0,006475637852853152
избранный 0,083381608939051 0,00015398265732050046
избрать 0 0
известный 0,7765287894989963 0,002868065704520762
изменение 0 0
изображение 0,06187540371808745 0,00011426667353294081
иметь 0,616186139423817 0,001137924541872238
индийский 2,407945608651872 0,0022234031474163175
иннеса 3,912023005428146 0,0072244192159337875
интересоваться 3,506557897319982 0,003237818926426576
информация 1,5606477482646683 0,0014410413188039413
инфузория 4,605170185988092 0,008504469410873669
искать 0 0
искусственный 2,8134107167600364 0,0025977938289566357
искусство 0,083381608939051 0,00015398265732050046
испанский 0,49429632181478017 0,0004564139628945338
использование 0 0
исправлять 2,207274913189721 0,002038111646527905
история 0 0
источник 0 0
июль 0,9162907318741551 0,0016921343155570732
июнь 0 0
категория 0 0
киев 3,2188758248682006 0,005944369020993907
книга 0 0
код 0 0
коммерческий 3,2188758248682006 0,0029721845104969534
комнатный 4,605170185988092 0,012756704116310504
конец 1,4271163556401458 0,001317743634016755
коралл 4,605170185988092 0,017008938821747338
коричневый 4,605170185988092 0,008504469410873669
корм 3,912023005428146 0,043346515295602725
корневище 3,912023005428146 0,0036122096079668937
корпус 2,995732273553991 0,002766142450188357
костный 4,605170185988092 0,0042522347054368345
который 0,9162907318741551 0,0008460671577785366
кочет 4,605170185988092 0,008504469410873669
кошка 4,605170185988092 0,012756704116310504
криптокорина 4,605170185988092 0,02976564293805784
кубик 4,605170185988092 0,021261173527184173
кубообразный 4,605170185988092 0,0042522347054368345
кузовковы 4,605170185988092 0,0042522347054368345
кузовок 4,605170185988092 0,025513408232621007
куст 4,605170185988092 0,008504469410873669
кустарник 3,912023005428146 0,0036122096079668937
ланка 3,506557897319982 0,006475637852853152
лат 1,8325814637483102 0,0050764029466712195
лист 2,995732273553991 0,008298427350565072
литература 1,1086626245216111 0,002047391735035293
личность 0,127833371509885 0,00023607270823616805
лучший 0 0
любитель 3,2188758248682006 0,01783310706298172
май 0 0
малакология 3,912023005428146 0,010836628823900681
марк 1,3862943611198906 0,002560100389879761
март 0 0
материал 0 0
махлина 4,605170185988092 0,008504469410873669
место 0 0
месяц 1,7147984280919266 0,0031667560998927544
механизм 3,912023005428146 0,0036122096079668937
милоплюс 4,605170185988092 0,008504469410873669
миро 0 0
михайлович 1,7719568419318754 0,0032723118041216533
многоколючник 4,605170185988092 0,008504469410873669
множество 2,5257286443082556 0,0023321594130270135
мобильный 0 0
моделирование 4,605170185988092 0,0042522347054368345
мой 0 0
моллюск 4,605170185988092 0,008504469410873669
момент 2,0402208285265546 0,0018838604141519432
морской 1,6607312068216509 0,007667272422999312
мотыль 4,605170185988092 0,008504469410873669
моча 0,16251892949777494 0,00015006364681234989
мочь 0,8209805520698303 0,0007580614515880243
набат 4,605170185988092 0,008504469410873669
набатов 4,605170185988092 0,0042522347054368345
навигация 0 0
нажать 0 0
название 0 0
найти 0 0
направление 1,8325814637483102 0,0050764029466712195
настоящий 1,6094379124341003 0,0014860922552484767
наука 0,05129329438755048 9,472445870277097E-05
научный 1,6094379124341003 0,0014860922552484767
находиться 0 0
начать 0,38566248081198473 0,004273268485451355
начинать 0,1508228897345837 0,0002785279588819643
недостаточный 3,506557897319982 0,003237818926426576
некоммерческий 0 0
необходимо 2,8134107167600364 0,0025977938289566357
новый 0 0
ноябрь 0 0
обогреватель 4,605170185988092 0,008504469410873669
оборудование 3,2188758248682006 0,005944369020993907
образовать 1,6607312068216509 0,0015334544845998623
обсуждение 0 0
обустройство 4,605170185988092 0,008504469410873669
общество 0,07257069283483537 0,0003350447499299879
обыкновенный 3,912023005428146 0,010836628823900681
обязательный 0 0
один 0,843970070294529 0,0015585781538218447
оказываться 3,912023005428146 0,0036122096079668937
океан 1,6607312068216509 0,007667272422999312
океанариум 4,605170185988092 0,021261173527184173
октябрь 0 0
оливковый 4,605170185988092 0,0042522347054368345
опасность 4,605170185988092 0,0042522347054368345
описание 0 0
организация 0 0
орфографический 4,605170185988092 0,0042522347054368345
освещение 3,506557897319982 0,006475637852853152
основной 0 0
основный 1,8325814637483102 0,0016921343155570732
ответственность 0 0
отделение 3,506557897319982 0,003237818926426576
отдельный 0 0
отказ 0 0
отметить 2,659260036932778 0,0024554570978141993
отряд 2,5257286443082556 0,0023321594130270135
отсутствовать 0,05129329438755048 0,0010893312750818662
оценивание 0,1508228897345837 0,0002785279588819643
очищать 4,605170185988092 0,0042522347054368345
ошибка 1,7147984280919266 0,0015833780499463772
палюдариум 4,605170185988092 0,008504469410873669
панцирь 4,605170185988092 0,008504469410873669
первый 0 0
перейти 0 0
перечень 3,912023005428146 0,0072244192159337875
персоналия 0,07257069283483537 0,00013401789997199515
петербург 2,207274913189721 0,00407622329305581
петербургский 3,912023005428146 0,0036122096079668937
печать 0 0
пластина 4,605170185988092 0,0042522347054368345
пн 0,127833371509885 0,0009442908329446722
побережье 1,8971199848858813 0,001751726671178099
подвид 3,912023005428146 0,0036122096079668937
подробный 0 0
пожаловать 1,7719568419318754 0,0016361559020608267
поиск 0 0
поклонник 3,2188758248682006 0,0029721845104969534
ползучий 4,605170185988092 0,0042522347054368345
политик 0 0
получить 0 0
пользоваться 1,9661128563728327 0,0018154320003442592
польский 1,2729656758128876 0,001175406902874319
помимо 2,659260036932778 0,0024554570978141993
помочь 0,127833371509885 0,00023607270823616805
помощь 0,127833371509885 0,00011803635411808402
популярность 2,659260036932778 0,0024554570978141993
порода 3,506557897319982 0,003237818926426576
породный 4,605170185988092 0,0042522347054368345
портал 0 0
португальский 0,49429632181478017 0,0004564139628945338
последний 0 0
посмотреть 0 0
править 0 0
правка 0 0
предлагать 0 0
представлить 4,605170185988092 0,0042522347054368345
пресноводный 3,912023005428146 0,01806104803983447
придавать 4,605170185988092 0,0042522347054368345
природа 1,07880966137193 0,0009961308045908863
проект 0 0
просмотр 1,2729656758128876 0,001175406902874319
пунктуационный 4,605170185988092 0,0042522347054368345
разведение 3,912023005428146 0,0036122096079668937
разновидность 3,912023005428146 0,0036122096079668937
разносторонний 3,912023005428146 0,0036122096079668937
разработчик 0 0
разрастись 4,605170185988092 0,0042522347054368345
район 1,171182981502945 0,0010814247289962558
ракообразный 4,605170185988092 0,008504469410873669
раскрытие 3,912023005428146 0,0036122096079668937
растение 2,8134107167600364 0,025977938289566356
растительный 3,2188758248682006 0,005944369020993907
редкий 2,207274913189721 0,002038111646527905
религия 0,083381608939051 0,00015398265732050046
рептилия 4,605170185988092 0,012756704116310504
риф 3,506557897319982 0,003237818926426576
рифовый 3,912023005428146 0,0072244192159337875
род 2,302585092994046 0,0021261173527184173
родиться 0,8915981192837835 0,0008232669614808712
родственный 0,21072103131565253 0,00019457158939580104
розетка 3,912023005428146 0,0036122096079668937
россия 0,7765287894989963 0,001434032852260381
русский 0 0
рыба 2,5257286443082556 0,044311028847513256
рыбка 4,605170185988092 0,017008938821747338
садоводство 4,605170185988092 0,0042522347054368345
санкт 2,120263536200091 0,003915537462973391
сантиметр 4,605170185988092 0,0042522347054368345
сведение 0 0
свежемороженый 4,605170185988092 0,008504469410873669
свежий 0 0
свободный 0 0
связать 0 0
семейство 2,995732273553991 0,002766142450188357
сентябрь 0 0
сергей 1,8325814637483102 0,0033842686311141464
система 0 0
следовать 1,4271163556401458 0,001317743634016755
слизь 4,605170185988092 0,0042522347054368345
случай 0 0
случайный 0 0
смотреть 0 0
собака 3,2188758248682006 0,00891655353149086
собираться 3,506557897319982 0,003237818926426576
собрать 2,995732273553991 0,002766142450188357
событие 0 0
современный 1,0216512475319812 0,000943352952476437
содействие 3,912023005428146 0,0036122096079668937
содержание 0,1392620673335076 0,00012858916651293405
создавать 2,120263536200091 0,003915537462973391
создать 0 0
солоноватый 4,605170185988092 0,017008938821747338
сообщество 0 0
соотечественник 3,912023005428146 0,0036122096079668937
состав 1,0498221244986776 0,0009693648425657226
сохранение 0 0
список 0 0
спорт 0,083381608939051 0,00015398265732050046
способность 3,912023005428146 0,0036122096079668937
способный 3,912023005428146 0,0036122096079668937
срастись 4,605170185988092 0,0042522347054368345
среди 1,4696759700589417 0,004071124570800393
ссылаться 0 0
ссылка 0 0
статистик 0 0
статья 0 0
стебель 3,506557897319982 0,006475637852853152
стенка 3,912023005428146 0,0036122096079668937
стилистический 3,912023005428146 0,0036122096079668937
страница 0 0
сухой 3,506557897319982 0,006475637852853152
сюд 0 0
такой 1,7147984280919266 0,0015833780499463772
таксономия 3,912023005428146 0,010836628823900681
текст 0 0
тело 2,120263536200091 0,003915537462973391
тема 0,7550225842780328 0,0006971584342364107
тематика 1,7147984280919266 0,0015833780499463772
термометр 4,605170185988092 0,008504469410873669
террариум 4,605170185988092 0,021261173527184173
террариумистика 4,605170185988092 0,0042522347054368345
техника 0,06187540371808745 0,00011426667353294081
течь 0 0
тип 2,5257286443082556 0,0023321594130270135
тихий 3,2188758248682006 0,0029721845104969534
токсичный 4,605170185988092 0,0042522347054368345
травянистый 4,605170185988092 0,008504469410873669
третий 1,7147984280919266 0,0015833780499463772
трубочник 4,605170185988092 0,008504469410873669
труд 2,120263536200091 0,0019577687314866954
увлечь 4,605170185988092 0,0042522347054368345
уильям 2,302585092994046 0,0042522347054368345
указатель 0 0
украшение 3,912023005428146 0,0036122096079668937
улитка 4,605170185988092 0,012756704116310504
улучшать 2,0402208285265546 0,0018838604141519432
условие 0 0
участие 0 0
участник 0 0
фауна 2,8134107167600364 0,005195587657913271
февраль 0 0
философия 0,09431067947124142 0,00017416561305861757
фильтр 4,605170185988092 0,008504469410873669
фильтрация 4,605170185988092 0,008504469410873669
финский 1,9661128563728327 0,0018154320003442592
флор 2,5257286443082556 0,0023321594130270135
форма 1,6607312068216509 0,0030669089691997245
форум 0 0
французский 0,23572233352106994 0,00021765681765565091
характерный 2,995732273553991 0,002766142450188357
хобби 4,605170185988092 0,008504469410873669
цвет 2,207274913189721 0,00407622329305581
число 1,3470736479666094 0,001243835316682003
читать 0 0
членистоногий 3,912023005428146 0,0072244192159337875
шаблон 0 0
шведский 1,7147984280919266 0,0015833780499463772
шри 3,506557897319982 0,006475637852853152
экосистема 3,912023005428146 0,010836628823900681
элемент 0,19845093872383823 0,0003664837280218619
энтомология 3,912023005428146 0,010836628823900681
энциклопедия 0 0
юго 1,171182981502945 0,0010814247289962558
южноамериканский 3,506557897319982 0,006475637852853152
являться 0,3424903089467759 0,0006324844117207311
язык 0 0
январь 0,6733445532637655 0,0012434802461011366
