август 0 0
августа 0,843970070294529 0,0012447936140037301
азия 1,5141277326297755 0,0022332267442917043
александр 1,3470736479666094 0,001986834289036297
александра 2,407945608651872 0,0017757710978258642
александрович 1,6607312068216509 0,001224728028629536
алексеевич 1,8971199848858813 0,0013990560360515349
алексеевна 2,659260036932778 0,003922212443853655
алексей 1,7719568419318754 0,003920258499849282
алфавит 0 0
амалина 4,605170185988092 0,006792286410011935
америка 1,4271163556401458 0,0031573370700003225
американка 3,506557897319982 0,0025859571514159157
американский 1,4271163556401458 0,0010524456900001076
ангел 2,995732273553991 0,002209242089641586
английский 0,37106368139083196 0,00027364578273660176
андреевич 2,407945608651872 0,0035515421956517283
андрей 1,2039728043259361 0,0017757710978258644
анкова 4,605170185988092 0,0033961432050059674
антонов 3,912023005428146 0,005769945435734728
анхель 3,506557897319982 0,005171914302831831
апрель 0 0
арабский 0,38566248081198473 0,00028441185900588843
арен 3,912023005428146 0,002884972717867364
арена 3,912023005428146 0,005769945435734728
архив 0,3011050927839216 0,0013323234193978832
атлант 4,605170185988092 0,0033961432050059674
африка 1,5606477482646683 0,002301840336673552
аэс 3,912023005428146 0,005769945435734728
б 3,506557897319982 0,0025859571514159157
бабешин 4,605170185988092 0,006792286410011935
баджаков 4,605170185988092 0,0033961432050059674
базовый 3,506557897319982 0,0025859571514159157
балкан 2,659260036932778 0,0019611062219268274
баскетбол 2,995732273553991 0,006627726268924759
бельгия 2,8134107167600364 0,0041495733285546255
беспрозванный 4,605170185988092 0,0033961432050059674
болгарин 3,506557897319982 0,0077578714542477474
болгария 2,659260036932778 0,019611062219268272
болгарский 1,9661128563728327 0,004349807204364674
болельщик 4,605170185988092 0,006792286410011935
борис 2,5257286443082556 0,005587895230770477
бояна 4,605170185988092 0,0033961432050059674
бразильянка 3,912023005428146 0,002884972717867364
бронзовый 2,8134107167600364 0,0041495733285546255
валентина 2,995732273553991 0,002209242089641586
валерий 2,995732273553991 0,006627726268924759
версия 0 0
википедия 0 0
викисклад 0,5798184952529422 0,0004275947605110193
викисловарь 1,4271163556401458 0,0010524456900001076
викторович 2,207274913189721 0,001627783859284455
викторовна 2,995732273553991 0,002209242089641586
вклад 0 0
владимир 1,2378743560016172 0,0009128866932165318
владимировна 2,8134107167600364 0,0041495733285546255
внешность 4,605170185988092 0,0033961432050059674
волейбол 4,605170185988092 0,39055646857568627
волейболист 3,912023005428146 0,03461967261440837
волейбольный 3,912023005428146 0,07500929066455148
впервый 1,5606477482646683 0,002301840336673552
вылкеть 4,605170185988092 0,0033961432050059674
высота 1,9661128563728327 0,0014499357347882247
выступать 2,302585092994046 0,006792286410011935
выступить 2,995732273553991 0,002209242089641586
высший 2,302585092994046 0,0033961432050059674
выход 1,8325814637483102 0,0013514612564515562
вячеслав 3,2188758248682006 0,0023738022307287616
география 0,083381608939051 0,00012298172409889527
георгия 2,5257286443082556 0,001862631743590159
герой 2,120263536200091 0,0015636161771387103
главное 1,7147984280919266 0,0012646006106872614
глаз 3,2188758248682006 0,0023738022307287616
год 0,6348782724359695 0,0023409965797786484
голеностоп 4,605170185988092 0,0033961432050059674
гость 3,506557897319982 0,0025859571514159157
греция 2,0402208285265546 0,0030091752633135023
гунчев 4,605170185988092 0,0033961432050059674
гюдер 4,605170185988092 0,0033961432050059674
данный 0,1508228897345837 0,00011122631986326231
два 0 0
декабрь 0 0
день 1,3862943611198906 0,0010223409742772054
диагональный 4,605170185988092 0,006792286410011935
димитр 3,912023005428146 0,008654918153602092
димитра 3,912023005428146 0,005769945435734728
добиваться 4,605170185988092 0,0033961432050059674
дополнять 2,207274913189721 0,001627783859284455
дороничева 4,605170185988092 0,006792286410011935
достижение 2,207274913189721 0,00325556771856891
драгомира 4,605170185988092 0,0033961432050059674
дубровник 4,605170185988092 0,006792286410011935
евгения 2,995732273553991 0,004418484179283172
евгеньевна 4,605170185988092 0,006792286410011935
европа 0,8915981192837835 0,004602645158544605
единственный 1,3470736479666094 0,0009934171445181484
екатерина 2,5257286443082556 0,003725263487180318
емельянович 3,912023005428146 0,002884972717867364
ермолаев 3,912023005428146 0,005769945435734728
ефимович 2,659260036932778 0,003922212443853655
женский 2,302585092994046 0,016980716025029836
женщина 1,6607312068216509 0,004898912114518144
жизл 2,5257286443082556 0,003725263487180318
жулиан 4,605170185988092 0,0033961432050059674
журнал 0 0
завершиться 2,8134107167600364 0,0041495733285546255
завоевать 2,995732273553991 0,004418484179283172
заниматься 0 0
занять 2,8134107167600364 0,0020747866642773127
заодный 4,605170185988092 0,0033961432050059674
запрос 0,1165338162559516 0,0001718787850382767
зарубежный 3,2188758248682006 0,0023738022307287616
заслужить 3,2188758248682006 0,004747604461457523
защищать 2,659260036932778 0,0019611062219268274
заявка 3,912023005428146 0,002884972717867364
зенит 3,912023005428146 0,008654918153602092
златан 4,605170185988092 0,0033961432050059674
знаете 0,06187540371808745 9,126165740130893E-05
знак 0 0
знаменитый 2,120263536200091 0,0015636161771387103
значительный 2,302585092994046 0,0016980716025029837
золотой 1,4696759700589417 0,001083831836326653
иван 1,7719568419318754 0,002613505666566188
иванович 1,6094379124341003 0,0011869011153643808
игра 1,5606477482646683 0,025320243703409073
играть 2,120263536200091 0,0015636161771387103
игрок 2,407945608651872 0,007103084391303457
избранный 0,083381608939051 0,00024596344819779054
избрать 0 0
изменение 0 0
изображение 0,06187540371808745 4,5630828700654467E-05
илий 3,912023005428146 0,002884972717867364
имя 1,4271163556401458 0,0010524456900001076
индивидуальный 2,995732273553991 0,002209242089641586
искать 0 0
искусство 0,083381608939051 0,00012298172409889527
испанский 0,49429632181478017 0,0003645253110728467
использование 0 0
использовать 1,4271163556401458 0,0010524456900001076
исправить 2,8134107167600364 0,0020747866642773127
история 0 0
источник 0 0
италия 1,8325814637483102 0,005405845025806225
итальянский 0,7339691750802005 0,0005412752028615049
июнь 0 0
йордан 4,605170185988092 0,0033961432050059674
казанский 2,995732273553991 0,004418484179283172
календарь 2,995732273553991 0,004418484179283172
капитан 2,8134107167600364 0,0020747866642773127
карджий 4,605170185988092 0,0033961432050059674
каспар 3,506557897319982 0,0025859571514159157
категория 0 0
керес 4,605170185988092 0,006792286410011935
километр 2,5257286443082556 0,001862631743590159
клуб 1,7719568419318754 0,014374281166114033
книга 0 0
код 0 0
количество 2,120263536200091 0,0015636161771387103
колледж 3,2188758248682006 0,009495208922915046
команда 2,207274913189721 0,014650054733560096
командный 2,995732273553991 0,002209242089641586
комат 4,605170185988092 0,0033961432050059674
комбинация 3,912023005428146 0,002884972717867364
комикс 3,2188758248682006 0,0023738022307287616
контрольный 4,605170185988092 0,0033961432050059674
коста 3,912023005428146 0,002884972717867364
костадин 4,605170185988092 0,0033961432050059674
кубок 2,302585092994046 0,010188429615017902
кузьмоловский 4,605170185988092 0,006792286410011935
левск 4,605170185988092 0,006792286410011935
легкоатлетический 4,605170185988092 0,0033961432050059674
ленинградский 3,506557897319982 0,005171914302831831
летний 1,7147984280919266 0,011381405496185354
лига 2,8134107167600364 0,014523506649941191
личность 0,127833371509885 0,0001885447957372935
лондон 2,120263536200091 0,006254464708554841
лондонский 2,995732273553991 0,002209242089641586
лучший 0 0
май 0 0
максима 2,0402208285265546 0,0030091752633135023
март 0 0
марта 0,3566749439387324 0,0015782077165430637
мастер 2,5257286443082556 0,003725263487180318
материал 0 0
матч 2,407945608651872 0,012430397684781049
медаль 2,407945608651872 0,0035515421956517283
международный 0,9942522733438669 0,0021996731711147496
место 0 0
миро 0 0
мировой 1,2039728043259361 0,00799096994021639
мисти 3,912023005428146 0,005769945435734728
митко 4,605170185988092 0,006792286410011935
михаил 1,5606477482646683 0,002301840336673552
михайлов 3,912023005428146 0,005769945435734728
михайлович 1,7719568419318754 0,002613505666566188
мобильный 0 0
мой 0 0
москва 1,4271163556401458 0,0010524456900001076
моча 0,16251892949777494 0,00011985171791871309
мошел 4,605170185988092 0,0033961432050059674
мужской 2,8134107167600364 0,031121799964159695
мужчина 2,995732273553991 0,026510905075699035
мэй 4,605170185988092 0,006792286410011935
мяч 2,8134107167600364 0,012448719985663877
навигация 0 0
нажать 0 0
название 0 0
назвать 1,9661128563728327 0,0014499357347882247
найти 0 0
найтись 3,912023005428146 0,002884972717867364
направить 2,995732273553991 0,002209242089641586
наука 0,05129329438755048 7,565382653031044E-05
находиться 0 0
национальный 0,7550225842780328 0,0011136026316785144
начать 0,38566248081198473 0,004266177885088327
начинать 0,1508228897345837 0,00033367895958978693
некоммерческий 0 0
немецкий 0,5108256237659907 0,0003767150617743294
несмотря 2,302585092994046 0,0016980716025029837
нефтяник 4,605170185988092 0,006792286410011935
нидерланд 2,207274913189721 0,004883351577853365
николаевич 1,5606477482646683 0,0034527605050103283
новый 0 0
ноябрь 0 0
нын 1,8971199848858813 0,0013990560360515349
область 0,7765287894989963 0,0011453226983761007
образ 1,7147984280919266 0,0012646006106872614
обсуждение 0 0
общество 0,07257069283483537 0,00010703642011037666
обязательный 0 0
овсянник 4,605170185988092 0,006792286410011935
одержать 2,659260036932778 0,0019611062219268274
один 0,843970070294529 0,0012447936140037301
океания 2,659260036932778 0,003922212443853655
октябрь 0 0
олег 2,407945608651872 0,0035515421956517283
олимп 4,605170185988092 0,006792286410011935
олимпиада 2,8134107167600364 0,008299146657109251
олимпийский 1,7719568419318754 0,02613505666566188
он 3,506557897319982 0,005171914302831831
описание 0 0
организатор 2,8134107167600364 0,0020747866642773127
организация 0 0
орфография 4,605170185988092 0,0033961432050059674
основной 0 0
ответственность 0 0
отдельный 0 0
отказ 0 0
отсутствовать 0,05129329438755048 7,565382653031044E-05
официальный 1,07880966137193 0,0007955823461444912
оценивание 0,1508228897345837 0,00022245263972652462
очко 3,2188758248682006 0,0023738022307287616
ошибка 1,7147984280919266 0,0012646006106872614
панайот 4,605170185988092 0,0033961432050059674
партия 1,8325814637483102 0,0013514612564515562
пекин 3,912023005428146 0,002884972717867364
первый 0 0
переехать 3,912023005428146 0,002884972717867364
перейти 0 0
персоналия 0,07257069283483537 0,00026759105027594163
перукка 3,912023005428146 0,005769945435734728
петербург 2,207274913189721 0,00325556771856891
петко 4,605170185988092 0,0033961432050059674
петок 4,605170185988092 0,0033961432050059674
петров 2,995732273553991 0,002209242089641586
печать 0 0
писать 2,0402208285265546 0,0015045876316567511
площадка 3,912023005428146 0,008654918153602092
пляжный 4,605170185988092 0,006792286410011935
пн 0,127833371509885 0,000377089591474587
победа 1,8971199848858813 0,0041971681081546044
победитель 2,8134107167600364 0,0020747866642773127
подробный 0 0
поиск 0 0
политик 0 0
полковник 2,8134107167600364 0,0020747866642773127
получить 0 0
польский 1,2729656758128876 0,0009387652476496221
помочь 0,127833371509885 9,427239786864676E-05
помощь 0,127833371509885 9,427239786864676E-05
пондал 4,605170185988092 0,0033961432050059674
портал 0 0
португальский 0,49429632181478017 0,0003645253110728467
последний 0 0
посмотреть 0 0
появиться 1,6607312068216509 0,001224728028629536
править 0 0
правка 0 0
прага 3,506557897319982 0,005171914302831831
превысить 3,912023005428146 0,002884972717867364
предлагать 0 0
представлять 1,6607312068216509 0,001224728028629536
приз 2,8134107167600364 0,0020747866642773127
призвать 3,2188758248682006 0,0023738022307287616
приземлиться 3,912023005428146 0,002884972717867364
признаваться 3,506557897319982 0,0025859571514159157
принадлежать 2,407945608651872 0,0035515421956517283
проведение 2,8134107167600364 0,0020747866642773127
проверять 4,605170185988092 0,0033961432050059674
проект 0 0
проектировать 3,912023005428146 0,002884972717867364
проигрывать 4,605170185988092 0,0033961432050059674
протестировать 4,605170185988092 0,0033961432050059674
противник 2,407945608651872 0,0017757710978258642
прыжок 2,995732273553991 0,002209242089641586
пунктуация 4,605170185988092 0,0033961432050059674
пятиборье 4,605170185988092 0,0033961432050059674
разновидность 3,912023005428146 0,005769945435734728
разработка 1,07880966137193 0,0023867470384334732
разработчик 0 0
резерв 3,912023005428146 0,002884972717867364
результативный 4,605170185988092 0,0033961432050059674
рекорд 2,5257286443082556 0,003725263487180318
религия 0,083381608939051 0,00012298172409889527
роберта 2,207274913189721 0,004883351577853365
родиться 0,8915981192837835 0,0006575207369349436
родственный 0,21072103131565253 0,00015539899064576145
российский 1,0498221244986776 0,0007742051065624466
россия 0,7765287894989963 0,008017258888632705
россиянка 4,605170185988092 0,0033961432050059674
руководство 2,0402208285265546 0,0015045876316567511
румыния 2,659260036932778 0,003922212443853655
русский 0 0
самый 0,5447271754416719 0,0012051486182337874
санкт 2,120263536200091 0,0031272323542774205
сафоново 4,605170185988092 0,006792286410011935
сборная 2,120263536200091 0,04378125295988389
сборный 2,659260036932778 0,0019611062219268274
сведение 0 0
свежий 0 0
свободный 0 0
связать 0 0
сезон 2,8134107167600364 0,0020747866642773127
сентябрь 0 0
серебро 2,995732273553991 0,002209242089641586
сидеть 4,605170185988092 0,006792286410011935
сим 4,605170185988092 0,0033961432050059674
симеон 3,506557897319982 0,0025859571514159157
симулятор 3,912023005428146 0,005769945435734728
система 0 0
скорость 3,506557897319982 0,005171914302831831
случай 0 0
случайный 0 0
смотреть 0 0
смочь 2,5257286443082556 0,001862631743590159
снег 2,995732273553991 0,004418484179283172
событие 0 0
содержание 0,1392620673335076 0,00010270063962648053
создать 0 0
сообщество 0 0
соперник 3,506557897319982 0,0025859571514159157
соревнование 2,5257286443082556 0,011175790461540954
состав 1,0498221244986776 0,0007742051065624466
состояться 2,207274913189721 0,00325556771856891
софия 2,8134107167600364 0,008299146657109251
сохранение 0 0
список 0 0
спорт 0,083381608939051 0,0004304360343461335
спортивный 2,302585092994046 0,0016980716025029837
спортшкол 4,605170185988092 0,0033961432050059674
спрингфилд 3,912023005428146 0,002884972717867364
сравнивать 3,506557897319982 0,0025859571514159157
среди 1,4696759700589417 0,009754486526939879
ссср 1,4271163556401458 0,00420978276000043
ссылаться 0 0
ссылка 0 0
стамбул 3,2188758248682006 0,0023738022307287616
статистик 0 0
стать 0,4620354595965586 0,001022202344240174
статья 0 0
стефана 3,2188758248682006 0,0023738022307287616
стойчо 4,605170185988092 0,0033961432050059674
стоян 4,605170185988092 0,010188429615017902
страна 0,43078291609245434 0,000635373032584741
страница 0 0
строитель 2,995732273553991 0,002209242089641586
сувон 4,605170185988092 0,0033961432050059674
сша 0,9675840262617057 0,0007135575414909334
сыграть 3,2188758248682006 0,004747604461457523
сын 1,6607312068216509 0,001224728028629536
сюд 0 0
тайский 2,407945608651872 0,0017757710978258642
таковой 3,2188758248682006 0,0023738022307287616
такой 1,7147984280919266 0,0012646006106872614
текст 0 0
тема 0,7550225842780328 0,0005568013158392572
теннис 2,8134107167600364 0,006224359992831939
терминология 3,2188758248682006 0,004747604461457523
техника 0,06187540371808745 9,126165740130893E-05
течь 0 0
товарищеский 3,912023005428146 0,002884972717867364
тодор 4,605170185988092 0,0033961432050059674
тодора 4,605170185988092 0,0033961432050059674
токио 3,506557897319982 0,0077578714542477474
травма 4,605170185988092 0,0033961432050059674
трейнор 4,605170185988092 0,006792286410011935
тренер 2,8134107167600364 0,010373933321386565
тренироваться 4,605170185988092 0,0033961432050059674
тур 3,506557897319982 0,005171914302831831
турнир 3,506557897319982 0,0077578714542477474
удар 2,8134107167600364 0,0020747866642773127
указатель 0 0
ульяна 4,605170185988092 0,006792286410011935
условие 0 0
успех 2,8134107167600364 0,0020747866642773127
уступить 3,912023005428146 0,005769945435734728
участие 0 0
участник 0 0
фарм 4,605170185988092 0,0033961432050059674
фвать 3,506557897319982 0,03620340011982282
февраль 0 0
философия 0,09431067947124142 0,00013910129715522332
фильм 1,6094379124341003 0,0023738022307287616
финал 3,506557897319982 0,0025859571514159157
финальный 3,2188758248682006 0,007121406692186284
форум 0 0
французский 0,23572233352106994 0,00017383652914533182
фрг 3,912023005428146 0,005769945435734728
футбол 1,7719568419318754 0,003920258499849282
футбольный 1,9661128563728327 0,0014499357347882247
характерный 2,995732273553991 0,002209242089641586
ход 1,6607312068216509 0,001224728028629536
христый 3,912023005428146 0,005769945435734728
хх 1,2729656758128876 0,0009387652476496221
цан 4,605170185988092 0,0033961432050059674
цано 4,605170185988092 0,0033961432050059674
царьград 4,605170185988092 0,0033961432050059674
цвет 2,207274913189721 0,001627783859284455
цель 1,7719568419318754 0,001306752833283094
ценный 3,2188758248682006 0,0023738022307287616
час 2,8134107167600364 0,0020747866642773127
чемпион 2,5257286443082556 0,003725263487180318
чемпионат 1,4696759700589417 0,009754486526939879
чемпионка 3,506557897319982 0,005171914302831831
чехословакия 4,605170185988092 0,006792286410011935
читать 0 0
ша 3,2188758248682006 0,004747604461457523
шаблон 0 0
швеция 2,8134107167600364 0,0041495733285546255
шесть 3,506557897319982 0,0025859571514159157
шоп 4,605170185988092 0,0033961432050059674
штат 1,7147984280919266 0,0012646006106872614
экран 3,912023005428146 0,002884972717867364
элемент 0,19845093872383823 0,00029270049959268174
эмила 4,605170185988092 0,0033961432050059674
эмоциональный 3,912023005428146 0,002884972717867364
энциклопедия 0 0
эстес 4,605170185988092 0,006792286410011935
этап 2,407945608651872 0,0017757710978258642
юниорский 4,605170185988092 0,0033961432050059674
являться 0,3424903089467759 0,0007577219224486193
язык 0 0
январь 0,6733445532637655 0,002482833898465212
япония 1,8971199848858813 0,0027981120721030698
японский 1,4696759700589417 0,001083831836326653
ярослав 3,2188758248682006 0,0023738022307287616
ярославич 4,605170185988092 0,006792286410011935
ярославль 4,605170185988092 0,006792286410011935
ярославский 3,2188758248682006 0,0023738022307287616
