абсолютный 2,8134107167600364 0,001243221704268686
август 0 0
австрия 2,8134107167600364 0,014918660451224232
адам 3,912023005428146 0,003457377821854305
акимов 4,605170185988092 0,004069969231982406
александр 1,3470736479666094 0,0047620809472968964
александрович 1,6607312068216509 0,001467725326400045
александровна 2,659260036932778 0,002350207721549075
алексей 1,7719568419318754 0,003132049212429298
алфавит 0 0
анаис 4,605170185988092 0,004069969231982406
анастасия 3,2188758248682006 0,014223932058631024
анатолия 2,8134107167600364 0,004972886817074744
англ 1,0498221244986776 0,0013917217735289584
английский 0,37106368139083196 0,0009838188636080388
андрей 1,2039728043259361 0,0010640502026742697
анна 1,9661128563728327 0,0034752326228419494
анси 4,605170185988092 0,004069969231982406
антон 2,8134107167600364 0,009945773634149488
антонни 4,605170185988092 0,004069969231982406
антхольц 4,605170185988092 0,004069969231982406
апрель 0 0
арнд 4,605170185988092 0,004069969231982406
архив 0,3011050927839216 0,00026611143860708937
ачери 4,605170185988092 0,004069969231982406
бабик 4,605170185988092 0,008139938463964812
баскетбол 2,995732273553991 0,003971364039178954
белоруссия 2,659260036932778 0,002350207721549075
бенедикта 4,605170185988092 0,008139938463964812
бент 4,605170185988092 0,004069969231982406
беньямин 4,605170185988092 0,004069969231982406
бескон 4,605170185988092 0,004069969231982406
биатлон 3,912023005428146 0,203985291489404
биатлонист 4,605170185988092 0,02238483077590323
биатлонный 4,605170185988092 0,002034984615991203
биркеланд 4,605170185988092 0,004069969231982406
бишль 4,605170185988092 0,004069969231982406
бо 4,605170185988092 0,004069969231982406
богдана 3,912023005428146 0,003457377821854305
болгария 2,659260036932778 0,002350207721549075
боржо 4,605170185988092 0,004069969231982406
боснийский 2,659260036932778 0,0011751038607745374
бочарник 4,605170185988092 0,004069969231982406
брез 4,605170185988092 0,004069969231982406
бугетвейт 4,605170185988092 0,004069969231982406
бускеруд 4,605170185988092 0,004069969231982406
валентина 2,995732273553991 0,005295152052238605
ванесса 4,605170185988092 0,004069969231982406
вацлавик 4,605170185988092 0,004069969231982406
вегард 4,605170185988092 0,004069969231982406
вегер 4,605170185988092 0,008139938463964812
велоспорт 3,2188758248682006 0,004267179617589307
вероника 4,605170185988092 0,004069969231982406
версия 0 0
вид 1,0498221244986776 0,0023195362892149307
википедия 0 0
викторий 2,659260036932778 0,002350207721549075
викторович 2,207274913189721 0,0019507511384796476
викторовна 2,995732273553991 0,0013237880130596512
вилляйтнер 4,605170185988092 0,004069969231982406
вилухин 4,605170185988092 0,004069969231982406
виндиш 4,605170185988092 0,004069969231982406
винтовка 4,605170185988092 0,002034984615991203
вирер 4,605170185988092 0,004069969231982406
виролайненный 4,605170185988092 0,004069969231982406
вит 3,912023005428146 0,003457377821854305
витальевич 3,506557897319982 0,0030990348186654723
витков 4,605170185988092 0,004069969231982406
виттоцци 4,605170185988092 0,004069969231982406
вклад 0 0
включая 2,5257286443082556 0,002232195001598105
владимировна 2,8134107167600364 0,002486443408537372
вмест 1,8971199848858813 0,0008383208064011849
возможный 3,506557897319982 0,0015495174093327361
возрастной 3,912023005428146 0,0017286889109271524
волк 2,8134107167600364 0,002486443408537372
галина 3,2188758248682006 0,002844786411726205
гараничев 4,605170185988092 0,004069969231982406
география 0,083381608939051 7,369121426341229E-05
герджик 4,605170185988092 0,004069969231982406
германий 2,207274913189721 0,03121201821567436
германия 1,9661128563728327 0,008688081557104873
гигонный 4,605170185988092 0,004069969231982406
го 2,0402208285265546 0,00901555823476162
год 0,6348782724359695 0,0002805471818099733
гонка 2,995732273553991 0,025151972248133377
давидов 3,912023005428146 0,003457377821854305
дальмайер 4,605170185988092 0,016279876927929624
далья 0,3566749439387324 0,00015761155277893612
данный 0,1508228897345837 6,664732202146871E-05
дарья 3,912023005428146 0,00691475564370861
два 0 0
декабрь 0 0
дели 4,605170185988092 0,002034984615991203
делить 3,912023005428146 0,0017286889109271524
дениз 4,605170185988092 0,004069969231982406
день 1,3862943611198906 0,0006125914101281001
джима 4,605170185988092 0,004069969231982406
джоанный 4,605170185988092 0,004069969231982406
димитра 3,912023005428146 0,003457377821854305
дисциплина 3,506557897319982 0,0030990348186654723
долль 4,605170185988092 0,008139938463964812
доминик 2,995732273553991 0,005295152052238605
домрачев 3,912023005428146 0,003457377821854305
доротея 3,912023005428146 0,003457377821854305
дорфер 4,605170185988092 0,004069969231982406
драммен 4,605170185988092 0,002034984615991203
дудченко 4,605170185988092 0,004069969231982406
евгения 2,995732273553991 0,0026475760261193025
евгенья 2,0402208285265546 0,001803111646952324
европа 0,8915981192837835 0,0023639366839163507
егер 4,605170185988092 0,004069969231982406
единственный 1,3470736479666094 0,0005952601184121121
екатерина 2,5257286443082556 0,00446439000319621
елена 2,407945608651872 0,002128100405348539
елисей 3,912023005428146 0,003457377821854305
жаклин 3,506557897319982 0,0030990348186654723
женщина 1,6607312068216509 0,013209527937600404
журнал 0 0
жюлия 4,605170185988092 0,004069969231982406
жюстин 4,605170185988092 0,004069969231982406
загоруйко 4,605170185988092 0,004069969231982406
заниматься 0 0
запрос 0,1165338162559516 0,00010299055789301954
зимний 2,659260036932778 0,01292614246851991
знак 0 0
золотой 1,4696759700589417 0,0006494370172598063
иван 1,7719568419318754 0,001566024606214649
игоревна 3,912023005428146 0,0017286889109271524
игра 1,5606477482646683 0,011034186465857134
избранный 0,083381608939051 7,369121426341229E-05
избрать 0 0
изменение 0 0
изображение 0,06187540371808745 2,7342202261638292E-05
иметь 0,616186139423817 0,000272287290951753
индивидуальный 2,995732273553991 0,005295152052238605
информационный 3,2188758248682006 0,0014223932058631025
искать 0 0
искусство 0,083381608939051 7,369121426341229E-05
использование 0 0
история 0 0
источник 0 0
италия 1,8325814637483102 0,009717621548820029
июнь 0 0
йермуннсхауг 4,605170185988092 0,004069969231982406
йеспер 4,605170185988092 0,004069969231982406
йоханнес 3,506557897319982 0,006198069637330945
кайс 4,605170185988092 0,004069969231982406
кайти 3,912023005428146 0,003457377821854305
канада 2,659260036932778 0,002350207721549075
кандидатура 4,605170185988092 0,004069969231982406
каролин 4,605170185988092 0,008139938463964812
карп 4,605170185988092 0,004069969231982406
карякин 4,605170185988092 0,004069969231982406
категория 0 0
катрин 4,605170185988092 0,004069969231982406
кинг 3,506557897319982 0,0030990348186654723
китайский 1,171182981502945 0,0010350711281510783
клименко 3,912023005428146 0,003457377821854305
клод 3,912023005428146 0,003457377821854305
клуб 1,7719568419318754 0,0007830123031073245
клэр 3,912023005428146 0,003457377821854305
клячина 4,605170185988092 0,004069969231982406
км 0,8209805520698303 0,009432388136904812
книга 0 0
код 0 0
количество 2,120263536200091 0,0018738519984092719
колодойчук 4,605170185988092 0,004069969231982406
командный 2,995732273553991 0,0013237880130596512
комитет 2,659260036932778 0,0011751038607745374
контиолахть 4,605170185988092 0,008139938463964812
корея 2,995732273553991 0,005295152052238605
коровина 4,605170185988092 0,004069969231982406
красный 0,7765287894989963 0,0006862826243915124
крешимир 4,605170185988092 0,004069969231982406
крчмарж 4,605170185988092 0,004069969231982406
кубок 2,302585092994046 0,06715449232770969
кузьмина 4,605170185988092 0,016279876927929624
куррир 4,605170185988092 0,004069969231982406
ланга 3,912023005428146 0,003457377821854305
ландертингер 4,605170185988092 0,004069969231982406
ланнхейм 4,605170185988092 0,004069969231982406
лапшин 4,605170185988092 0,004069969231982406
ларс 4,605170185988092 0,004069969231982406
лаура 4,605170185988092 0,016279876927929624
лейк 4,605170185988092 0,004069969231982406
ленарт 4,605170185988092 0,004069969231982406
лессер 4,605170185988092 0,004069969231982406
летний 1,7147984280919266 0,0015155089952204389
лиза 3,506557897319982 0,0030990348186654723
личность 0,127833371509885 0,00011297690809534688
личный 2,5257286443082556 0,002232195001598105
логин 3,912023005428146 0,003457377821854305
лоренц 4,605170185988092 0,004069969231982406
лукас 3,506557897319982 0,0030990348186654723
лундер 4,605170185988092 0,004069969231982406
лучший 0 0
лыжник 3,912023005428146 0,0017286889109271524
лыжный 3,2188758248682006 0,004267179617589307
ляйтнер 4,605170185988092 0,004069969231982406
май 0 0
маковей 4,605170185988092 0,004069969231982406
максим 3,912023005428146 0,003457377821854305
максима 2,0402208285265546 0,007212446587809296
марина 3,2188758248682006 0,002844786411726205
маркет 4,605170185988092 0,004069969231982406
маркканный 4,605170185988092 0,004069969231982406
март 0 0
марта 0,3566749439387324 0,0009456693166736166
мартен 4,605170185988092 0,010174923079956015
мартин 2,207274913189721 0,003901502276959295
масса 2,659260036932778 0,0035253115823236122
матвей 4,605170185988092 0,004069969231982406
материал 0 0
маттиас 3,912023005428146 0,00691475564370861
медаль 2,407945608651872 0,0010640502026742695
международный 0,9942522733438669 0,002196757121837974
место 0 0
месяц 1,7147984280919266 0,0007577544976102194
миро 0 0
миронов 4,605170185988092 0,004069969231982406
миторай 4,605170185988092 0,004069969231982406
михал 4,605170185988092 0,004069969231982406
михаэль 4,605170185988092 0,008139938463964812
мобильный 0 0
мой 0 0
мокий 4,605170185988092 0,002034984615991203
москва 1,4271163556401458 0,0006306302941405859
моторный 3,2188758248682006 0,004267179617589307
мужчина 2,995732273553991 0,023828184235073723
мякяряйненный 4,605170185988092 0,004069969231982406
мяч 2,8134107167600364 0,003729665112806058
навигация 0 0
награда 1,3470736479666094 0,0005952601184121121
надин 4,605170185988092 0,004069969231982406
нажать 0 0
назарово 4,605170185988092 0,004069969231982406
название 0 0
наибольший 2,659260036932778 0,0011751038607745374
найти 0 0
народный 1,8325814637483102 0,0016196035914700048
настольный 3,506557897319982 0,004648552227998208
настоящий 1,6094379124341003 0,0007111966029315512
наука 0,05129329438755048 4,533212053694254E-05
находиться 0 0
нация 1,9661128563728327 0,0017376163114209747
начать 0,38566248081198473 0,0017042089297922437
начинать 0,1508228897345837 0,00013329464404293742
недоставать 1,07880966137193 0,0009534331960865489
некоммерческий 0 0
нелина 4,605170185988092 0,004069969231982406
немецкий 0,5108256237659907 0,00022572939627308472
нечитаемый 1,5606477482646683 0,0020689099623482127
нечкасов 4,605170185988092 0,004069969231982406
николайсный 4,605170185988092 0,004069969231982406
никулина 3,912023005428146 0,003457377821854305
новый 0 0
норвегия 2,995732273553991 0,04236121641790884
норвежский 1,7147984280919266 0,0007577544976102194
ноябрь 0 0
оберхоф 4,605170185988092 0,004069969231982406
обладатель 3,2188758248682006 0,0014223932058631025
облак 4,605170185988092 0,004069969231982406
обсуждение 0 0
общество 0,07257069283483537 6,413671483414527E-05
общий 1,3470736479666094 0,0041668208288847845
обязательный 0 0
одержать 2,659260036932778 0,002350207721549075
ойя 4,605170185988092 0,002034984615991203
октябрь 0 0
олег 2,407945608651872 0,002128100405348539
олимпийский 1,7719568419318754 0,013311209152824516
олсба 4,605170185988092 0,004069969231982406
олсбить 4,605170185988092 0,004069969231982406
ольга 2,659260036932778 0,0070506231646472245
описание 0 0
организация 0 0
основной 0 0
ответственность 0 0
отдельный 0 0
отказ 0 0
отсутствовать 0,05129329438755048 0,0006119836272487242
официальный 1,07880966137193 0,0023835829902163724
оценивание 0,1508228897345837 0,00013329464404293742
очко 3,2188758248682006 0,00568957282345241
пайффер 4,605170185988092 0,004069969231982406
пасьи 4,605170185988092 0,004069969231982406
пеппа 4,605170185988092 0,004069969231982406
первый 0 0
перейти 0 0
персоналия 0,07257069283483537 6,413671483414527E-05
перхт 4,605170185988092 0,004069969231982406
печать 0 0
печенкин 4,605170185988092 0,004069969231982406
пн 0,127833371509885 0,0010732806269057955
победа 1,8971199848858813 0,004191604032005925
победитель 2,8134107167600364 0,001243221704268686
подробный 0 0
подчуфаров 4,605170185988092 0,008139938463964812
поиск 0 0
покер 3,912023005428146 0,0051860667327814575
пол 2,659260036932778 0,002350207721549075
политик 0 0
получить 0 0
полынцева 4,605170185988092 0,004069969231982406
польский 1,2729656758128876 0,0005625124506464373
польша 2,995732273553991 0,0026475760261193025
помощь 0,127833371509885 5,648845404767344E-05
популярный 2,120263536200091 0,0009369259992046359
портал 0 0
последний 0 0
посмотреть 0 0
потенциальный 1,5141277326297755 0,0020072395925273207
править 0 0
правка 0 0
предлагать 0 0
преследование 2,995732273553991 0,005295152052238605
принять 1,3862943611198906 0,0006125914101281001
проект 0 0
проходить 1,5141277326297755 0,0006690798641757735
работа 0,9942522733438669 0,0008787028487351895
разработчик 0 0
райтер 4,605170185988092 0,004069969231982406
рассел 4,605170185988092 0,004069969231982406
реес 4,605170185988092 0,004069969231982406
результат 1,4696759700589417 0,0051954961380784506
рейд 3,2188758248682006 0,002844786411726205
рекорд 2,5257286443082556 0,0011160975007990525
религия 0,083381608939051 7,369121426341229E-05
реми 3,506557897319982 0,0030990348186654723
республика 0,9416085398584451 0,0024965317009061736
риданный 4,605170185988092 0,004069969231982406
родиться 0,8915981192837835 0,0003939894473193918
родственный 0,21072103131565253 9,311578935733653E-05
рождественский 3,2188758248682006 0,0014223932058631025
роман 1,4696759700589417 0,0012988740345196126
российский 1,0498221244986776 0,0018556290313719447
россия 0,7765287894989963 0,02710816366346474
рупольдинг 4,605170185988092 0,004069969231982406
русский 0 0
сайт 2,302585092994046 0,005087461539978007
самуэльссон 4,605170185988092 0,004069969231982406
самый 0,5447271754416719 0,0004814203936735943
санный 3,912023005428146 0,003457377821854305
сари 4,605170185988092 0,004069969231982406
сведение 0 0
свежий 0 0
свендсный 4,605170185988092 0,004069969231982406
светлана 3,912023005428146 0,00691475564370861
свободный 0 0
связать 0 0
себастьян 3,912023005428146 0,003457377821854305
сезон 2,8134107167600364 0,001243221704268686
селедцова 4,605170185988092 0,004069969231982406
семеренко 4,605170185988092 0,008139938463964812
сентябрь 0 0
сергей 1,8325814637483102 0,006478414365880019
сеть 2,5257286443082556 0,0011160975007990525
симона 2,995732273553991 0,007942728078357908
система 0 0
сити 3,912023005428146 0,003457377821854305
слеп 4,605170185988092 0,004069969231982406
слепцовый 4,605170185988092 0,004069969231982406
сливко 4,605170185988092 0,004069969231982406
словакия 2,8134107167600364 0,009945773634149488
словения 2,8134107167600364 0,007459330225612116
слоф 4,605170185988092 0,004069969231982406
случай 0 0
случайный 0 0
смешать 3,2188758248682006 0,0014223932058631025
смотреть 0 0
снукер 3,912023005428146 0,0051860667327814575
событие 0 0
совместный 2,120263536200091 0,0018738519984092719
содержание 0,1392620673335076 6,153869524238073E-05
создание 0,8675005677047231 0,0003833409490520208
создать 0 0
солт 4,605170185988092 0,004069969231982406
сообщество 0 0
соответственно 2,8134107167600364 0,001243221704268686
соревнование 2,5257286443082556 0,0033482925023971574
сохранение 0 0
социальный 2,5257286443082556 0,0011160975007990525
сочетать 3,912023005428146 0,0017286889109271524
союз 1,4696759700589417 0,0025977480690392253
список 0 0
спорт 0,083381608939051 0,0004789928927121798
спорткомплекс 3,912023005428146 0,0017286889109271524
спортсмен 2,207274913189721 0,0048768778461991185
спринт 4,605170185988092 0,006104953847973609
среди 1,4696759700589417 0,0025977480690392253
ссылаться 0 0
ссылка 0 0
старт 3,912023005428146 0,0051860667327814575
статистик 0 0
статья 0 0
страница 0 0
стрельба 3,2188758248682006 0,0014223932058631025
сураев 4,605170185988092 0,004069969231982406
сша 0,9675840262617057 0,0034205356650877797
сюд 0 0
таисия 4,605170185988092 0,004069969231982406
тарий 4,605170185988092 0,004069969231982406
татьяна 3,2188758248682006 0,002844786411726205
текст 0 0
текущий 3,2188758248682006 0,0014223932058631025
теннис 2,8134107167600364 0,003729665112806058
техника 0,06187540371808745 5,4684404523276584E-05
течь 0 0
тимофей 3,912023005428146 0,003457377821854305
тинес 4,605170185988092 0,008139938463964812
тириль 4,605170185988092 0,004069969231982406
титул 2,659260036932778 0,0011751038607745374
титуловать 4,605170185988092 0,002034984615991203
триатлон 3,912023005428146 0,0051860667327814575
тюмень 4,605170185988092 0,004069969231982406
указатель 0 0
украина 1,9661128563728327 0,006081657089973411
украинский 1,07880966137193 0,0014301497941298232
уле 4,605170185988092 0,004069969231982406
условие 0 0
участие 0 0
участник 0 0
фабьен 4,605170185988092 0,004069969231982406
фабьенна 4,605170185988092 0,004069969231982406
фак 4,605170185988092 0,008139938463964812
фана 3,912023005428146 0,0017286889109271524
февраль 0 0
федерация 1,4271163556401458 0,0006306302941405859
феликс 2,995732273553991 0,0026475760261193025
фемлинг 4,605170185988092 0,004069969231982406
философия 0,09431067947124142 8,335013651899375E-05
финляндия 2,5257286443082556 0,00892878000639242
флаг 0,8675005677047231 0,08510169068954862
формула 2,8134107167600364 0,003729665112806058
форум 0 0
франций 1,7147984280919266 0,013639580956983949
франция 1,3093333199837622 0,004628663968126424
французский 0,23572233352106994 0,00010416364715911178
фуркад 4,605170185988092 0,010174923079956015
фуровать 4,605170185988092 0,004069969231982406
футбол 1,7719568419318754 0,009396147637287895
фюлька 4,605170185988092 0,004069969231982406
хавард 4,605170185988092 0,004069969231982406
ханна 3,912023005428146 0,003457377821854305
хартвегер 4,605170185988092 0,004069969231982406
хеголь 4,605170185988092 0,004069969231982406
хельге 4,605170185988092 0,004069969231982406
херрман 4,605170185988092 0,004069969231982406
хинц 4,605170185988092 0,004069969231982406
хоккей 2,995732273553991 0,007942728078357908
холменколльный 4,605170185988092 0,004069969231982406
хорватия 2,8134107167600364 0,002486443408537372
хорхлер 4,605170185988092 0,012209907695947217
хофер 4,605170185988092 0,004069969231982406
хохфильцен 4,605170185988092 0,004069969231982406
цветок 2,8134107167600364 0,004972886817074744
црнкович 4,605170185988092 0,004069969231982406
цымбала 4,605170185988092 0,004069969231982406
че 2,407945608651872 0,0010640502026742695
чемпион 2,5257286443082556 0,006696585004794315
чемпионат 1,4696759700589417 0,010390992276156901
чернышев 4,605170185988092 0,004069969231982406
чехия 3,2188758248682006 0,01137914564690482
чжан 4,605170185988092 0,004069969231982406
читать 0 0
член 1,7147984280919266 0,0015155089952204389
чуд 3,912023005428146 0,003457377821854305
шаблон 0 0
шардин 4,605170185988092 0,004069969231982406
шахмат 3,912023005428146 0,0051860667327814575
шашка 3,912023005428146 0,0051860667327814575
швейцария 2,995732273553991 0,005295152052238605
швеция 2,8134107167600364 0,014918660451224232
шемп 4,605170185988092 0,004069969231982406
шемпп 4,605170185988092 0,004069969231982406
шеталина 4,605170185988092 0,004069969231982406
шипулин 4,605170185988092 0,004069969231982406
шоммер 4,605170185988092 0,004069969231982406
эберг 4,605170185988092 0,004069969231982406
эган 4,605170185988092 0,004069969231982406
эгида 2,995732273553991 0,0013237880130596512
эйнар 4,605170185988092 0,010174923079956015
экхофф 4,605170185988092 0,004069969231982406
элемент 0,19845093872383823 0,00017538748451068338
эмиль 2,995732273553991 0,0026475760261193025
эмма 2,995732273553991 0,0026475760261193025
энг 4,605170185988092 0,004069969231982406
энциклопедия 0 0
эрик 3,506557897319982 0,0030990348186654723
эрленд 4,605170185988092 0,004069969231982406
эстафета 3,506557897319982 0,007747587046663681
эстерсунд 4,605170185988092 0,006104953847973609
этап 2,407945608651872 0,026601255066856736
юлия 4,605170185988092 0,004069969231982406
юниор 3,912023005428146 0,00691475564370861
юрлово 4,605170185988092 0,008139938463964812
язык 0 0
яй 1,7147984280919266 0,011366317464153291
яков 2,8134107167600364 0,004972886817074744
январь 0,6733445532637655 0,0023803607715908635
яня 4,605170185988092 0,004069969231982406
япония 1,8971199848858813 0,0016766416128023698
