август 0 0
азербайджанский 1,6607312068216509 0,0017245391555780383
активный 2,302585092994046 0,00956421637796073
алфавит 0 0
английский 0,37106368139083196 0,0003853205414235015
апрель 0 0
арабский 0,38566248081198473 0,0004004802500643663
армянский 1,8325814637483102 0,0019029921741934685
архив 0,3011050927839216 0,0018760441918001347
астероид 4,605170185988092 0,00956421637796073
астролог 4,605170185988092 0,004782108188980365
астрометрия 4,605170185988092 0,023910540944901828
астроном 3,912023005428146 0,008124658370567282
астрономический 3,2188758248682006 0,09359140508443367
астрономия 2,995732273553991 0,3297483084078121
астрофизика 3,912023005428146 0,028436304296985484
атмосфера 3,2188758248682006 0,003342550181586916
африкаанс 3,506557897319982 0,0036412854593146225
баз 2,5257286443082556 0,005245542355780385
белорусский 2,659260036932778 0,002761433060158648
белый 1,6094379124341003 0,001671275090793458
бенгальский 2,120263536200091 0,002201727451921174
ближайший 3,506557897319982 0,007282570918629245
болгарский 1,9661128563728327 0,002041654056461924
большой 1,1086626245216111 0,0023025184309898466
боснийский 2,659260036932778 0,002761433060158648
варьироваться 4,605170185988092 0,004782108188980365
венгерский 1,9661128563728327 0,002041654056461924
венера 3,912023005428146 0,004062329185283641
венеция 3,2188758248682006 0,006685100363173832
версия 0 0
викиновость 1,0216512475319812 0,0010609047222554322
википедия 0 0
вклад 0 0
включать 1,9661128563728327 0,002041654056461924
внегалактический 4,605170185988092 0,00956421637796073
возраст 2,120263536200091 0,002201727451921174
волновой 4,605170185988092 0,00956421637796073
второй 1,2378743560016172 0,0012854354683298206
высокий 1,8971199848858813 0,0019700103685211644
вьетнамский 1,6094379124341003 0,001671275090793458
галактика 3,912023005428146 0,012186987555850922
геология 2,659260036932778 0,008284299180475943
гигант 4,605170185988092 0,00956421637796073
главный 1,9661128563728327 0,006124962169385771
голос 3,506557897319982 0,0036412854593146225
голосование 3,2188758248682006 0,003342550181586916
голубой 3,2188758248682006 0,003342550181586916
гравитационный 4,605170185988092 0,014346324566941095
греческий 1,4271163556401458 0,0014819484482244505
грузинский 1,8325814637483102 0,0019029921741934685
далья 0,3566749439387324 0,0003703789656684656
данный 0,1508228897345837 0,000626470985398063
два 0 0
девятый 3,912023005428146 0,004062329185283641
декабрь 0 0
день 1,3862943611198906 0,0028791160147868962
длина 2,5257286443082556 0,0026227711778901925
добавить 1,0498221244986776 0,0010901579693651897
добротный 2,995732273553991 0,006221666196373813
доработка 2,5257286443082556 0,005245542355780385
достигать 3,2188758248682006 0,003342550181586916
достижение 2,207274913189721 0,0022920819451606655
древнейший 2,407945608651872 0,00250046272964888
дыра 3,912023005428146 0,004062329185283641
единица 3,912023005428146 0,008124658370567282
журнал 0 0
задача 2,995732273553991 0,0031108330981869064
закон 1,9661128563728327 0,004083308112923848
заниматься 0 0
запрос 0,1165338162559516 0,00012101123183380229
звезда 1,8325814637483102 0,005708976522580405
земля 1,2378743560016172 0,006427177341649103
знаете 0,06187540371808745 0,00025701102271272045
знак 0 0
зодиакальный 4,605170185988092 0,004782108188980365
иврит 1,6607312068216509 0,0017245391555780383
играть 2,120263536200091 0,002201727451921174
избрать 0 0
изменение 0 0
измерение 3,506557897319982 0,007282570918629245
изображение 0,06187540371808745 0,0003212637783909006
изучать 2,5257286443082556 0,0026227711778901925
изучение 2,407945608651872 0,00250046272964888
искать 0 0
исключение 2,659260036932778 0,002761433060158648
испанский 0,49429632181478017 0,0005132879769623886
использование 0 0
использовать 1,4271163556401458 0,0014819484482244505
исследование 2,120263536200091 0,011008637259605873
история 0 0
источник 0 0
итальянский 0,7339691750802005 0,0007621694445277264
июнь 0 0
календарь 2,995732273553991 0,0031108330981869064
карлик 4,605170185988092 0,004782108188980365
каталанский 1,8325814637483102 0,0019029921741934685
каталог 3,506557897319982 0,007282570918629245
категория 0 0
кечуа 2,995732273553991 0,0031108330981869064
килопарсек 4,605170185988092 0,004782108188980365
китайский 1,171182981502945 0,0012161817045721133
класс 2,995732273553991 0,009332499294560719
климат 2,302585092994046 0,0023910540944901827
книга 0 0
код 0 0
компонент 3,506557897319982 0,007282570918629245
константа 4,605170185988092 0,00956421637796073
корень 3,2188758248682006 0,003342550181586916
космический 2,995732273553991 0,0031108330981869064
космология 3,912023005428146 0,004062329185283641
космонавтика 3,506557897319982 0,02548899821520236
красный 0,7765287894989963 0,001612728534785039
круг 3,2188758248682006 0,003342550181586916
кэш 3,912023005428146 0,004062329185283641
лат 1,8325814637483102 0,0019029921741934685
латышский 2,995732273553991 0,0031108330981869064
лоуэлла 4,605170185988092 0,00956421637796073
лучший 0 0
любитель 3,2188758248682006 0,003342550181586916
любительский 3,912023005428146 0,008124658370567282
любой 2,8134107167600364 0,0029215064556178984
май 0 0
македонский 1,5606477482646683 0,0016206103304929058
март 0 0
марта 0,3566749439387324 0,0014815158626738623
масса 2,659260036932778 0,008284299180475943
массивный 4,605170185988092 0,004782108188980365
математика 2,659260036932778 0,008284299180475943
материал 0 0
мероприятие 3,2188758248682006 0,006685100363173832
место 0 0
метеорит 3,912023005428146 0,020311645926418206
метеоритика 4,605170185988092 0,014346324566941095
механика 4,605170185988092 0,00956421637796073
миро 0 0
миф 3,506557897319982 0,007282570918629245
мобильный 0 0
мой 0 0
моча 0,16251892949777494 0,00016876316666435611
мочь 0,8209805520698303 0,0008525239377672174
мощный 3,506557897319982 0,007282570918629245
наблюдательный 4,605170185988092 0,014346324566941095
наблюдать 3,506557897319982 0,007282570918629245
наблюдение 2,8134107167600364 0,0029215064556178984
навигация 0 0
награда 1,3470736479666094 0,001398830371720259
нажать 0 0
название 0 0
найти 0 0
направление 1,8325814637483102 0,003805984348386937
насчитывать 2,659260036932778 0,002761433060158648
наука 0,05129329438755048 0,0002663203239228997
находиться 0 0
неакадемический 3,912023005428146 0,008124658370567282
небесный 2,995732273553991 0,006221666196373813
небо 2,207274913189721 0,01146040972580333
недавний 2,8134107167600364 0,0029215064556178984
неделя 1,5141277326297755 0,0031446058829278827
некоммерческий 0 0
немецкий 0,5108256237659907 0,0005304523611277162
немногие 3,912023005428146 0,004062329185283641
непрофессионал 4,605170185988092 0,004782108188980365
новость 1,4271163556401458 0,004445845344673351
новый 0 0
норвежский 1,7147984280919266 0,0017806837259521564
ночной 2,995732273553991 0,0031108330981869064
ноябрь 0 0
область 0,7765287894989963 0,0008063642673925195
обсерватория 3,2188758248682006 0,013370200726347665
обсуждение 0 0
общий 1,3470736479666094 0,001398830371720259
объект 1,6607312068216509 0,005173617466734115
объяснение 3,506557897319982 0,0036412854593146225
обязательный 0 0
один 0,843970070294529 0,0008763967500462398
одиннадцатилетний 4,605170185988092 0,004782108188980365
оксфорд 3,506557897319982 0,007282570918629245
октябрь 0 0
описание 0 0
опубликовать 2,995732273553991 0,0031108330981869064
организация 0 0
орден 1,5141277326297755 0,0031446058829278827
основной 0 0
ответственность 0 0
отдельный 0 0
отказ 0 0
открытие 2,5257286443082556 0,005245542355780385
открыть 2,0402208285265546 0,006355828126250949
отличие 3,2188758248682006 0,003342550181586916
отпатрулировать 2,207274913189721 0,006876245835481997
отрасль 3,912023005428146 0,004062329185283641
официальный 1,07880966137193 0,0011202592537610902
оценка 2,302585092994046 0,0023910540944901827
очистить 2,995732273553991 0,0031108330981869064
первоначальный 2,302585092994046 0,0023910540944901827
первый 0 0
перейти 0 0
перемычка 4,605170185988092 0,004782108188980365
персидский 1,5606477482646683 0,0016206103304929058
пёс 4,605170185988092 0,004782108188980365
печать 0 0
планета 2,659260036932778 0,016568598360951887
планетология 4,605170185988092 0,014346324566941095
плутон 4,605170185988092 0,014346324566941095
пн 0,127833371509885 0,0007964696044229594
погода 3,912023005428146 0,004062329185283641
подготовка 2,995732273553991 0,0031108330981869064
подробный 0 0
поиск 0 0
показать 1,2729656758128876 0,0026437501055304
политик 0 0
получить 0 0
польский 1,2729656758128876 0,0013218750527652
помочь 0,127833371509885 0,0002654898681409865
портал 0 0
португальский 0,49429632181478017 0,0005132879769623886
последний 0 0
последовательность 4,605170185988092 0,004782108188980365
посмотреть 0 0
потратить 4,605170185988092 0,004782108188980365
править 0 0
правка 0 0
предел 3,2188758248682006 0,006685100363173832
предлагать 0 0
предусмотреть 4,605170185988092 0,004782108188980365
примерно 2,407945608651872 0,00250046272964888
прогореть 4,605170185988092 0,004782108188980365
проект 0 0
происходить 1,9661128563728327 0,002041654056461924
происхождение 1,7147984280919266 0,0017806837259521564
процесс 1,8325814637483102 0,0019029921741934685
развитие 0,9416085398584451 0,000977786645751241
развиться 3,912023005428146 0,004062329185283641
раздел 0,9675840262617057 0,004019040607525257
различный 1,8971199848858813 0,0019700103685211644
разработчик 0 0
рамка 1,8971199848858813 0,0019700103685211644
регион 0,9942522733438669 0,0030973591069902396
редактировать 3,2188758248682006 0,006685100363173832
родственный 0,21072103131565253 0,00021881727031739618
роль 2,120263536200091 0,002201727451921174
рубрика 3,912023005428146 0,004062329185283641
русский 0 0
сайт 2,302585092994046 0,004782108188980365
самый 0,5447271754416719 0,0005656564646330965
сведение 0 0
свежий 0 0
световой 4,605170185988092 0,004782108188980365
свободный 0 0
свойство 3,506557897319982 0,0036412854593146225
связать 0 0
северный 1,1086626245216111 0,0011512592154949233
сентябрь 0 0
сербский 1,7147984280919266 0,0017806837259521564
сириус 3,506557897319982 0,04369542551177547
система 0 0
случай 0 0
случайный 0 0
смотреть 0 0
снегурочка 4,605170185988092 0,004782108188980365
событие 0 0
современный 1,0216512475319812 0,0010609047222554322
содержание 0,1392620673335076 0,0001446127386640785
созвездие 4,605170185988092 0,004782108188980365
создание 0,8675005677047231 0,0018016626535923635
создать 0 0
солнечный 2,995732273553991 0,0031108330981869064
солнце 2,8134107167600364 0,005843012911235797
сомали 2,995732273553991 0,0031108330981869064
сообщество 0 0
сопровождение 3,506557897319982 0,0036412854593146225
составлять 1,6094379124341003 0,001671275090793458
состояние 1,7147984280919266 0,0017806837259521564
состоять 1,7719568419318754 0,0018400382574578144
сохранение 0 0
спектральный 4,605170185988092 0,00956421637796073
спиральный 3,912023005428146 0,004062329185283641
список 0 0
спутник 2,5257286443082556 0,005245542355780385
ссылаться 0 0
ссылка 0 0
стабильный 1,4271163556401458 0,0014819484482244505
статистик 0 0
статья 0 0
страна 0,43078291609245434 0,0008946685692470495
страница 0 0
существовать 1,4271163556401458 0,0014819484482244505
сюд 0 0
тайский 2,407945608651872 0,00250046272964888
таять 4,605170185988092 0,004782108188980365
текст 0 0
телескоп 3,506557897319982 0,01456514183725849
тело 2,120263536200091 0,002201727451921174
температура 3,506557897319982 0,0036412854593146225
теоретический 4,605170185988092 0,014346324566941095
течь 0 0
требовать 1,4696759700589417 0,0015261432710892437
указатель 0 0
украинский 1,07880966137193 0,0011202592537610902
улучшение 1,4271163556401458 0,002963896896448901
уравнение 4,605170185988092 0,00956421637796073
условие 0 0
уходить 3,2188758248682006 0,003342550181586916
участие 0 0
участник 0 0
февраль 0 0
физика 2,659260036932778 0,008284299180475943
физический 2,120263536200091 0,002201727451921174
финский 1,9661128563728327 0,002041654056461924
форум 0 0
фотография 2,659260036932778 0,002761433060158648
французский 0,23572233352106994 0,00024477916253485974
хаббла 3,912023005428146 0,008124658370567282
химический 3,912023005428146 0,004062329185283641
хороший 0,7985076962177716 0,003316750555421689
чешский 1,3862943611198906 0,0014395580073934481
читать 0 0
шаблон 0 0
шведский 1,7147984280919266 0,0017806837259521564
школьница 3,912023005428146 0,004062329185283641
эволюция 3,2188758248682006 0,003342550181586916
экзопланет 4,605170185988092 0,004782108188980365
экзопланетология 3,912023005428146 0,020311645926418206
экстремальный 3,506557897319982 0,0036412854593146225
элемент 0,19845093872383823 0,00041215148229249894
энциклопедия 0 0
явление 2,407945608651872 0,00500092545929776
являться 0,3424903089467759 0,0007112986686329718
язык 0 0
японский 1,4696759700589417 0,0015261432710892437
ярчайший 4,605170185988092 0,004782108188980365
