август 0 0
августа 0,843970070294529 0,0015165679609964583
автономный 1,6607312068216509 0,0029842429592482496
административный 0,7133498878774648 0,000640925326035458
аллея 4,605170185988092 0,004137619214724252
алфавит 0 0
аль 2,207274913189721 0,009915880113161371
альгамбр 4,605170185988092 0,020688096073621258
альмерия 3,912023005428146 0,0035148454675904277
амфитеатр 3,912023005428146 0,0035148454675904277
английский 0,37106368139083196 0,00033339054931790836
андалус 3,912023005428146 0,01405938187036171
андалусийский 4,605170185988092 0,004137619214724252
андалусия 3,506557897319982 0,1827316783868454
андалусский 4,605170185988092 0,004137619214724252
ансамбль 3,2188758248682006 0,005784143440913209
антунес 3,912023005428146 0,007029690935180855
апельсиновый 4,605170185988092 0,004137619214724252
апрель 0 0
араб 2,8134107167600364 0,0025277724319497184
арабский 0,38566248081198473 0,0013860286821634673
арка 3,912023005428146 0,0035148454675904277
арнаис 4,605170185988092 0,008275238429448504
архив 0,3011050927839216 0,0010821386982351182
архитектура 1,1086626245216111 0,005976617921949387
архитектурный 2,5257286443082556 0,0022692979733227813
астурия 3,506557897319982 0,006301092358167083
атлантический 1,9661128563728327 0,0035329970464920628
аукцион 4,605170185988092 0,004137619214724252
баня 3,506557897319982 0,0031505461790835416
башня 2,8134107167600364 0,0025277724319497184
бежать 3,2188758248682006 0,0028920717204566045
белен 4,605170185988092 0,008275238429448504
большинство 1,7147984280919266 0,0015406993963090088
брак 2,659260036932778 0,004778544540759709
брызг 4,605170185988092 0,004137619214724252
бюст 3,912023005428146 0,007029690935180855
важный 2,659260036932778 0,0023892722703798544
вандал 3,912023005428146 0,0035148454675904277
вандалусия 4,605170185988092 0,004137619214724252
вандерль 3,912023005428146 0,007029690935180855
варианта 2,407945608651872 0,002163473143442832
вартанян 4,605170185988092 0,008275238429448504
век 0,5108256237659907 0,0013768884737627783
версия 0 0
вершина 2,995732273553991 0,0026915833544959487
вечный 3,2188758248682006 0,0028920717204566045
вики 1,6094379124341003 0,0014460358602283022
википедия 0 0
вклад 0 0
влияние 2,302585092994046 0,002068809607362126
внутренний 2,120263536200091 0,001904998684815895
внутри 2,995732273553991 0,0026915833544959487
вода 2,659260036932778 0,004778544540759709
воедино 4,605170185988092 0,004137619214724252
восемь 3,506557897319982 0,0031505461790835416
восток 0,7985076962177716 0,0007174372832145298
восточный 0,9162907318741551 0,000823262113094479
впервый 1,5606477482646683 0,001402199234739145
время 2,407945608651872 0,002163473143442832
вручить 2,120263536200091 0,001904998684815895
вучко 4,605170185988092 0,008275238429448504
входить 1,2378743560016172 0,0011121961868837532
вызвать 3,2188758248682006 0,0028920717204566045
высший 2,302585092994046 0,002068809607362126
вязь 4,605170185988092 0,008275238429448504
габриэль 4,605170185988092 0,008275238429448504
галиана 4,605170185988092 0,008275238429448504
гарсия 2,995732273553991 0,005383166708991897
география 0,083381608939051 0,000299664362763885
герб 0,7133498878774648 0,001281850652070916
гибралтарский 4,605170185988092 0,004137619214724252
голубой 3,2188758248682006 0,0028920717204566045
горный 1,8971199848858813 0,0017045103188552393
город 0,3424903089467759 0,00030771815718488404
гранада 3,912023005428146 0,01757422733795214
гранадский 4,605170185988092 0,004137619214724252
граничить 1,1394342831883648 0,0020475009581102693
график 3,912023005428146 0,010544536402771284
грис 4,605170185988092 0,004137619214724252
д 1,5141277326297755 0,0013604022754984506
далья 0,3566749439387324 0,000320462663017729
данный 0,1508228897345837 0,00013551023336440582
два 0 0
дворец 1,9661128563728327 0,0017664985232460314
дворик 4,605170185988092 0,004137619214724252
дворцовый 3,912023005428146 0,0035148454675904277
де 1,1394342831883648 0,005118752395275673
декабрь 0 0
декоративный 3,506557897319982 0,0031505461790835416
деление 0,9675840262617057 0,0008693477324903016
дерево 1,7147984280919266 0,004622098188927026
джино 4,605170185988092 0,008275238429448504
дизайнер 3,506557897319982 0,0031505461790835416
династия 2,0402208285265546 0,0018330825054146942
доллар 2,302585092994046 0,004137619214724252
дом 1,3470736479666094 0,001210308758280871
домингуш 3,912023005428146 0,007029690935180855
дополнить 1,5141277326297755 0,0013604022754984506
дорогой 3,2188758248682006 0,005784143440913209
достижение 2,207274913189721 0,001983176022632274
достопримечательность 1,7147984280919266 0,0030813987926180176
др 1,8971199848858813 0,0034090206377104786
древнеримский 3,912023005428146 0,0035148454675904277
друг 2,659260036932778 0,004778544540759709
дуарт 3,912023005428146 0,007029690935180855
европа 0,8915981192837835 0,003204305909375682
европейский 1,1086626245216111 0,0009961029869915644
жизнь 1,5606477482646683 0,001402199234739145
жилой 3,506557897319982 0,0031505461790835416
жорж 3,506557897319982 0,006301092358167083
журнал 0 0
журчать 4,605170185988092 0,004137619214724252
заключить 2,8134107167600364 0,0025277724319497184
закрепиться 4,605170185988092 0,004137619214724252
заниматься 0 0
запад 0,9162907318741551 0,000823262113094479
западный 0,9942522733438669 0,0026799252650778083
запрос 0,1165338162559516 0,00020940488096307569
заслуга 2,0402208285265546 0,0036661650108293885
захват 3,912023005428146 0,0035148454675904277
захватить 2,407945608651872 0,002163473143442832
звезда 1,8325814637483102 0,001646524226188958
звездать 3,912023005428146 0,007029690935180855
знаете 0,06187540371808745 0,00011118670928676992
знак 0 0
иберийский 3,912023005428146 0,010544536402771284
иван 1,7719568419318754 0,003184109329617027
играть 2,120263536200091 0,001904998684815895
изабелла 3,912023005428146 0,007029690935180855
избранный 0,083381608939051 0,00022474827207291377
избрать 0 0
изменение 0 0
изображение 0,06187540371808745 5,559335464338496E-05
изобразительный 3,2188758248682006 0,0028920717204566045
изразец 4,605170185988092 0,008275238429448504
изящный 3,506557897319982 0,0031505461790835416
интервик 0,9675840262617057 0,0008693477324903016
иосифовна 4,605170185988092 0,008275238429448504
искать 0 0
исключение 2,659260036932778 0,0023892722703798544
исключительный 3,912023005428146 0,0035148454675904277
искусство 0,083381608939051 0,00044949654414582754
исламский 3,2188758248682006 0,0028920717204566045
исп 1,9661128563728327 0,005299495569738094
испания 1,7147984280919266 0,02465119034094414
испанский 0,49429632181478017 0,0035528935979499024
испанско 2,5257286443082556 0,004538595946645563
использование 0 0
использовать 1,4271163556401458 0,0012822249376820717
использоваться 1,4696759700589417 0,001320463584958618
исторический 1,2378743560016172 0,0011121961868837532
история 0 0
источник 0 0
италик 4,605170185988092 0,008275238429448504
июль 0,9162907318741551 0,000823262113094479
июнь 0 0
йорк 2,8134107167600364 0,0025277724319497184
кадис 4,605170185988092 0,004137619214724252
какой 1,8971199848858813 0,0017045103188552393
кальдера 3,912023005428146 0,007029690935180855
камень 2,5257286443082556 0,004538595946645563
канал 2,407945608651872 0,002163473143442832
канарский 3,2188758248682006 0,008676215161369813
картина 2,302585092994046 0,002068809607362126
каскад 4,605170185988092 0,004137619214724252
кастилия 2,995732273553991 0,005383166708991897
каталония 2,995732273553991 0,008074750063487847
категория 0 0
керамист 4,605170185988092 0,008275238429448504
керамический 4,605170185988092 0,004137619214724252
кипарисовый 4,605170185988092 0,004137619214724252
кишка 3,912023005428146 0,007029690935180855
кладбище 2,5257286443082556 0,0022692979733227813
клумба 4,605170185988092 0,004137619214724252
книга 0 0
код 0 0
колония 1,8325814637483102 0,001646524226188958
колонна 3,2188758248682006 0,005784143440913209
комплекс 1,8971199848858813 0,0017045103188552393
композиция 3,2188758248682006 0,0028920717204566045
кордова 3,912023005428146 0,007029690935180855
который 0,9162907318741551 0,000823262113094479
красная 2,207274913189721 0,001983176022632274
крепостной 3,2188758248682006 0,0028920717204566045
кристис 4,605170185988092 0,008275238429448504
кубизм 4,605170185988092 0,004137619214724252
культура 0,3566749439387324 0,000640925326035458
куэста 4,605170185988092 0,008275238429448504
ла 2,120263536200091 0,005714996054447685
лат 1,8325814637483102 0,001646524226188958
леон 2,120263536200091 0,00761999473926358
лист 2,995732273553991 0,005383166708991897
личность 0,127833371509885 0,00011485478123080414
лос 2,995732273553991 0,0026915833544959487
луна 2,659260036932778 0,004778544540759709
лучший 0 0
любобратович 4,605170185988092 0,008275238429448504
мавританский 4,605170185988092 0,004137619214724252
май 0 0
малага 3,912023005428146 0,01405938187036171
манер 3,912023005428146 0,0035148454675904277
манера 4,605170185988092 0,004137619214724252
манч 4,605170185988092 0,004137619214724252
манча 3,506557897319982 0,0031505461790835416
мария 1,6607312068216509 0,008952728877744748
март 0 0
мартин 2,207274913189721 0,003966352045264548
масса 2,659260036932778 0,0023892722703798544
материал 0 0
машадо 3,912023005428146 0,007029690935180855
международный 0,9942522733438669 0,0017866168433852056
местна 4,605170185988092 0,004137619214724252
место 0 0
мечеть 2,659260036932778 0,004778544540759709
миро 0 0
млн 1,8325814637483102 0,001646524226188958
многие 1,5606477482646683 0,001402199234739145
многочисленный 2,659260036932778 0,0023892722703798544
мобильный 0 0
мой 0 0
момент 2,0402208285265546 0,0018330825054146942
монета 2,5257286443082556 0,0022692979733227813
море 1,1394342831883648 0,0020475009581102693
моча 0,16251892949777494 0,0001460188045802111
мужный 4,605170185988092 0,008275238429448504
музей 1,3093333199837622 0,002352800215604245
мурсия 3,912023005428146 0,007029690935180855
мусульманин 2,659260036932778 0,0023892722703798544
мусульманский 2,407945608651872 0,004326946286885664
наваррий 4,605170185988092 0,008275238429448504
навигация 0 0
награда 1,3470736479666094 0,001210308758280871
нажать 0 0
название 0 0
называться 1,9661128563728327 0,0017664985232460314
найти 0 0
написать 0,9942522733438669 0,0008933084216926028
наполнять 3,2188758248682006 0,0028920717204566045
насрид 4,605170185988092 0,004137619214724252
настоящий 1,6094379124341003 0,0014460358602283022
наука 0,05129329438755048 9,217123879164508E-05
находиться 0 0
национальный 0,7550225842780328 0,0013567342035544167
начать 0,38566248081198473 0,0069301434108173365
начинать 0,1508228897345837 0,00027102046672881165
небо 2,207274913189721 0,001983176022632274
неделя 1,5141277326297755 0,004081206826495352
некоммерческий 0 0
новый 0 0
ноябрь 0 0
нумизматика 4,605170185988092 0,004137619214724252
ньевеса 4,605170185988092 0,008275238429448504
нью 2,659260036932778 0,0023892722703798544
область 0,7765287894989963 0,0006976898378247945
образование 0,7339691750802005 0,001318902381096497
образовать 1,6607312068216509 0,0014921214796241248
обсуждение 0 0
обширный 3,2188758248682006 0,0028920717204566045
общество 0,07257069283483537 0,0001304055576546907
общий 1,3470736479666094 0,001210308758280871
обязательный 0 0
оказать 2,995732273553991 0,0026915833544959487
океан 1,6607312068216509 0,0029842429592482496
окно 4,605170185988092 0,004137619214724252
оконечность 3,912023005428146 0,0035148454675904277
окружение 3,912023005428146 0,0035148454675904277
октябрь 0 0
омываться 2,302585092994046 0,002068809607362126
описание 0 0
организация 0 0
орден 1,5141277326297755 0,002720804550996901
оригинальный 2,0402208285265546 0,0018330825054146942
орнамент 4,605170185988092 0,004137619214724252
оскар 2,5257286443082556 0,004538595946645563
основной 0 0
основный 1,8325814637483102 0,001646524226188958
основоположник 2,407945608651872 0,002163473143442832
остров 1,2039728043259361 0,0032452097151642483
ответственность 0 0
отдельный 0 0
отказ 0 0
относиться 1,7147984280919266 0,0015406993963090088
отношение 1,4696759700589417 0,001320463584958618
отождествляться 4,605170185988092 0,004137619214724252
отстаиваться 4,605170185988092 0,004137619214724252
отсутствовать 0,05129329438755048 0,0001382568581874676
официальный 1,07880966137193 0,0009692809176746901
оценивание 0,1508228897345837 0,00027102046672881165
оценка 2,302585092994046 0,004137619214724252
пабло 2,995732273553991 0,0026915833544959487
павел 2,407945608651872 0,004326946286885664
падул 4,605170185988092 0,008275238429448504
парк 1,6094379124341003 0,0014460358602283022
парковый 3,912023005428146 0,007029690935180855
пениться 4,605170185988092 0,004137619214724252
первый 0 0
перевести 1,7719568419318754 0,0015920546648085134
перейти 0 0
переход 3,506557897319982 0,0031505461790835416
персоналия 0,07257069283483537 0,0003260138941367268
печать 0 0
пикассо 4,605170185988092 0,020688096073621258
плоскость 4,605170185988092 0,004137619214724252
пн 0,127833371509885 0,00045941912492321655
подражатель 4,605170185988092 0,004137619214724252
подробный 0 0
поиск 0 0
покрыть 3,506557897319982 0,0031505461790835416
политик 0 0
полуостров 1,9661128563728327 0,008832492616230156
получить 0 0
пользоваться 1,9661128563728327 0,0017664985232460314
помочь 0,127833371509885 0,00011485478123080414
помощь 0,127833371509885 0,00011485478123080414
поратый 4,605170185988092 0,008275238429448504
портал 0 0
португалия 2,659260036932778 0,004778544540759709
последний 0 0
посмотреть 0 0
появиться 1,6607312068216509 0,0014921214796241248
правило 1,4696759700589417 0,001320463584958618
править 0 0
правка 0 0
правление 2,659260036932778 0,0023892722703798544
практический 1,8971199848858813 0,0017045103188552393
предлагать 0 0
преимущественный 2,407945608651872 0,002163473143442832
принить 3,912023005428146 0,0035148454675904277
причудливый 3,912023005428146 0,0035148454675904277
провинция 1,7147984280919266 0,013866294566781078
продажа 2,659260036932778 0,0023892722703798544
продать 3,2188758248682006 0,0028920717204566045
проект 0 0
произведение 2,5257286443082556 0,0022692979733227813
происходить 1,9661128563728327 0,0017664985232460314
происхождение 1,7147984280919266 0,0015406993963090088
пролив 3,506557897319982 0,006301092358167083
пруд 3,912023005428146 0,0035148454675904277
пышный 4,605170185988092 0,004137619214724252
работа 0,9942522733438669 0,0017866168433852056
работать 1,7147984280919266 0,0015406993963090088
равнозначный 4,605170185988092 0,004137619214724252
развитие 0,9416085398584451 0,0025380284093219543
раздел 0,9675840262617057 0,0008693477324903016
разработка 1,07880966137193 0,00290784275302407
разработчик 0 0
рамон 3,506557897319982 0,006301092358167083
расположить 0,9162907318741551 0,001646524226188958
растительный 3,2188758248682006 0,0028920717204566045
регион 0,9942522733438669 0,0008933084216926028
редактор 2,207274913189721 0,001983176022632274
резво 4,605170185988092 0,004137619214724252
резиденция 2,8134107167600364 0,0025277724319497184
резной 3,912023005428146 0,0035148454675904277
резьба 3,912023005428146 0,007029690935180855
реконкиста 4,605170185988092 0,004137619214724252
религия 0,083381608939051 0,0001498321813819425
рисоваться 3,912023005428146 0,0035148454675904277
родригес 2,659260036932778 0,004778544540759709
родственный 0,21072103131565253 0,0001893270721614129
роль 2,120263536200091 0,001904998684815895
руина 3,2188758248682006 0,0028920717204566045
русский 0 0
ряд 1,6607312068216509 0,0014921214796241248
сад 2,659260036932778 0,0023892722703798544
самый 0,5447271754416719 0,0009788448794998599
сведение 0 0
свежий 0 0
сверкать 4,605170185988092 0,004137619214724252
света 2,0402208285265546 0,0018330825054146942
свободный 0 0
свод 3,506557897319982 0,0031505461790835416
связать 0 0
север 1,0216512475319812 0,0009179256491751854
севилья 4,605170185988092 0,016550476858897007
сентябрь 0 0
символика 2,302585092994046 0,004137619214724252
система 0 0
склад 4,605170185988092 0,004137619214724252
скульптор 3,506557897319982 0,006301092358167083
слово 1,5606477482646683 0,001402199234739145
случай 0 0
случайный 0 0
смотреть 0 0
снег 2,995732273553991 0,0026915833544959487
событие 0 0
совместный 2,120263536200091 0,001904998684815895
современный 1,0216512475319812 0,0009179256491751854
согласно 1,8971199848858813 0,0017045103188552393
содержание 0,1392620673335076 0,00012512315124304368
создать 0 0
сообщество 0 0
состав 1,0498221244986776 0,0009432364101515522
составить 2,407945608651872 0,002163473143442832
состоять 1,7719568419318754 0,0015920546648085134
сохранение 0 0
сохраниться 2,120263536200091 0,001904998684815895
сочетаться 3,912023005428146 0,0035148454675904277
список 0 0
спланировать 4,605170185988092 0,004137619214724252
спорт 0,083381608939051 0,000299664362763885
средиземный 2,659260036932778 0,0023892722703798544
ссылаться 0 0
ссылка 0 0
статистик 0 0
стать 0,4620354595965586 0,0012453785972953062
статья 0 0
стелла 4,605170185988092 0,008275238429448504
стен 2,207274913189721 0,001983176022632274
стефана 3,2188758248682006 0,005784143440913209
столбик 4,605170185988092 0,004137619214724252
столица 0,7985076962177716 0,0014348745664290595
страница 0 0
стройный 3,912023005428146 0,0035148454675904277
существенный 2,0402208285265546 0,0018330825054146942
считать 1,8325814637483102 0,003293048452377916
сюд 0 0
театральный 2,995732273553991 0,0026915833544959487
текст 0 0
тело 2,120263536200091 0,001904998684815895
тема 0,7550225842780328 0,0006783671017772083
тематика 1,7147984280919266 0,0015406993963090088
термин 2,0402208285265546 0,0018330825054146942
терраса 3,912023005428146 0,007029690935180855
территория 0,8675005677047231 0,0007794254876053217
техника 0,06187540371808745 0,00011118670928676992
течь 0 0
топоним 3,912023005428146 0,0035148454675904277
транскрипция 2,120263536200091 0,001904998684815895
убранство 4,605170185988092 0,004137619214724252
уголок 3,912023005428146 0,0035148454675904277
ударение 4,605170185988092 0,004137619214724252
узорчатый 4,605170185988092 0,004137619214724252
указатель 0 0
улучшить 1,6607312068216509 0,0014921214796241248
условие 0 0
участие 0 0
участник 0 0
уэльва 4,605170185988092 0,004137619214724252
февраль 0 0
философия 0,09431067947124142 0,00016947112214059555
фон 1,9661128563728327 0,0017664985232460314
фонтан 4,605170185988092 0,008275238429448504
форум 0 0
франсиско 2,659260036932778 0,004778544540759709
франция 1,3093333199837622 0,00470560043120849
французский 0,23572233352106994 0,0004235801141438813
хайм 3,506557897319982 0,006301092358167083
хамра 4,605170185988092 0,004137619214724252
хаэн 4,605170185988092 0,004137619214724252
херардо 3,912023005428146 0,007029690935180855
ход 1,6607312068216509 0,0014921214796241248
холмистый 4,605170185988092 0,004137619214724252
христианин 2,8134107167600364 0,0025277724319497184
хуан 2,407945608651872 0,004326946286885664
художник 1,9661128563728327 0,0070659940929841255
цвести 4,605170185988092 0,004137619214724252
целый 1,7719568419318754 0,0015920546648085134
часть 0,5978370007556204 0,0005371401624039716
читать 0 0
шаблон 0 0
экспертный 4,605170185988092 0,004137619214724252
элемент 0,19845093872383823 0,0003566054604201945
эмират 3,912023005428146 0,007029690935180855
энциклопедия 0 0
эстремадур 4,605170185988092 0,016550476858897007
эстремадура 4,605170185988092 0,004137619214724252
юг 1,0216512475319812 0,0018358512983503708
юго 1,171182981502945 0,001052275814468055
южный 1,171182981502945 0,001052275814468055
юриц 4,605170185988092 0,008275238429448504
являться 0,3424903089467759 0,0006154363143697681
язык 0 0
январь 0,6733445532637655 0,0030249081458390186
яркий 2,8134107167600364 0,0025277724319497184
