август 0 0
августа 0,843970070294529 0,0015303174438704061
авиационный 2,302585092994046 0,004175131628275695
авиация 2,120263536200091 0,0019222697517679882
административный 0,7133498878774648 0,0006467360724183724
администрация 3,506557897319982 0,0031791096077243715
алфавит 0 0
анатольевич 2,995732273553991 0,005431971484232078
апрель 0 0
архангельский 3,506557897319982 0,009537328823173114
архив 0,3011050927839216 0,0005459747829264218
архитектура 1,1086626245216111 0,0020102676781896846
архитектурный 2,5257286443082556 0,00228987184434112
белозерск 3,506557897319982 0,009537328823173114
берег 1,6094379124341003 0,0014591458861596557
благовещение 3,506557897319982 0,006358219215448743
василий 1,8325814637483102 0,004984355749088786
век 0,5108256237659907 0,00185249546243333
вексиллологический 4,605170185988092 0,004175131628275695
велик 3,2188758248682006 0,029182917723193116
великий 1,0216512475319812 0,0787310571534165
великоустюгский 3,912023005428146 0,04610725210386754
великоустюжский 3,912023005428146 0,014186846801190013
версия 0 0
вид 1,0498221244986776 0,0009517879641873777
викиверситет 2,659260036932778 0,0024109338503470333
викимедиа 3,506557897319982 0,0031791096077243715
викиновость 1,0216512475319812 0,0009262477312166647
википедия 0 0
викислад 3,912023005428146 0,0035467117002975033
викисловар 1,8325814637483102 0,0016614519163629287
викитек 1,1394342831883648 0,001033031988384737
викиучебник 2,5257286443082556 0,00228987184434112
викицитатник 0,9675840262617057 0,0008772293982427069
вклад 0 0
война 0,7133498878774648 0,0006467360724183724
вологда 3,506557897319982 0,015895548038621858
вологодский 3,2188758248682006 0,03501950126783174
восток 0,7985076962177716 0,0007239417010133923
вотчина 4,605170185988092 0,004175131628275695
впадение 2,659260036932778 0,0024109338503470333
география 0,083381608939051 0,00022678588106722847
гера 1,9661128563728327 0,007130055689475368
герб 0,7133498878774648 0,0038804164345102345
герой 2,120263536200091 0,0038445395035359765
го 2,0402208285265546 0,00184970156711383
город 0,3424903089467759 0,0021735559044672994
городской 2,120263536200091 0,0038445395035359765
дальнебомбардировочный 4,605170185988092 0,012525394884827085
дамба 4,605170185988092 0,004175131628275695
дба 4,605170185988092 0,004175131628275695
два 0 0
двина 4,605170185988092 0,01670052651310278
дед 3,912023005428146 0,01064013510089251
декабрь 0 0
день 1,3862943611198906 0,001256839855956383
дивизия 3,2188758248682006 0,0029182917723193113
добавить 1,0498221244986776 0,0028553638925621332
дом 1,3470736479666094 0,0012212816391356386
достопримечательность 1,7147984280919266 0,004664002977584569
евстафия 4,605170185988092 0,00835026325655139
елькин 4,605170185988092 0,00835026325655139
епархия 3,2188758248682006 0,005836583544638623
журнал 0 0
заместитель 3,912023005428146 0,0035467117002975033
заниматься 0 0
запад 0,9162907318741551 0,0008307259581814643
заповедник 2,302585092994046 0,0020875658141378474
запрос 0,1165338162559516 0,0002113033839636475
земля 1,2378743560016172 0,0022445591223964048
земляной 4,605170185988092 0,020875658141378477
знаете 0,06187540371808745 0,00011219474835555295
знак 0 0
иванович 1,6094379124341003 0,004377437658478967
избранный 0,083381608939051 0,00022678588106722847
избрать 0 0
изменение 0 0
изображение 0,06187540371808745 0,00016829212253332944
ильич 2,5257286443082556 0,00457974368868224
интервик 0,9675840262617057 0,0008772293982427069
иоанно 4,605170185988092 0,00835026325655139
искать 0 0
искусство 0,083381608939051 0,00015119058737815232
использование 0 0
использовать 1,4271163556401458 0,0012938498237897967
историко 2,995732273553991 0,002715985742116039
история 0 0
источник 0 0
июнь 0 0
кавалер 3,2188758248682006 0,0029182917723193113
календарь 2,995732273553991 0,002715985742116039
кандидат 2,207274913189721 0,012006935157876996
категория 0 0
ключевой 2,8134107167600364 0,00255068967974618
км 0,8209805520698303 0,0007443160036897827
книга 0 0
код 0 0
колокольня 3,506557897319982 0,0031791096077243715
командир 3,2188758248682006 0,0029182917723193113
комсомольский 3,506557897319982 0,006358219215448743
красавино 3,912023005428146 0,0070934234005950066
красный 0,7765287894989963 0,0028160608866690706
культура 0,3566749439387324 0,0006467360724183724
культурный 1,5141277326297755 0,005490943726671897
левый 2,995732273553991 0,002715985742116039
леонид 2,8134107167600364 0,00510137935949236
линия 1,8971199848858813 0,0017199637215647157
личность 0,127833371509885 0,00034768822713477336
лучший 0 0
май 0 0
майор 2,5257286443082556 0,00457974368868224
малый 1,9661128563728327 0,007130055689475368
март 0 0
марта 0,3566749439387324 0,0009701041086275586
материал 0 0
место 0 0
миро 0 0
михайлович 1,7719568419318754 0,0064259540958544895
мобильный 0 0
мой 0 0
монастырь 1,8325814637483102 0,0116301634145405
мороз 2,659260036932778 0,0072328015510411
москва 1,4271163556401458 0,0038815494713693903
мост 2,302585092994046 0,014612960698964932
моча 0,16251892949777494 0,0001473426378039664
мочь 0,8209805520698303 0,0014886320073795654
музей 1,3093333199837622 0,0011870655666217245
муниципальный 2,659260036932778 0,009643735401388133
набережная 4,605170185988092 0,00835026325655139
навигация 0 0
нажать 0 0
название 0 0
найти 0 0
написание 1,9661128563728327 0,001782513922368842
написать 0,9942522733438669 0,0009014073194414025
наряд 3,2188758248682006 0,0029182917723193113
наследие 1,5606477482646683 0,005659647319182841
наука 0,05129329438755048 9,300688012248501E-05
находиться 0 0
начинать 0,1508228897345837 0,000273477587914023
недоставать 1,07880966137193 0,0009780685959854306
некоммерческий 0 0
николай 1,5141277326297755 0,0027454718633359485
новость 1,4271163556401458 0,0012938498237897967
новый 0 0
норицын 4,605170185988092 0,00835026325655139
ноябрь 0 0
областной 2,995732273553991 0,002715985742116039
область 0,7765287894989963 0,011264243546676283
образование 0,7339691750802005 0,0006654298958116052
обсуждение 0 0
общество 0,07257069283483537 0,0001315878383224576
объект 1,6607312068216509 0,006022597304883593
обязательный 0 0
октябрь 0 0
октябрьский 3,506557897319982 0,006358219215448743
описание 0 0
опознавательный 4,605170185988092 0,004175131628275695
определение 2,5257286443082556 0,00228987184434112
организация 0 0
орден 1,5141277326297755 0,0027454718633359485
основной 0 0
ответственность 0 0
отдельный 0 0
отечественный 2,0402208285265546 0,00184970156711383
отказ 0 0
относиться 1,7147984280919266 0,0015546676591948565
отсутствовать 0,05129329438755048 0,000279020640367455
официальный 1,07880966137193 0,002934205787956292
оценивание 0,1508228897345837 0,000273477587914023
павел 2,407945608651872 0,004366175174346096
павлович 2,407945608651872 0,004366175174346096
памятник 1,2039728043259361 0,0021830875871730483
первый 0 0
перейти 0 0
переулок 3,2188758248682006 0,01750975063391587
персоналия 0,07257069283483537 0,00032896959580614403
петербург 2,207274913189721 0,006003467578938498
пехотный 3,2188758248682006 0,005836583544638623
печать 0 0
письменный 2,995732273553991 0,002715985742116039
площадь 1,07880966137193 0,0019561371919708612
пн 0,127833371509885 0,0009271686056927289
подготовка 2,995732273553991 0,005431971484232078
подробный 0 0
подчинение 3,506557897319982 0,0031791096077243715
поиск 0 0
покровский 2,995732273553991 0,005431971484232078
полезный 2,5257286443082556 0,00228987184434112
политик 0 0
полк 2,659260036932778 0,004821867700694067
полный 1,6094379124341003 0,0014591458861596557
полок 2,995732273553991 0,002715985742116039
получить 0 0
помещать 3,506557897319982 0,0031791096077243715
помочь 0,127833371509885 0,0001158960757115911
помощь 0,127833371509885 0,0001158960757115911
порт 1,8325814637483102 0,0016614519163629287
портал 0 0
поселение 2,0402208285265546 0,00369940313422766
последний 0 0
посмотреть 0 0
правило 1,4696759700589417 0,0013324351496454593
править 0 0
правка 0 0
правовой 2,8134107167600364 0,00255068967974618
предлагать 0 0
предтеченский 4,605170185988092 0,00835026325655139
преминина 4,605170185988092 0,00835026325655139
приглашать 2,5257286443082556 0,00228987184434112
примечательный 2,0402208285265546 0,00184970156711383
присоединиться 2,659260036932778 0,0024109338503470333
пристань 3,912023005428146 0,0035467117002975033
проект 0 0
просмотреть 3,506557897319982 0,0031791096077243715
работа 0,9942522733438669 0,0027042219583242075
разработчик 0 0
район 1,171182981502945 0,010618159397125522
располагаться 2,207274913189721 0,002001155859646166
река 1,1086626245216111 0,011056472230043265
религия 0,083381608939051 0,00015119058737815232
родина 1,6094379124341003 0,0014591458861596557
родственный 0,21072103131565253 0,0001910435460704012
российский 1,0498221244986776 0,0019035759283747553
россия 0,7765287894989963 0,008448182660007212
руководство 2,0402208285265546 0,00184970156711383
русский 0 0
сайт 2,302585092994046 0,006262697442413543
санкт 2,120263536200091 0,005766809255303965
сведение 0 0
свежий 0 0
сверху 3,2188758248682006 0,0029182917723193113
свободный 0 0
связать 0 0
северный 1,1086626245216111 0,004020535356379369
северо 1,6094379124341003 0,0029182917723193113
сентябрь 0 0
сергей 1,8325814637483102 0,0033229038327258573
символ 0,9416085398584451 0,0017073590931250137
система 0 0
слава 2,302585092994046 0,004175131628275695
следовать 1,4271163556401458 0,0025876996475795934
случай 0 0
случайный 0 0
смежный 3,506557897319982 0,0031791096077243715
смотреть 0 0
собор 1,9661128563728327 0,001782513922368842
событие 0 0
советский 1,3470736479666094 0,004885126556542554
совместный 2,120263536200091 0,0038445395035359765
содержание 0,1392620673335076 0,00012625754064687905
создание 0,8675005677047231 0,0007864919018175186
создать 0 0
сообщество 0 0
соответствие 2,302585092994046 0,0020875658141378474
составить 2,407945608651872 0,002183087587173048
сохранение 0 0
союз 1,4696759700589417 0,005329740598581837
список 0 0
спорт 0,083381608939051 0,00015119058737815232
ссылаться 0 0
ссылка 0 0
статистик 0 0
стать 0,4620354595965586 0,00041888980924438676
статья 0 0
страница 0 0
страничка 4,605170185988092 0,004175131628275695
судоходный 4,605170185988092 0,004175131628275695
сухона 4,605170185988092 0,029225921397929865
сюд 0 0
текст 0 0
теребихин 4,605170185988092 0,00835026325655139
техника 0,06187540371808745 0,00011219474835555295
течь 0 0
товарищеский 3,912023005428146 0,0070934234005950066
уезд 2,659260036932778 0,004821867700694067
указатель 0 0
улица 1,8971199848858813 0,010319782329388294
упоминание 2,8134107167600364 0,00255068967974618
употреблять 3,912023005428146 0,0035467117002975033
условие 0 0
успенский 3,2188758248682006 0,0029182917723193113
устюг 3,506557897319982 0,29883630312609094
устюжский 4,605170185988092 0,02505078976965417
утановить 4,605170185988092 0,004175131628275695
участие 0 0
участник 0 0
учебный 2,407945608651872 0,002183087587173048
файл 1,5141277326297755 0,0013727359316679743
февраль 0 0
федерация 1,4271163556401458 0,0025876996475795934
философия 0,09431067947124142 0,00017100757837033802
флаг 0,8675005677047231 0,0007864919018175186
форум 0 0
хороший 0,7985076962177716 0,0021718251030401767
храм 1,2729656758128876 0,0011540939943906505
художественный 2,407945608651872 0,002183087587173048
центр 0,8915981192837835 0,0008083391833941827
церковь 1,4271163556401458 0,005175399295159187
цитата 1,4271163556401458 0,0012938498237897967
читать 0 0
шаблон 0 0
шильниковский 4,605170185988092 0,00835026325655139
щелкун 4,605170185988092 0,012525394884827085
энциклопедия 0 0
юг 1,0216512475319812 0,0055574863872999885
юзербокс 4,605170185988092 0,00835026325655139
являться 0,3424903089467759 0,00031050798635247134
язык 0 0
яй 1,7147984280919266 0,004664002977584569
январь 0,6733445532637655 0,0012209330068245975
ярославский 3,2188758248682006 0,008754875316957934
