август 0 0
августа 0,843970070294529 0,003529146052605557
августин 4,605170185988092 0,0055019954432354735
агуа 4,605170185988092 0,0055019954432354735
агунг 4,605170185988092 0,0055019954432354735
адамс 4,605170185988092 0,0055019954432354735
аждаак 4,605170185988092 0,0055019954432354735
азия 1,5141277326297755 0,0018089937068456099
акатенанго 4,605170185988092 0,0055019954432354735
аконкагуа 3,912023005428146 0,004673862611025263
активность 3,912023005428146 0,0023369313055126317
активный 2,302585092994046 0,0055019954432354735
алаль 4,605170185988092 0,0055019954432354735
алегрия 4,605170185988092 0,0055019954432354735
алфавит 0 0
альбанский 4,605170185988092 0,0055019954432354735
альмолонг 4,605170185988092 0,011003990886470947
америка 1,4271163556401458 0,007672668578710462
амиат 4,605170185988092 0,0055019954432354735
ана 3,2188758248682006 0,003845729778815054
английский 0,37106368139083196 0,0002216628921092186
андезит 4,605170185988092 0,0055019954432354735
андрей 1,2039728043259361 0,0014384382369485495
антарктика 2,659260036932778 0,006354265321225275
апоек 4,605170185988092 0,0055019954432354735
апрель 0 0
арабский 0,38566248081198473 0,0002303837997682107
арарат 3,912023005428146 0,004673862611025263
ареналь 4,605170185988092 0,0055019954432354735
асам 4,605170185988092 0,0055019954432354735
асахидакэ 4,605170185988092 0,0055019954432354735
асу 3,912023005428146 0,004673862611025263
асуля 4,605170185988092 0,011003990886470947
асунь 4,605170185988092 0,0055019954432354735
атитлан 4,605170185988092 0,0055019954432354735
атолл 3,912023005428146 0,009347725222050527
ауканкильч 4,605170185988092 0,0055019954432354735
африка 1,5606477482646683 0,0018645731759434508
бадра 4,605170185988092 0,0055019954432354735
базальт 4,605170185988092 0,0055019954432354735
базальтовый 4,605170185988092 0,0027509977216177367
бару 4,605170185988092 0,0055019954432354735
батур 4,605170185988092 0,0055019954432354735
бе 4,605170185988092 0,0055019954432354735
бееренберг 4,605170185988092 0,0055019954432354735
бейкер 4,605170185988092 0,0055019954432354735
бог 2,0402208285265546 0,0024375398190281416
богд 4,605170185988092 0,0055019954432354735
бомба 2,8134107167600364 0,005041954689534115
бондарь 2,207274913189721 0,0026371265390558196
бромо 4,605170185988092 0,0055019954432354735
броун 3,912023005428146 0,004673862611025263
буддизм 2,5257286443082556 0,0015087984733024226
буддистский 3,912023005428146 0,0023369313055126317
буквальный 4,605170185988092 0,0027509977216177367
ваиалеал 4,605170185988092 0,0055019954432354735
валла 4,605170185988092 0,0055019954432354735
введение 1,3470736479666094 0,0008047034934089662
везувий 3,506557897319982 0,00628415393784943
век 0,5108256237659907 0,0003051527023691701
версия 0 0
вершина 2,995732273553991 0,003579130553827946
вещество 3,506557897319982 0,004189435958566286
вздыматься 4,605170185988092 0,0027509977216177367
викикота 4,605170185988092 0,0055019954432354735
викиновость 1,0216512475319812 0,00061030540473834
википедия 0 0
викисклад 0,5798184952529422 0,00034636708199100485
викисловарь 1,4271163556401458 0,000852518730967829
викицитатник 0,9675840262617057 0,0005780071841467775
виктор 1,9661128563728327 0,0023489998284024283
висенте 2,995732273553991 0,003579130553827946
вклад 0 0
вод 1,8971199848858813 0,0011332855345793794
возник 3,506557897319982 0,002094717979283143
вольф 4,605170185988092 0,0055019954432354735
восстание 2,0402208285265546 0,0012187699095140708
восстать 3,2188758248682006 0,001922864889407527
вуз 2,995732273553991 0,001789565276913973
вулкан 2,8134107167600364 0,29579467511933477
вулканический 3,2188758248682006 0,03461156800933549
вулканология 4,605170185988092 0,013754988608088686
вульканый 4,605170185988092 0,0055019954432354735
входить 1,2378743560016172 0,0007394709414585526
выбрасывать 4,605170185988092 0,0027509977216177367
выброс 4,605170185988092 0,0027509977216177367
высокий 1,8971199848858813 0,0011332855345793794
высота 1,9661128563728327 0,003523499742603643
вытекать 3,912023005428146 0,0023369313055126317
выходить 3,506557897319982 0,002094717979283143
выше 3,2188758248682006 0,001922864889407527
вышибать 4,605170185988092 0,0027509977216177367
вьеха 4,605170185988092 0,0055019954432354735
вязкий 4,605170185988092 0,0027509977216177367
вязкость 4,605170185988092 0,0027509977216177367
газ 3,506557897319982 0,004189435958566286
газа 3,2188758248682006 0,001922864889407527
галапагосский 4,605170185988092 0,008252993164853211
галерас 4,605170185988092 0,0055019954432354735
галунггунг 4,605170185988092 0,0055019954432354735
гарита 4,605170185988092 0,0055019954432354735
география 0,083381608939051 9,961960446720549E-05
геологический 3,2188758248682006 0,001922864889407527
геология 2,659260036932778 0,0015885663303063188
геоморфология 3,912023005428146 0,007010793916537896
гор 1,5141277326297755 0,006331477973959635
горный 1,8971199848858813 0,002266571069158759
горячее 4,605170185988092 0,0055019954432354735
гранд 3,2188758248682006 0,003845729778815054
гранитный 4,605170185988092 0,0027509977216177367
грек 2,995732273553991 0,001789565276913973
греча 1,9661128563728327 0,0023489998284024283
греческий 1,4271163556401458 0,001705037461935658
гроджин 4,605170185988092 0,0055019954432354735
грязевой 4,605170185988092 0,0055019954432354735
гуальятиря 4,605170185988092 0,0055019954432354735
гуасап 4,605170185988092 0,0055019954432354735
гунунг 4,605170185988092 0,0055019954432354735
дага 4,605170185988092 0,0055019954432354735
даймонд 4,605170185988092 0,0055019954432354735
дальний 3,2188758248682006 0,001922864889407527
далья 0,3566749439387324 0,00021306746949745063
данный 0,1508228897345837 9,009730569568917E-05
дарвин 3,506557897319982 0,004189435958566286
дарь 4,605170185988092 0,0055019954432354735
два 0 0
де 1,1394342831883648 0,0020419969232766395
действовать 2,120263536200091 0,0012665851470729337
декабрь 0 0
делать 2,8134107167600364 0,0016806515631780383
дель 3,506557897319982 0,01256830787569886
демавенд 4,605170185988092 0,0055019954432354735
десепшный 4,605170185988092 0,0055019954432354735
деятельность 2,120263536200091 0,0012665851470729337
дженни 3,506557897319982 0,004189435958566286
джомолунгма 4,605170185988092 0,0027509977216177367
доминик 2,995732273553991 0,003579130553827946
доработка 2,5257286443082556 0,0015087984733024226
др 1,8971199848858813 0,0011332855345793794
древнеримский 3,912023005428146 0,0023369313055126317
древний 1,4696759700589417 0,0008779426344438122
дремать 4,605170185988092 0,0055019954432354735
дубовый 4,605170185988092 0,0055019954432354735
дуга 4,605170185988092 0,0027509977216177367
европа 0,8915981192837835 0,0010652307279376146
егуад 4,605170185988092 0,0055019954432354735
жерло 3,912023005428146 0,007010793916537896
жидкий 4,605170185988092 0,0027509977216177367
журнал 0 0
закономерность 3,912023005428146 0,0023369313055126317
закупоривать 4,605170185988092 0,0027509977216177367
зал 3,2188758248682006 0,003845729778815054
заниматься 0 0
запад 0,9162907318741551 0,0005473660285986589
запрос 0,1165338162559516 0,0001392279764109338
застынуть 4,605170185988092 0,0027509977216177367
земля 1,2378743560016172 0,0036973547072927638
земной 2,8134107167600364 0,0016806515631780383
знаете 0,06187540371808745 3,696260676110362E-05
знак 0 0
игнимбрит 4,605170185988092 0,0055019954432354735
идеальный 3,912023005428146 0,0023369313055126317
идза 4,605170185988092 0,0055019954432354735
избрать 0 0
извергать 4,605170185988092 0,0055019954432354735
извергаться 4,605170185988092 0,0027509977216177367
извержение 3,912023005428146 0,03739090088820211
изменение 0 0
изучать 2,5257286443082556 0,0030175969466048453
илиамный 4,605170185988092 0,0055019954432354735
иметь 0,616186139423817 0,0003680920785088512
имя 1,4271163556401458 0,000852518730967829
индекс 2,659260036932778 0,0031771326606126376
инф 3,2188758248682006 0,001922864889407527
ио 4,605170185988092 0,008252993164853211
иодзан 4,605170185988092 0,0055019954432354735
ирасу 4,605170185988092 0,0055019954432354735
иррупутунка 4,605170185988092 0,011003990886470947
исалько 4,605170185988092 0,0055019954432354735
искать 0 0
искусство 0,083381608939051 0,00014942940670080825
ислуга 4,605170185988092 0,0055019954432354735
использование 0 0
истаксиуатль 4,605170185988092 0,0055019954432354735
история 0 0
источник 0 0
ичем 4,605170185988092 0,0055019954432354735
июль 0,9162907318741551 0,0005473660285986589
июнь 0 0
йеллоустоунский 4,605170185988092 0,0055019954432354735
каждый 2,120263536200091 0,0012665851470729337
казбек 4,605170185988092 0,0055019954432354735
кальдера 3,912023005428146 0,009347725222050527
камень 2,5257286443082556 0,004526395419907268
камерун 3,2188758248682006 0,003845729778815054
карадаг 4,605170185988092 0,0055019954432354735
караман 4,605170185988092 0,0055019954432354735
каролайн 4,605170185988092 0,0055019954432354735
картал 4,605170185988092 0,0055019954432354735
категория 0 0
катмай 4,605170185988092 0,0055019954432354735
кеа 4,605170185988092 0,0055019954432354735
кейпел 4,605170185988092 0,0055019954432354735
келимут 4,605170185988092 0,0055019954432354735
келуд 4,605170185988092 0,0055019954432354735
кения 3,912023005428146 0,004673862611025263
керинчи 4,605170185988092 0,0055019954432354735
кика 4,605170185988092 0,0055019954432354735
килауэа 4,605170185988092 0,0055019954432354735
километр 2,5257286443082556 0,004526395419907268
кира 3,506557897319982 0,004189435958566286
китайский 1,171182981502945 0,0006996314106947103
классификация 2,5257286443082556 0,0015087984733024226
классифицироваться 4,605170185988092 0,0027509977216177367
кливленд 3,912023005428146 0,004673862611025263
км 0,8209805520698303 0,0004904304373177003
книга 0 0
код 0 0
колить 4,605170185988092 0,0055019954432354735
количество 2,120263536200091 0,0012665851470729337
комагатак 4,605170185988092 0,0055019954432354735
комплекс 1,8971199848858813 0,002266571069158759
конец 1,4271163556401458 0,000852518730967829
конический 4,605170185988092 0,0027509977216177367
консепсьон 4,605170185988092 0,0055019954432354735
конус 4,605170185988092 0,008252993164853211
концертный 3,506557897319982 0,004189435958566286
кончагуа 4,605170185988092 0,0055019954432354735
кончагуит 4,605170185988092 0,0055019954432354735
кора 3,506557897319982 0,004189435958566286
коридор 4,605170185988092 0,0027509977216177367
косигуин 4,605170185988092 0,0055019954432354735
котопахи 4,605170185988092 0,0055019954432354735
который 0,9162907318741551 0,0005473660285986589
край 1,9661128563728327 0,0011744999142012142
кракатау 4,605170185988092 0,0055019954432354735
кратер 3,912023005428146 0,01168465652756316
кратерный 4,605170185988092 0,0055019954432354735
крейтер 4,605170185988092 0,0055019954432354735
кристмас 4,605170185988092 0,0055019954432354735
кристобаль 3,506557897319982 0,004189435958566286
крупнейший 1,2039728043259361 0,0007192191184742748
крупный 1,4271163556401458 0,0025575561929034873
культ 2,5257286443082556 0,0015087984733024226
купол 3,912023005428146 0,0023369313055126317
купольный 3,912023005428146 0,007010793916537896
кусся 4,605170185988092 0,0055019954432354735
ла 2,120263536200091 0,01013268117658347
лава 4,605170185988092 0,022007981772941894
лайонел 3,912023005428146 0,004673862611025263
лансароте 4,605170185988092 0,0055019954432354735
лапилля 4,605170185988092 0,0055019954432354735
ласа 4,605170185988092 0,0055019954432354735
ласкар 4,605170185988092 0,0055019954432354735
лассный 4,605170185988092 0,0055019954432354735
лахар 4,605170185988092 0,0055019954432354735
лоа 4,605170185988092 0,0055019954432354735
лоих 4,605170185988092 0,0055019954432354735
лос 2,995732273553991 0,001789565276913973
лучший 0 0
льюльяйльякий 4,605170185988092 0,011003990886470947
льяйма 4,605170185988092 0,0055019954432354735
маар 4,605170185988092 0,0055019954432354735
магма 4,605170185988092 0,013754988608088686
магматический 4,605170185988092 0,0055019954432354735
мадерас 4,605170185988092 0,0055019954432354735
май 0 0
майпо 4,605170185988092 0,011003990886470947
мария 1,6607312068216509 0,0019841472005037645
мармолехо 4,605170185988092 0,011003990886470947
март 0 0
марта 0,3566749439387324 0,00021306746949745063
масай 3,912023005428146 0,004673862611025263
материал 0 0
маун 4,605170185988092 0,011003990886470947
мерапи 4,605170185988092 0,011003990886470947
место 0 0
местонахождение 4,605170185988092 0,0027509977216177367
метеостанция 4,605170185988092 0,0027509977216177367
метод 2,995732273553991 0,001789565276913973
метр 2,407945608651872 0,0028768764738970986
мигель 2,659260036932778 0,0031771326606126376
миро 0 0
мисти 3,912023005428146 0,004673862611025263
мифология 2,120263536200091 0,0012665851470729337
многие 1,5606477482646683 0,0009322865879717254
многократный 4,605170185988092 0,0027509977216177367
мобильный 0 0
мой 0 0
момбачо 4,605170185988092 0,0055019954432354735
момент 2,0402208285265546 0,0012187699095140708
момотомбо 4,605170185988092 0,0055019954432354735
монт 3,912023005428146 0,009347725222050527
мот 3,912023005428146 0,004673862611025263
моют 4,605170185988092 0,0055019954432354735
навигация 0 0
нажать 0 0
название 0 0
наземный 3,506557897319982 0,002094717979283143
найти 0 0
накопиться 4,605170185988092 0,0027509977216177367
нарудить 4,605170185988092 0,0027509977216177367
настоящий 1,6094379124341003 0,001922864889407527
наука 0,05129329438755048 0,00012256462219247425
находиться 0 0
национальный 0,7550225842780328 0,0009020580457324167
начинать 0,1508228897345837 0,00018019461139137834
небольшой 1,9661128563728327 0,0011744999142012142
невадо 4,605170185988092 0,011003990886470947
негро 3,912023005428146 0,004673862611025263
некоммерческий 0 0
немецкий 0,5108256237659907 0,0003051527023691701
немрать 4,605170185988092 0,0055019954432354735
неплотный 4,605170185988092 0,0027509977216177367
низка 3,912023005428146 0,0023369313055126317
нирагонго 4,605170185988092 0,0055019954432354735
новый 0 0
носить 1,6094379124341003 0,0009614324447037635
нося 4,605170185988092 0,0055019954432354735
ноябрь 0 0
облако 3,506557897319982 0,002094717979283143
обломок 3,912023005428146 0,0023369313055126317
оборудовать 4,605170185988092 0,0027509977216177367
образование 0,7339691750802005 0,0008769046297254486
образовать 1,6607312068216509 0,0009920736002518823
образоваться 3,506557897319982 0,00628415393784943
обсуждение 0 0
общество 0,07257069283483537 8,670333672023341E-05
объект 1,6607312068216509 0,0019841472005037645
обязательный 0 0
овоо 4,605170185988092 0,0055019954432354735
огненный 3,912023005428146 0,0023369313055126317
огонь 2,302585092994046 0,0027509977216177367
озеро 1,8325814637483102 0,006568392343183908
океания 2,659260036932778 0,0031771326606126376
окрестность 4,605170185988092 0,0027509977216177367
октябрь 0 0
олька 4,605170185988092 0,011003990886470947
описание 0 0
опора 4,605170185988092 0,0027509977216177367
организация 0 0
оросить 4,605170185988092 0,0055019954432354735
основной 0 0
остров 1,2039728043259361 0,007911410303217023
ответственность 0 0
отдельный 0 0
отказ 0 0
отлетать 4,605170185988092 0,0027509977216177367
отложение 4,605170185988092 0,0027509977216177367
отсутствовать 0,05129329438755048 0,00033705271102930424
охос 4,605170185988092 0,0055019954432354735
оценивание 0,1508228897345837 0,00018019461139137834
очертание 3,506557897319982 0,002094717979283143
пакайя 4,605170185988092 0,0055019954432354735
паломничество 3,2188758248682006 0,001922864889407527
папандайян 4,605170185988092 0,0055019954432354735
пар 4,605170185988092 0,0027509977216177367
парикутин 4,605170185988092 0,0055019954432354735
паринакот 4,605170185988092 0,0055019954432354735
парк 1,6094379124341003 0,001922864889407527
парум 4,605170185988092 0,011003990886470947
паулет 4,605170185988092 0,0055019954432354735
педро 2,659260036932778 0,0031771326606126376
пемза 4,605170185988092 0,0055019954432354735
пепел 3,506557897319982 0,008378871917132573
первый 0 0
перейти 0 0
периодически 3,506557897319982 0,002094717979283143
персоналия 0,07257069283483537 8,670333672023341E-05
печать 0 0
пещера 2,5257286443082556 0,0015087984733024226
пика 3,2188758248682006 0,007691459557630108
пилас 4,605170185988092 0,0055019954432354735
пинчук 3,912023005428146 0,004673862611025263
пирокластический 4,605170185988092 0,0055019954432354735
пичинч 4,605170185988092 0,0055019954432354735
планета 2,659260036932778 0,0031771326606126376
плинианский 4,605170185988092 0,0055019954432354735
плита 3,912023005428146 0,004673862611025263
площадь 1,07880966137193 0,0006444502158733154
поас 4,605170185988092 0,0055019954432354735
поверхность 3,2188758248682006 0,005768594668222582
подводной 4,605170185988092 0,0027509977216177367
подводный 3,2188758248682006 0,005768594668222582
подледниковый 4,605170185988092 0,0027509977216177367
подобно 3,912023005428146 0,0023369313055126317
подробный 0 0
пожар 3,2188758248682006 0,003845729778815054
поиск 0 0
пол 2,659260036932778 0,0031771326606126376
политик 0 0
пологий 4,605170185988092 0,0027509977216177367
полтор 4,605170185988092 0,0027509977216177367
получить 0 0
поль 2,8134107167600364 0,006722606252712153
полярный 3,2188758248682006 0,001922864889407527
померап 4,605170185988092 0,011003990886470947
помощь 0,127833371509885 7,636402121259557E-05
понятие 2,995732273553991 0,001789565276913973
понять 3,912023005428146 0,0023369313055126317
популярный 2,120263536200091 0,0012665851470729337
порода 3,506557897319982 0,004189435958566286
портал 0 0
португальский 0,49429632181478017 0,00029527856739234177
последний 0 0
посмотреть 0 0
поток 4,605170185988092 0,0027509977216177367
потухший 4,605170185988092 0,011003990886470947
поэтом 2,8134107167600364 0,0016806515631780383
правило 1,4696759700589417 0,0008779426344438122
править 0 0
правка 0 0
практический 1,8971199848858813 0,0011332855345793794
превышать 2,995732273553991 0,001789565276913973
предлагать 0 0
предсказание 4,605170185988092 0,0027509977216177367
причина 2,407945608651872 0,0028768764738970986
пробка 3,912023005428146 0,0023369313055126317
продукт 2,8134107167600364 0,0016806515631780383
проект 0 0
происходить 1,9661128563728327 0,0011744999142012142
просачиваться 4,605170185988092 0,0027509977216177367
протяжение 2,302585092994046 0,0013754988608088684
процесс 1,8325814637483102 0,0010947320571973178
раб 3,506557897319982 0,002094717979283143
равномерный 4,605170185988092 0,0027509977216177367
радиус 4,605170185988092 0,0055019954432354735
развитие 0,9416085398584451 0,0005624901671794773
размещение 3,912023005428146 0,0023369313055126317
разработка 1,07880966137193 0,0006444502158733154
разработчик 0 0
рарак 4,605170185988092 0,0055019954432354735
расположить 0,9162907318741551 0,0005473660285986589
расстояние 2,8134107167600364 0,0016806515631780383
растекаться 4,605170185988092 0,0027509977216177367
растянуться 4,605170185988092 0,0027509977216177367
раус 4,605170185988092 0,0055019954432354735
ребристый 4,605170185988092 0,0027509977216177367
регион 0,9942522733438669 0,0005939380366450817
редауть 4,605170185988092 0,0055019954432354735
результат 1,4696759700589417 0,0017558852688876244
рейнир 4,605170185988092 0,0055019954432354735
религиозный 2,120263536200091 0,0012665851470729337
религия 0,083381608939051 9,961960446720549E-05
ринкон 4,605170185988092 0,0055019954432354735
рисиря 4,605170185988092 0,0055019954432354735
роберта 2,207274913189721 0,0013185632695279098
руис 4,605170185988092 0,0055019954432354735
русский 0 0
рынок 3,506557897319982 0,004189435958566286
сабалан 4,605170185988092 0,0055019954432354735
сакат 4,605170185988092 0,0055019954432354735
сакурадзим 4,605170185988092 0,0055019954432354735
саладо 4,605170185988092 0,0055019954432354735
салда 4,605170185988092 0,0055019954432354735
сальвадор 3,2188758248682006 0,003845729778815054
самый 0,5447271754416719 0,000650809050706896
сан 2,302585092994046 0,016505986329706422
сангай 4,605170185988092 0,0055019954432354735
сант 2,8134107167600364 0,006722606252712153
санто 3,912023005428146 0,004673862611025263
санфорд 4,605170185988092 0,0055019954432354735
сапатер 4,605170185988092 0,0055019954432354735
сахам 4,605170185988092 0,0055019954432354735
сведение 0 0
свежий 0 0
свободный 0 0
связать 0 0
священный 2,659260036932778 0,0015885663303063188
северный 1,1086626245216111 0,0013245670543866322
семеру 4,605170185988092 0,0055019954432354735
сент 3,912023005428146 0,007010793916537896
сентябрь 0 0
серро 4,605170185988092 0,016505986329706422
сидоарджо 4,605170185988092 0,0055019954432354735
синабунг 4,605170185988092 0,0055019954432354735
синтоизм 3,506557897319982 0,002094717979283143
синтоистский 4,605170185988092 0,0055019954432354735
сиплый 4,605170185988092 0,0055019954432354735
система 0 0
скапливаться 4,605170185988092 0,0027509977216177367
склон 4,605170185988092 0,011003990886470947
слабый 3,2188758248682006 0,001922864889407527
слово 1,5606477482646683 0,0009322865879717254
слоистый 4,605170185988092 0,0027509977216177367
слой 2,8134107167600364 0,0016806515631780383
служить 2,0402208285265546 0,0024375398190281416
случай 0 0
случайный 0 0
смесь 3,912023005428146 0,0023369313055126317
смотреть 0 0
снимать 3,912023005428146 0,0023369313055126317
событие 0 0
содержание 0,1392620673335076 8,319119912395914E-05
содержимое 3,912023005428146 0,0023369313055126317
создать 0 0
сокоррый 4,605170185988092 0,0055019954432354735
солнечный 2,995732273553991 0,001789565276913973
сообщество 0 0
сопровождаться 3,912023005428146 0,0023369313055126317
сосредоточить 3,912023005428146 0,0023369313055126317
состав 1,0498221244986776 0,0012542677712051105
сохранение 0 0
спастись 3,912023005428146 0,0023369313055126317
спать 3,506557897319982 0,002094717979283143
список 0 0
спорт 0,083381608939051 9,961960446720549E-05
спутник 2,5257286443082556 0,0030175969466048453
ссылаться 0 0
ссылка 0 0
становиться 2,5257286443082556 0,0015087984733024226
статистик 0 0
статус 1,4271163556401458 0,000852518730967829
статья 0 0
стекать 4,605170185988092 0,0027509977216177367
стекло 3,912023005428146 0,004673862611025263
страна 0,43078291609245434 0,0005146749296206144
страница 0 0
стратовулкан 4,605170185988092 0,013754988608088686
строение 2,407945608651872 0,0014384382369485493
стромболь 4,605170185988092 0,0055019954432354735
суматра 4,605170185988092 0,0055019954432354735
суметь 3,912023005428146 0,0023369313055126317
суня 4,605170185988092 0,0055019954432354735
супервулкан 4,605170185988092 0,0055019954432354735
суртсь 4,605170185988092 0,0055019954432354735
существовать 1,4271163556401458 0,000852518730967829
считаться 1,5141277326297755 0,0018089937068456099
сюд 0 0
сюпхан 4,605170185988092 0,0055019954432354735
таапак 4,605170185988092 0,0055019954432354735
такан 4,605170185988092 0,0055019954432354735
такор 4,605170185988092 0,0055019954432354735
таланг 4,605170185988092 0,0055019954432354735
тамбор 4,605170185988092 0,0055019954432354735
тангкубан 4,605170185988092 0,0055019954432354735
тарумаэ 4,605170185988092 0,0055019954432354735
тахумулько 4,605170185988092 0,0055019954432354735
тейде 4,605170185988092 0,0055019954432354735
текст 0 0
тектоника 3,912023005428146 0,004673862611025263
текуамбурро 4,605170185988092 0,0055019954432354735
телик 4,605170185988092 0,0055019954432354735
тема 0,7550225842780328 0,00045102902286620836
тенегия 4,605170185988092 0,0055019954432354735
тенорио 4,605170185988092 0,0055019954432354735
тёплый 3,912023005428146 0,0023369313055126317
терминология 3,2188758248682006 0,001922864889407527
террор 4,605170185988092 0,0055019954432354735
тефра 4,605170185988092 0,0055019954432354735
техасский 4,605170185988092 0,0027509977216177367
техника 0,06187540371808745 7,392521352220723E-05
течь 0 0
тигр 3,506557897319982 0,004189435958566286
тоб 4,605170185988092 0,0055019954432354735
токати 3,912023005428146 0,004673862611025263
токио 3,506557897319982 0,004189435958566286
толиман 4,605170185988092 0,0055019954432354735
томас 2,407945608651872 0,0028768764738970986
точка 2,207274913189721 0,0013185632695279098
требовать 1,4696759700589417 0,0008779426344438122
туджуха 4,605170185988092 0,0055019954432354735
тунгурауа 4,605170185988092 0,0055019954432354735
туризм 1,4696759700589417 0,0008779426344438122
турриальба 4,605170185988092 0,0055019954432354735
тысяча 2,8134107167600364 0,0016806515631780383
уайнапутин 4,605170185988092 0,0055019954432354735
убежище 3,506557897319982 0,002094717979283143
уил 4,605170185988092 0,0055019954432354735
уильям 2,302585092994046 0,0027509977216177367
указатель 0 0
уллындо 4,605170185988092 0,0055019954432354735
ундзэн 4,605170185988092 0,0055019954432354735
университет 1,3470736479666094 0,0008047034934089662
уникальный 2,995732273553991 0,001789565276913973
уолдный 3,912023005428146 0,004673862611025263
уса 4,605170185988092 0,0055019954432354735
условие 0 0
усулутать 4,605170185988092 0,0055019954432354735
утратить 2,8134107167600364 0,0016806515631780383
участие 0 0
участник 0 0
учение 2,659260036932778 0,0015885663303063188
фаградальсфьядль 4,605170185988092 0,0055019954432354735
файл 1,5141277326297755 0,0009044968534228049
февраль 0 0
фердинандей 4,605170185988092 0,0055019954432354735
философия 0,09431067947124142 0,00011267703640530635
флегрейский 4,605170185988092 0,0055019954432354735
фогу 4,605170185988092 0,0055019954432354735
форма 1,6607312068216509 0,0029762208007556466
фотограф 3,912023005428146 0,0023369313055126317
французский 0,23572233352106994 0,00014081381930768812
фудзисан 4,605170185988092 0,0027509977216177367
фудзиям 4,605170185988092 0,013754988608088686
фудзя 4,605170185988092 0,019256984051324158
фуэго 4,605170185988092 0,0055019954432354735
хакон 4,605170185988092 0,0055019954432354735
хаконэ 4,605170185988092 0,0055019954432354735
халласан 4,605170185988092 0,0055019954432354735
характер 2,5257286443082556 0,0015087984733024226
характерный 2,995732273553991 0,001789565276913973
хасандаг 4,605170185988092 0,0055019954432354735
хед 4,605170185988092 0,0055019954432354735
хеленс 4,605170185988092 0,008252993164853211
хонсю 4,605170185988092 0,0055019954432354735
хороший 0,7985076962177716 0,0004770057922447859
хосе 2,407945608651872 0,0028768764738970986
храм 1,2729656758128876 0,0007604334980961096
цеборукий 4,605170185988092 0,0055019954432354735
цель 1,7719568419318754 0,0010585166319784201
центр 0,8915981192837835 0,0005326153639688073
центральный 1,2729656758128876 0,006083467984768877
циафадзавун 4,605170185988092 0,0055019954432354735
чайтить 4,605170185988092 0,0055019954432354735
чарем 4,605170185988092 0,0055019954432354735
частица 4,605170185988092 0,0027509977216177367
чато 4,605170185988092 0,0055019954432354735
чередоваться 4,605170185988092 0,0027509977216177367
чикабалить 4,605170185988092 0,0055019954432354735
чили 2,659260036932778 0,0015885663303063188
чимборасо 3,912023005428146 0,004673862611025263
чинамека 4,605170185988092 0,0055019954432354735
чинго 4,605170185988092 0,0055019954432354735
читать 0 0
чичон 4,605170185988092 0,0055019954432354735
чоролка 4,605170185988092 0,0055019954432354735
чулькань 4,605170185988092 0,0055019954432354735
чупикинье 4,605170185988092 0,0055019954432354735
шаблон 0 0
шилийна 4,605170185988092 0,0055019954432354735
шишалдин 4,605170185988092 0,0055019954432354735
шкала 3,912023005428146 0,004673862611025263
шлаковый 4,605170185988092 0,0055019954432354735
щитовидный 4,605170185988092 0,0055019954432354735
щитовой 3,912023005428146 0,004673862611025263
эквадор 3,2188758248682006 0,009614324447037637
эквадорский 4,605170185988092 0,0027509977216177367
экваториальный 3,506557897319982 0,002094717979283143
элемент 0,19845093872383823 0,00023709789572740528
эллин 3,912023005428146 0,0023369313055126317
эль 2,407945608651872 0,011507505895588395
эма 4,605170185988092 0,0055019954432354735
эми 3,506557897319982 0,004189435958566286
энциклопедия 0 0
эпомео 4,605170185988092 0,0055019954432354735
эрджияс 4,605170185988092 0,0055019954432354735
эребус 4,605170185988092 0,0055019954432354735
эрнест 2,995732273553991 0,003579130553827946
эспаньола 3,912023005428146 0,004673862611025263
этна 4,605170185988092 0,0055019954432354735
юго 1,171182981502945 0,0006996314106947103
южный 1,171182981502945 0,0013992628213894205
юпитер 4,605170185988092 0,0027509977216177367
являться 0,3424903089467759 0,00040918794378348375
язык 0 0
январь 0,6733445532637655 0,0012067106689314794
яп 3,2188758248682006 0,001922864889407527
япония 1,8971199848858813 0,0011332855345793794
японский 1,4696759700589417 0,003511770537775249
