август 0 0
агентство 2,8134107167600364 0,0019112844543206769
административный 0,7133498878774648 0,0009692253911378597
азербайджанский 1,6607312068216509 0,0011282141350690562
алфавит 0 0
альбом 3,2188758248682006 0,017493890352544568
альмейд 4,605170185988092 0,00625702470922295
альтернативный 4,605170185988092 0,00625702470922295
амазонка 3,506557897319982 0,004764344969184758
америка 1,4271163556401458 0,01939016787554546
ана 3,2188758248682006 0,004373472588136142
английский 0,37106368139083196 0,00025208130529268477
апаресидский 4,605170185988092 0,00625702470922295
апрель 0 0
арабский 0,38566248081198473 0,00026199896794292443
аргентина 2,8134107167600364 0,0038225689086413537
афробразилец 4,605170185988092 0,00625702470922295
белый 1,6094379124341003 0,002186736294068071
береговой 3,2188758248682006 0,002186736294068071
берта 4,605170185988092 0,00625702470922295
бесчеловечный 2,659260036932778 0,0036131250501804046
бовио 3,506557897319982 0,004764344969184758
богоматерь 2,995732273553991 0,004070288415154878
болгарский 1,9661128563728327 0,0013356744948185004
большой 1,1086626245216111 0,0015063350876652324
браз 4,605170185988092 0,003128512354611475
бразилец 3,912023005428146 0,007972872973019319
бразилие 3,912023005428146 0,005315248648679546
бразилия 2,659260036932778 0,26917781623844017
бразильский 3,2188758248682006 0,04154798958729335
бразильянка 3,912023005428146 0,002657624324339773
брено 4,605170185988092 0,00625702470922295
бюджет 4,605170185988092 0,003128512354611475
важнейший 2,5257286443082556 0,0017158482637963691
важный 2,659260036932778 0,0018065625250902023
валюта 1,5141277326297755 0,0010286193835800106
варгас 3,506557897319982 0,004764344969184758
варианта 2,407945608651872 0,003271665229146565
век 0,5108256237659907 0,001041084831044818
великородный 4,605170185988092 0,00625702470922295
версия 0 0
вид 1,0498221244986776 0,0021395831341685006
викиновость 1,0216512475319812 0,001388113108059757
википедия 0 0
викисклад 0,5798184952529422 0,0007877968685501931
вица 2,659260036932778 0,0036131250501804046
вклад 0 0
владимировна 2,8134107167600364 0,0038225689086413537
внешний 1,3862943611198906 0,0037671042421736156
военный 1,0498221244986776 0,0014263887561123338
война 0,7133498878774648 0,0014538380867067896
вообще 3,912023005428146 0,002657624324339773
вооружение 3,506557897319982 0,002382172484592379
вормс 4,605170185988092 0,00625702470922295
второй 1,2378743560016172 0,00252284175815547
входить 1,2378743560016172 0,0008409472527184899
выпустить 2,5257286443082556 0,0017158482637963691
высота 1,9661128563728327 0,0013356744948185004
газета 2,8134107167600364 0,0019112844543206769
гарринч 0,9162907318741551 0,0012449602335246673
география 0,083381608939051 0,0003398706886102622
герб 0,7133498878774648 0,0009692253911378597
гимн 1,2378743560016172 0,0016818945054369798
гоббить 4,605170185988092 0,00625702470922295
гомес 3,2188758248682006 0,004373472588136142
гонка 2,995732273553991 0,004070288415154878
город 0,3424903089467759 0,0006980101405165269
государственный 0,7765287894989963 0,003692732015280553
государство 0,6733445532637655 0,000914870316934464
гражданский 1,5141277326297755 0,002057238767160021
гранди 4,605170185988092 0,003128512354611475
граница 1,4271163556401458 0,0009695083937772729
граничить 1,1394342831883648 0,0007740722032529652
группа 1,4696759700589417 0,003993684701247124
груть 4,605170185988092 0,00625702470922295
далья 0,3566749439387324 0,00048461269556892986
даниэль 3,2188758248682006 0,004373472588136142
данный 0,1508228897345837 0,00010246120226534218
два 0 0
де 1,1394342831883648 0,011611083048794478
девиль 4,605170185988092 0,00625702470922295
дежурный 2,995732273553991 0,004070288415154878
декабрь 0 0
деление 0,9675840262617057 0,0013146522095947087
дементьева 1,9661128563728327 0,002671348989637001
демократия 3,506557897319982 0,004764344969184758
депутат 2,995732273553991 0,004070288415154878
ди 2,659260036932778 0,0018065625250902023
дивизион 3,912023005428146 0,002657624324339773
диктатура 3,506557897319982 0,004764344969184758
диск 3,2188758248682006 0,004373472588136142
доисторический 2,659260036932778 0,0018065625250902023
доколумбовый 4,605170185988092 0,003128512354611475
домашний 2,302585092994046 0,003128512354611475
дополнить 1,5141277326297755 0,0010286193835800106
дорога 1,5606477482646683 0,0010602226550711063
дос 3,912023005428146 0,007972872973019319
достаточный 3,2188758248682006 0,002186736294068071
достоинство 2,659260036932778 0,0036131250501804046
дочь 2,407945608651872 0,003271665229146565
дредноутный 3,912023005428146 0,002657624324339773
дрозд 3,506557897319982 0,007146517453777136
дэт 4,605170185988092 0,009385537063834427
ева 3,912023005428146 0,005315248648679546
енвик 4,605170185988092 0,003128512354611475
жанейро 3,506557897319982 0,02620389733051617
жанр 2,659260036932778 0,0018065625250902023
железный 1,7147984280919266 0,0011649445843015806
жестокий 2,5257286443082556 0,0034316965275927383
живопись 2,659260036932778 0,0036131250501804046
жорданиа 3,912023005428146 0,005315248648679546
журнал 0 0
занимать 1,4696759700589417 0,001996842350623562
заниматься 0 0
запрет 3,2188758248682006 0,002186736294068071
запрос 0,1165338162559516 0,00023750098421729268
звание 2,407945608651872 0,0016358326145732825
здание 1,8325814637483102 0,0012449602335246673
знаете 0,06187540371808745 8,406984200827099E-05
знак 0 0
золотой 1,4696759700589417 0,001996842350623562
иврит 1,6607312068216509 0,0011282141350690562
играть 2,120263536200091 0,0028807928480979496
игрок 2,407945608651872 0,004907497843719847
избрание 4,605170185988092 0,003128512354611475
избранный 0,083381608939051 5,6645114768377037E-05
избрать 0 0
известный 0,7765287894989963 0,001055066290080158
изменение 0 0
изображать 3,912023005428146 0,002657624324339773
изображение 0,06187540371808745 0,00021017460502067748
илла 1,3862943611198906 0,0009417760605434039
иметь 0,616186139423817 0,00041860471428248433
империя 1,2039728043259361 0,0024537489218599243
инвалидность 2,8134107167600364 0,0038225689086413537
индеец 2,8134107167600364 0,0038225689086413537
инициатива 2,659260036932778 0,0018065625250902023
интервик 0,9675840262617057 0,0013146522095947087
интернет 1,6607312068216509 0,0022564282701381124
иосиф 2,302585092994046 0,003128512354611475
ирина 3,2188758248682006 0,004373472588136142
искать 0 0
искупитель 4,605170185988092 0,00625702470922295
искусство 0,083381608939051 0,00011329022953675407
испанский 0,49429632181478017 0,00033579913166764956
исполнитель 3,912023005428146 0,002657624324339773
использование 0 0
история 0 0
источник 0 0
итальянский 0,7339691750802005 0,000498620363505571
июнь 0 0
каждый 2,120263536200091 0,0014403964240489748
какой 1,8971199848858813 0,0012888043375583432
карьер 2,407945608651872 0,0016358326145732825
каталанский 1,8325814637483102 0,0012449602335246673
категория 0 0
кечуа 2,995732273553991 0,002035144207577439
килт 3,506557897319982 0,004764344969184758
китайский 1,171182981502945 0,0007956406124340659
км 0,8209805520698303 0,0011154627066166172
книга 0 0
код 0 0
колониальный 2,659260036932778 0,0036131250501804046
колумбия 2,659260036932778 0,005419687575270607
коммерческий 3,2188758248682006 0,002186736294068071
конвенция 2,120263536200091 0,008642378544293849
конгресс 3,506557897319982 0,002382172484592379
конституционный 2,659260036932778 0,0018065625250902023
конституция 1,2729656758128876 0,0017295729290935972
континент 2,5257286443082556 0,0034316965275927383
копакабан 4,605170185988092 0,00625702470922295
копьё 3,2188758248682006 0,008746945176272284
космический 2,995732273553991 0,002035144207577439
который 0,9162907318741551 0,0006224801167623337
крайний 2,5257286443082556 0,0017158482637963691
красный 0,7765287894989963 0,000527533145040079
кубок 2,302585092994046 0,003128512354611475
культура 0,3566749439387324 0,0009692253911378597
кухня 2,302585092994046 0,003128512354611475
латинский 2,407945608651872 0,01308666091658626
либертарианец 4,605170185988092 0,00625702470922295
линия 1,8971199848858813 0,0012888043375583432
литература 1,1086626245216111 0,0015063350876652324
лорран 4,605170185988092 0,00625702470922295
лучший 0 0
магальяйнс 4,605170185988092 0,00625702470922295
май 0 0
мануэл 4,605170185988092 0,003128512354611475
марина 3,2188758248682006 0,004373472588136142
мария 1,6607312068216509 0,0011282141350690562
марселла 4,605170185988092 0,00625702470922295
март 0 0
марта 0,3566749439387324 0,0016961444344912547
материал 0 0
маурисио 3,912023005428146 0,005315248648679546
международный 0,9942522733438669 0,002026329361434511
место 0 0
метать 3,912023005428146 0,0398643648650966
миллион 2,659260036932778 0,0018065625250902023
миро 0 0
мировой 1,2039728043259361 0,0016358326145732827
мобильный 0 0
могила 2,5257286443082556 0,0017158482637963691
мой 0 0
моча 0,16251892949777494 0,00011040688145229276
музыка 1,2729656758128876 0,002594359393640396
музыкальный 2,207274913189721 0,0014995074138517126
мффиис 4,605170185988092 0,00625702470922295
навигация 0 0
надеть 3,912023005428146 0,002657624324339773
нажать 0 0
название 0 0
найти 0 0
наказание 2,659260036932778 0,0036131250501804046
нападающий 3,506557897319982 0,007146517453777136
написать 0,9942522733438669 0,0006754431204781705
напоминать 3,2188758248682006 0,002186736294068071
направление 1,8325814637483102 0,0012449602335246673
население 0,5108256237659907 0,0017351413850746967
наука 0,05129329438755048 0,00024392191624514497
находиться 0 0
национальный 0,7550225842780328 0,0015387688538275124
начинать 0,1508228897345837 0,00020492240453068436
небо 2,207274913189721 0,0014995074138517126
неделя 1,5141277326297755 0,007200335685060074
некоммерческий 0 0
немецкий 0,5108256237659907 0,00034702827701493935
нечитаемый 1,5606477482646683 0,0031806679652133184
никитин 2,995732273553991 0,004070288415154878
новый 0 0
ногейр 4,605170185988092 0,00625702470922295
норвежский 1,7147984280919266 0,0011649445843015806
ноябрь 0 0
нью 2,659260036932778 0,0036131250501804046
обладать 2,407945608651872 0,0016358326145732825
образование 0,7339691750802005 0,000997240727011142
образовать 1,6607312068216509 0,0011282141350690562
обращение 2,302585092994046 0,003128512354611475
обсуждение 0 0
общество 0,07257069283483537 0,00019720296965987873
общий 1,3470736479666094 0,0009151315543251422
обязательный 0 0
один 0,843970070294529 0,0005733492325370441
означать 2,0402208285265546 0,001386019584596844
октябрь 0 0
олег 2,407945608651872 0,003271665229146565
описание 0 0
опрос 3,2188758248682006 0,002186736294068071
организация 0 0
основной 0 0
остановиться 3,912023005428146 0,002657624324339773
отважный 3,912023005428146 0,002657624324339773
ответственность 0 0
отдельный 0 0
отказ 0 0
отсутствовать 0,05129329438755048 0,0006620737726653935
официальный 1,07880966137193 0,0007328869982146264
оценивание 0,1508228897345837 0,00020492240453068436
очертание 3,506557897319982 0,002382172484592379
пакт 2,659260036932778 0,0036131250501804046
палата 2,8134107167600364 0,0038225689086413537
пард 4,605170185988092 0,00625702470922295
парламент 1,4271163556401458 0,0009695083937772729
партия 1,8325814637483102 0,0024899204670493346
пассажирской 4,605170185988092 0,003128512354611475
пау 4,605170185988092 0,003128512354611475
пел 3,912023005428146 0,005315248648679546
первый 0 0
перейти 0 0
период 1,3093333199837622 0,0008894927445541863
персоналия 0,07257069283483537 0,00024650371207484843
перу 2,995732273553991 0,006105432622732318
печать 0 0
платиновый 4,605170185988092 0,00625702470922295
площадь 1,07880966137193 0,0007328869982146264
пляж 2,8134107167600364 0,0019112844543206769
пн 0,127833371509885 0,0003473732921464266
поверх 4,605170185988092 0,003128512354611475
подборка 1,6094379124341003 0,004373472588136142
подробный 0 0
поиск 0 0
полет 4,605170185988092 0,003128512354611475
политик 0 0
политический 1,2039728043259361 0,0032716652291465654
полмиллиона 4,605170185988092 0,003128512354611475
полноформатный 4,605170185988092 0,003128512354611475
половина 2,207274913189721 0,0014995074138517126
получить 0 0
пользоваться 1,9661128563728327 0,0013356744948185004
помочь 0,127833371509885 8,684332303660666E-05
помощь 0,127833371509885 8,684332303660666E-05
популярный 2,120263536200091 0,0014403964240489748
порт 1,8325814637483102 0,003734880700574002
портал 0 0
португальский 0,49429632181478017 0,0013431965266705983
последний 0 0
посмотреть 0 0
потенциальный 1,5141277326297755 0,0030858581507400315
появиться 1,6607312068216509 0,0011282141350690562
правило 1,4696759700589417 0,000998421175311781
править 0 0
правка 0 0
право 0,843970070294529 0,003440095395222265
правый 2,995732273553991 0,004070288415154878
прадо 4,605170185988092 0,00625702470922295
праздник 1,4271163556401458 0,0019390167875545459
практический 1,8971199848858813 0,0012888043375583432
превышать 2,995732273553991 0,002035144207577439
предлагать 0 0
президент 1,3093333199837622 0,004447463722770931
прервать 3,912023005428146 0,002657624324339773
природа 1,07880966137193 0,0014657739964292528
программа 2,207274913189721 0,0014995074138517126
продажа 2,659260036932778 0,0036131250501804046
продать 3,2188758248682006 0,004373472588136142
продолжение 3,506557897319982 0,002382172484592379
проект 0 0
пройти 2,207274913189721 0,0014995074138517126
промышленность 2,659260036932778 0,0036131250501804046
просмотр 1,2729656758128876 0,0008647864645467986
протестантизм 3,506557897319982 0,004764344969184758
протокол 2,407945608651872 0,009814995687439694
птица 2,659260036932778 0,0018065625250902023
птичий 4,605170185988092 0,003128512354611475
пытка 2,5257286443082556 0,0034316965275927383
работник 2,995732273553991 0,004070288415154878
разработчик 0 0
расовый 4,605170185988092 0,00625702470922295
реактивный 3,912023005428146 0,002657624324339773
реал 3,506557897319982 0,002382172484592379
редкий 2,207274913189721 0,0014995074138517126
река 1,1086626245216111 0,0015063350876652324
религия 0,083381608939051 0,00022658045907350815
республика 0,9416085398584451 0,00319839857288874
решение 2,407945608651872 0,0016358326145732825
рио 3,2188758248682006 0,024054099234748782
родина 1,6094379124341003 0,0010933681470340355
родственный 0,21072103131565253 0,00014315287453509003
рок 2,995732273553991 0,002035144207577439
роль 2,120263536200091 0,0014403964240489748
роман 1,4696759700589417 0,001996842350623562
росинья 4,605170185988092 0,00625702470922295
рочить 4,605170185988092 0,00625702470922295
рувик 3,912023005428146 0,002657624324339773
русский 0 0
рыжебрюхий 4,605170185988092 0,009385537063834427
самый 0,5447271754416719 0,001110177667340364
сантос 3,912023005428146 0,007972872973019319
сара 3,506557897319982 0,004764344969184758
сборная 2,120263536200091 0,0014403964240489748
сборный 2,659260036932778 0,0018065625250902023
сведение 0 0
свежий 0 0
света 2,0402208285265546 0,002772039169193688
свидетельствовать 3,506557897319982 0,002382172484592379
свободный 0 0
связать 0 0
сегодняшний 3,2188758248682006 0,002186736294068071
сельский 1,6607312068216509 0,0022564282701381124
сентябрь 0 0
серия 2,207274913189721 0,0029990148277034253
сертифицировать 4,605170185988092 0,00625702470922295
сила 0,9416085398584451 0,002558718858310992
символ 0,9416085398584451 0,001919039143733244
символика 2,302585092994046 0,0015642561773057376
символический 3,506557897319982 0,002382172484592379
система 0 0
служба 2,995732273553991 0,002035144207577439
случай 0 0
случайный 0 0
сменить 2,995732273553991 0,002035144207577439
смотреть 0 0
событие 0 0
современность 4,605170185988092 0,003128512354611475
согласие 2,8134107167600364 0,0019112844543206769
содержание 0,1392620673335076 9,460738269939375E-05
соза 4,605170185988092 0,009385537063834427
создание 0,8675005677047231 0,0005893346247994042
создать 0 0
сообщество 0 0
составлять 1,6094379124341003 0,002186736294068071
состояние 1,7147984280919266 0,0011649445843015806
сохранение 0 0
список 0 0
спорт 0,083381608939051 0,00028322557384188516
спортивный 2,302585092994046 0,0015642561773057376
среди 1,4696759700589417 0,003993684701247124
ссылаться 0 0
ссылка 0 0
становление 2,995732273553991 0,002035144207577439
статистик 0 0
статуя 2,995732273553991 0,004070288415154878
стать 0,4620354595965586 0,0006277655701040198
статья 0 0
столица 0,7985076962177716 0,001084928935078494
страна 0,43078291609245434 0,000877954312688426
страница 0 0
строитель 2,995732273553991 0,002035144207577439
строй 1,5606477482646683 0,0021204453101422126
сулленный 4,605170185988092 0,00625702470922295
считаться 1,5141277326297755 0,002057238767160021
сша 0,9675840262617057 0,0013146522095947087
сыграть 3,2188758248682006 0,002186736294068071
сюд 0 0
табебуть 4,605170185988092 0,00625702470922295
текст 0 0
тема 0,7550225842780328 0,001025845902551675
техника 0,06187540371808745 0,00021017460502067748
течь 0 0
торговля 2,8134107167600364 0,0038225689086413537
транскрипция 2,120263536200091 0,0014403964240489748
требовать 1,4696759700589417 0,000998421175311781
трэш 4,605170185988092 0,009385537063834427
туризм 1,4696759700589417 0,001996842350623562
тыс 1,6607312068216509 0,0022564282701381124
уго 3,506557897319982 0,004764344969184758
удостоить 2,995732273553991 0,002035144207577439
указатель 0 0
украинский 1,07880966137193 0,0007328869982146264
унижать 2,659260036932778 0,0036131250501804046
условие 0 0
успех 2,8134107167600364 0,0019112844543206769
успешный 2,120263536200091 0,0014403964240489748
устройство 1,3470736479666094 0,0018302631086502845
участвовать 1,8971199848858813 0,0012888043375583432
участие 0 0
участник 0 0
фавела 4,605170185988092 0,00625702470922295
факультативный 2,407945608651872 0,009814995687439694
февраль 0 0
философия 0,09431067947124142 0,0001281395101511432
флаг 0,8675005677047231 0,002357338499197617
форум 0 0
франсиско 2,659260036932778 0,0018065625250902023
французский 0,23572233352106994 0,0001601374548376834
футбол 1,7719568419318754 0,013241525313349612
футболист 1,8971199848858813 0,005155217350233373
хардкор 4,605170185988092 0,00625702470922295
хозяйство 1,7719568419318754 0,0024075500569726567
хороший 0,7985076962177716 0,000542464467539247
христианство 2,120263536200091 0,0028807928480979496
христос 2,659260036932778 0,0036131250501804046
цена 3,2188758248682006 0,002186736294068071
человек 1,1394342831883648 0,0015481444065059305
чемпионат 1,4696759700589417 0,005990527051870686
чили 2,659260036932778 0,007226250100360809
читать 0 0
чудо 3,506557897319982 0,002382172484592379
шаблон 0 0
штан 4,605170185988092 0,003128512354611475
эквадор 3,2188758248682006 0,004373472588136142
экономика 0,7550225842780328 0,00205169180510335
экстремальный 3,506557897319982 0,002382172484592379
элемент 0,19845093872383823 0,00026963442761391063
эльмо 3,506557897319982 0,004764344969184758
эмиль 2,995732273553991 0,004070288415154878
энергетик 2,8134107167600364 0,0038225689086413537
энциклопедия 0 0
эпоха 2,120263536200091 0,0014403964240489748
эра 3,506557897319982 0,004764344969184758
южноамериканский 3,506557897319982 0,002382172484592379
южный 1,171182981502945 0,007956406124340658
являться 0,3424903089467759 0,00023267004683884233
ягуар 4,605170185988092 0,00625702470922295
язык 0 0
январь 0,6733445532637655 0,000914870316934464
