абовян 4,605170185988092 0,005896504719575021
август 0 0
аветис 4,605170185988092 0,005896504719575021
аветисяный 4,605170185988092 0,005896504719575021
автономный 1,6607312068216509 0,0010632081989895331
азербайджан 2,8134107167600364 0,010806955378079524
азербайджанский 1,6607312068216509 0,0010632081989895331
азия 1,5141277326297755 0,0019387038830086755
алексеевич 1,8971199848858813 0,0024290908897386444
алексей 1,7719568419318754 0,002268830783523528
алфавит 0 0
амшенец 4,605170185988092 0,005896504719575021
антелиас 4,605170185988092 0,011793009439150043
аня 4,605170185988092 0,008844757079362532
апрель 0 0
ар 3,506557897319982 0,002244915427221499
арабский 0,38566248081198473 0,0002469029966786074
арарат 3,912023005428146 0,002504496162245932
араратский 4,605170185988092 0,0029482523597875107
арифович 4,605170185988092 0,005896504719575021
арма 4,605170185988092 0,005896504719575021
армена 3,912023005428146 0,010017984648983728
арменак 4,605170185988092 0,005896504719575021
арменистика 4,605170185988092 0,008844757079362532
армения 2,8134107167600364 0,21073562987255076
армянин 3,2188758248682006 0,04121479929408707
армянск 4,605170185988092 0,0029482523597875107
армянский 1,8325814637483102 0,02229132382280275
артикский 4,605170185988092 0,0029482523597875107
артур 2,995732273553991 0,0038357647548706666
архив 0,3011050927839216 0,001156613672665512
аршак 4,605170185988092 0,005896504719575021
ассириец 4,605170185988092 0,005896504719575021
аудиозапись 4,605170185988092 0,0029482523597875107
ахмед 3,2188758248682006 0,0020607399647043535
ашхена 4,605170185988092 0,0029482523597875107
бабаджанян 4,605170185988092 0,0029482523597875107
баграмян 4,605170185988092 0,0029482523597875107
бахтак 4,605170185988092 0,0029482523597875107
бежать 3,2188758248682006 0,0020607399647043535
безгражданство 2,659260036932778 0,003404942428851188
безопасность 3,2188758248682006 0,004121479929408707
бесчеловечный 2,659260036932778 0,003404942428851188
бехаэддин 4,605170185988092 0,005896504719575021
близ 2,5257286443082556 0,003233967534325551
боец 2,995732273553991 0,0038357647548706666
божий 2,407945608651872 0,0015415784946554876
болеянин 3,912023005428146 0,005008992324491864
больший 1,8325814637483102 0,0011732275696211972
борьба 1,8325814637483102 0,0011732275696211972
бронетанковый 3,506557897319982 0,002244915427221499
быть 1,9661128563728327 0,0012587150168840158
варианта 2,407945608651872 0,0015415784946554876
васильев 2,995732273553991 0,0038357647548706666
введение 1,3470736479666094 0,0017248062073836228
веди 4,605170185988092 0,005896504719575021
век 0,5108256237659907 0,0003270330497861656
великое 2,8134107167600364 0,0018011592296799208
вероятный 4,605170185988092 0,0029482523597875107
версия 0 0
вид 1,0498221244986776 0,0020163036962202513
викиновость 1,0216512475319812 0,0006540660995723311
википедия 0 0
википроект 3,912023005428146 0,002504496162245932
викисклад 0,5798184952529422 0,00037120262180085923
викисловарь 1,4271163556401458 0,0009136468345967643
викитек 1,1394342831883648 0,0007294713720796189
викиучебник 2,5257286443082556 0,0016169837671627756
викицитатник 0,9675840262617057 0,000619452001447955
вклад 0 0
включать 1,9661128563728327 0,0012587150168840158
включая 2,5257286443082556 0,0016169837671627756
владимир 1,2378743560016172 0,0015849863713208927
владимирович 2,0402208285265546 0,0026123186024667793
владислав 3,506557897319982 0,004489830854442998
власть 1,4696759700589417 0,0009408937068239063
вод 1,8971199848858813 0,0012145454448693222
военачальник 2,407945608651872 0,0015415784946554876
военный 1,0498221244986776 0,0006721012320734172
воздействие 4,605170185988092 0,0029482523597875107
возможно 2,407945608651872 0,0015415784946554876
возникнуть 2,5257286443082556 0,0016169837671627756
война 0,7133498878774648 0,0013700702071910336
войско 1,7719568419318754 0,0056720769588088195
володя 3,912023005428146 0,005008992324491864
восстановление 3,2188758248682006 0,0020607399647043535
восток 0,7985076962177716 0,0020448340492132434
восточноанатолийский 4,605170185988092 0,0029482523597875107
восточный 0,9162907318741551 0,0005866137848105986
время 2,407945608651872 0,0015415784946554876
второй 1,2378743560016172 0,0007924931856604463
вулканический 3,2188758248682006 0,004121479929408707
входить 1,2378743560016172 0,0007924931856604463
вывести 2,995732273553991 0,0019178823774353333
выражение 3,2188758248682006 0,0020607399647043535
высылка 4,605170185988092 0,0029482523597875107
выход 1,8325814637483102 0,0023464551392423944
гарегин 4,605170185988092 0,008844757079362532
гегаркунь 4,605170185988092 0,0029482523597875107
генерал 1,8325814637483102 0,0023464551392423944
геноцид 3,2188758248682006 0,04121479929408707
географический 2,302585092994046 0,0014741261798937554
география 0,083381608939051 0,00021352524696299872
гера 1,9661128563728327 0,0012587150168840158
герой 2,120263536200091 0,0013574030321383424
главное 1,7147984280919266 0,002195644594227819
главный 1,9661128563728327 0,0012587150168840158
год 0,6348782724359695 0,002032260795249582
гораван 4,605170185988092 0,008844757079362532
гораванский 4,605170185988092 0,0029482523597875107
горный 1,8971199848858813 0,0012145454448693222
город 0,3424903089467759 0,0024119035841322248
государственный 0,7765287894989963 0,0024856875464116398
государство 0,6733445532637655 0,0017243138367830102
гражданский 1,5141277326297755 0,0009693519415043377
грайра 4,605170185988092 0,005896504719575021
граничить 1,1394342831883648 0,0007294713720796189
грек 2,995732273553991 0,0038357647548706666
григория 2,8134107167600364 0,009005796148399603
григорьевич 2,407945608651872 0,0030831569893109752
грузинский 1,8325814637483102 0,0011732275696211972
грузия 2,8134107167600364 0,0036023184593598416
группа 1,4696759700589417 0,0009408937068239063
далья 0,3566749439387324 0,00022834503453183892
даниелян 4,605170185988092 0,005896504719575021
данилина 4,605170185988092 0,005896504719575021
данилович 3,2188758248682006 0,004121479929408707
данный 0,1508228897345837 9,65575478454441E-05
два 0 0
двенадцать 4,605170185988092 0,0029482523597875107
действие 1,8325814637483102 0,0011732275696211972
декабрь 0 0
депортация 3,912023005428146 0,007513488486737796
деревня 1,8325814637483102 0,0011732275696211972
джемаль 4,605170185988092 0,005896504719575021
диаспора 3,912023005428146 0,005008992324491864
дива 3,912023005428146 0,005008992324491864
дикий 3,506557897319982 0,002244915427221499
диярбакыр 4,605170185988092 0,005896504719575021
добавить 1,0498221244986776 0,0006721012320734172
добро 1,8325814637483102 0,0023464551392423944
должный 2,5257286443082556 0,0016169837671627756
дорога 1,5606477482646683 0,0019982685637191656
достоинство 2,659260036932778 0,003404942428851188
древнейший 2,407945608651872 0,0015415784946554876
древний 1,4696759700589417 0,0018817874136478126
духовный 3,912023005428146 0,002504496162245932
егоян 3,912023005428146 0,005008992324491864
ереван 4,605170185988092 0,008844757079362532
железный 1,7147984280919266 0,002195644594227819
жестокий 2,5257286443082556 0,003233967534325551
журнал 0 0
закавказье 2,995732273553991 0,005753647132306
закон 1,9661128563728327 0,0012587150168840158
залежь 4,605170185988092 0,0029482523597875107
замораживание 4,605170185988092 0,0029482523597875107
занимать 1,4696759700589417 0,0009408937068239063
заниматься 0 0
запад 0,9162907318741551 0,0011732275696211972
запас 2,995732273553991 0,005753647132306
запрос 0,1165338162559516 7,460551616898309E-05
заседание 4,605170185988092 0,0029482523597875107
заседать 3,912023005428146 0,002504496162245932
защита 2,120263536200091 0,0013574030321383424
здание 1,8325814637483102 0,0011732275696211972
землетрясение 3,2188758248682006 0,008242959858817414
земля 1,2378743560016172 0,0007924931856604463
зимний 2,659260036932778 0,001702471214425594
злодеяние 4,605170185988092 0,0029482523597875107
знаете 0,06187540371808745 3,961293451862193E-05
знак 0 0
зона 2,659260036932778 0,001702471214425594
иафет 4,605170185988092 0,0029482523597875107
иван 1,7719568419318754 0,001134415391761764
игорь 2,5257286443082556 0,003233967534325551
избирательный 3,2188758248682006 0,0020607399647043535
избранный 0,083381608939051 0,00010676262348149936
избрать 0 0
изменение 0 0
изображение 0,06187540371808745 0,00023767760711173157
илла 1,3862943611198906 0,0008875123950831565
иметь 0,616186139423817 0,0011834560936436944
империя 1,2039728043259361 0,00385394623663872
информация 1,5606477482646683 0,0019982685637191656
иран 2,407945608651872 0,0030831569893109752
исай 4,605170185988092 0,005896504719575021
искать 0 0
искусственный 2,8134107167600364 0,0018011592296799208
искусство 0,083381608939051 0,00010676262348149936
испанский 0,49429632181478017 0,0003164509102527402
использование 0 0
использоваться 1,4696759700589417 0,0009408937068239063
иссык 4,605170185988092 0,005896504719575021
историк 2,207274913189721 0,0014131081390459162
исторический 1,2378743560016172 0,0007924931856604463
история 0 0
источник 0 0
итальянский 0,7339691750802005 0,000469890637055186
иусик 3,506557897319982 0,004489830854442998
ишхан 4,605170185988092 0,0029482523597875107
июль 0,9162907318741551 0,0011732275696211972
июнь 0 0
казарянин 4,605170185988092 0,005896504719575021
какой 1,8971199848858813 0,0012145454448693222
карабахский 3,912023005428146 0,002504496162245932
карат 3,912023005428146 0,002504496162245932
караундж 4,605170185988092 0,005896504719575021
каренович 4,605170185988092 0,005896504719575021
карленович 3,912023005428146 0,005008992324491864
каталикос 4,605170185988092 0,0029482523597875107
категория 0 0
католикосат 4,605170185988092 0,014741261798937554
кафедральный 2,995732273553991 0,0038357647548706666
качество 1,5606477482646683 0,0009991342818595828
кб 3,2188758248682006 0,0020607399647043535
киликийский 4,605170185988092 0,011793009439150043
китайский 1,171182981502945 0,0007497970432157138
климат 2,302585092994046 0,0014741261798937554
климатический 3,2188758248682006 0,0020607399647043535
книга 0 0
князь 2,407945608651872 0,0030831569893109752
код 0 0
количество 2,120263536200091 0,0013574030321383424
комитет 2,659260036932778 0,003404942428851188
комплекс 1,8971199848858813 0,0012145454448693222
композитор 2,659260036932778 0,001702471214425594
конвенция 2,120263536200091 0,00542961212855337
контролировать 3,912023005428146 0,002504496162245932
косуля 4,605170185988092 0,005896504719575021
красный 0,7765287894989963 0,0004971375092823279
кремль 3,506557897319982 0,004489830854442998
кристь 3,2188758248682006 0,004121479929408707
куль 4,605170185988092 0,005896504719575021
культура 0,3566749439387324 0,00045669006906367784
культурный 1,5141277326297755 0,0009693519415043377
кумитэ 4,605170185988092 0,005896504719575021
левонович 4,605170185988092 0,005896504719575021
ливан 2,995732273553991 0,0038357647548706666
лидер 2,407945608651872 0,0015415784946554876
лорийский 4,605170185988092 0,005896504719575021
лучший 0 0
магнитный 4,605170185988092 0,0029482523597875107
май 0 0
максима 2,0402208285265546 0,0026123186024667793
манук 4,605170185988092 0,005896504719575021
марку 3,912023005428146 0,005008992324491864
март 0 0
марта 0,3566749439387324 0,0034251755179775835
марченко 4,605170185988092 0,005896504719575021
маршал 3,2188758248682006 0,008242959858817414
массовый 2,0402208285265546 0,005224637204933559
матвиенко 3,912023005428146 0,005008992324491864
материал 0 0
медноцветный 4,605170185988092 0,0029482523597875107
международный 0,9942522733438669 0,0012730502859716606
мемориальный 4,605170185988092 0,0029482523597875107
место 0 0
миро 0 0
мировой 1,2039728043259361 0,002312367741983232
мисс 2,995732273553991 0,0019178823774353333
младотурка 4,605170185988092 0,0029482523597875107
мнение 2,995732273553991 0,0019178823774353333
мобильный 0 0
мой 0 0
молибден 4,605170185988092 0,0029482523597875107
монастырь 1,8325814637483102 0,0023464551392423944
монгол 3,912023005428146 0,002504496162245932
море 1,1394342831883648 0,0014589427441592379
морис 2,995732273553991 0,0038357647548706666
московский 2,207274913189721 0,0028262162780918324
моча 0,16251892949777494 0,00010404540940958703
мочь 0,8209805520698303 0,0005255957439627595
музей 1,3093333199837622 0,0016764831241789528
музыкальный 2,207274913189721 0,0014131081390459162
мурадяна 4,605170185988092 0,005896504719575021
мфа 3,912023005428146 0,002504496162245932
навигация 0 0
нагорный 3,2188758248682006 0,004121479929408707
нагорье 3,912023005428146 0,005008992324491864
нажать 0 0
название 0 0
найти 0 0
наказание 2,659260036932778 0,003404942428851188
написание 1,9661128563728327 0,0012587150168840158
написать 0,9942522733438669 0,0006365251429858303
население 0,5108256237659907 0,0013081321991446624
наука 0,05129329438755048 0,00013135286654942504
научный 1,6094379124341003 0,0010303699823521768
нахичеванский 3,912023005428146 0,005008992324491864
находиться 0 0
национальный 0,7550225842780328 0,0009667382641204005
начать 0,38566248081198473 0,0061725749169651845
небольшой 1,9661128563728327 0,0012587150168840158
незабудка 3,912023005428146 0,007513488486737796
некоммерческий 0 0
некоторые 1,8325814637483102 0,0023464551392423944
немецкий 0,5108256237659907 0,0003270330497861656
неминуемый 4,605170185988092 0,0029482523597875107
немногие 3,912023005428146 0,002504496162245932
неправильный 3,912023005428146 0,002504496162245932
непризнанный 4,605170185988092 0,0029482523597875107
нкр 3,912023005428146 0,002504496162245932
новый 0 0
ной 3,506557897319982 0,004489830854442998
носить 1,6094379124341003 0,0010303699823521768
ноябрь 0 0
область 0,7765287894989963 0,0024856875464116398
обратиться 3,506557897319982 0,002244915427221499
обращение 2,302585092994046 0,0029482523597875107
обсерватория 3,2188758248682006 0,0020607399647043535
обсуждение 0 0
общество 0,07257069283483537 0,00018584044259881016
объяснение 3,506557897319982 0,002244915427221499
обязательный 0 0
овакимян 4,605170185988092 0,008844757079362532
овца 3,912023005428146 0,005008992324491864
оганесян 4,605170185988092 0,005896504719575021
один 0,843970070294529 0,002701568726935112
одновременный 2,995732273553991 0,0019178823774353333
озеро 1,8325814637483102 0,004692910278484789
октябрь 0 0
олегович 3,912023005428146 0,005008992324491864
опера 3,506557897319982 0,006734746281664497
операционный 4,605170185988092 0,0029482523597875107
описание 0 0
организатор 2,8134107167600364 0,0018011592296799208
организация 0 0
организовать 1,9661128563728327 0,0012587150168840158
орхидея 3,912023005428146 0,002504496162245932
османский 2,407945608651872 0,007707892473277438
основа 1,8971199848858813 0,0012145454448693222
основной 0 0
основный 1,8325814637483102 0,0011732275696211972
особа 3,506557897319982 0,002244915427221499
оставить 2,302585092994046 0,0014741261798937554
осуществляться 3,2188758248682006 0,0020607399647043535
ответ 3,506557897319982 0,002244915427221499
ответственность 0 0
отдельный 0 0
отказ 0 0
относительно 3,2188758248682006 0,0020607399647043535
относиться 1,7147984280919266 0,0010978222971139095
отсутствовать 0,05129329438755048 0,00036122038301091887
паб 4,605170185988092 0,005896504719575021
памятик 4,605170185988092 0,005896504719575021
памятник 1,2039728043259361 0,002312367741983232
первый 0 0
передача 3,2188758248682006 0,0020607399647043535
передняя 3,912023005428146 0,005008992324491864
передовик 4,605170185988092 0,0029482523597875107
переименовать 3,506557897319982 0,002244915427221499
перейти 0 0
перемещение 3,912023005428146 0,002504496162245932
перлит 4,605170185988092 0,0029482523597875107
персидский 1,5606477482646683 0,0009991342818595828
персоналия 0,07257069283483537 0,0002323005532485127
песчаный 3,2188758248682006 0,0020607399647043535
петросян 3,912023005428146 0,010017984648983728
печать 0 0
погосять 4,605170185988092 0,005896504719575021
пограничный 3,2188758248682006 0,0020607399647043535
подборка 1,6094379124341003 0,0020607399647043535
подверженный 3,912023005428146 0,002504496162245932
подвид 3,912023005428146 0,005008992324491864
подробный 0 0
подушка 4,605170185988092 0,0029482523597875107
поезд 3,912023005428146 0,002504496162245932
пожаловать 1,7719568419318754 0,002268830783523528
поиск 0 0
политик 0 0
получить 0 0
помимо 2,659260036932778 0,001702471214425594
помочь 0,127833371509885 8,183954642118117E-05
понтийский 4,605170185988092 0,005896504719575021
популяция 4,605170185988092 0,0029482523597875107
попытка 2,407945608651872 0,0015415784946554876
портал 0 0
португальский 0,49429632181478017 0,0003164509102527402
последний 0 0
посмотреть 0 0
потомок 2,659260036932778 0,001702471214425594
править 0 0
правка 0 0
право 0,843970070294529 0,0010806274907740447
предлагать 0 0
предположительно 4,605170185988092 0,0029482523597875107
представитель 2,120263536200091 0,0013574030321383424
пресноводный 3,912023005428146 0,002504496162245932
пресный 4,605170185988092 0,0029482523597875107
приводить 3,506557897319982 0,002244915427221499
принятие 3,912023005428146 0,002504496162245932
принять 1,3862943611198906 0,0008875123950831565
природа 1,07880966137193 0,0013813183884403713
причина 2,407945608651872 0,0015415784946554876
проводиться 3,2188758248682006 0,0020607399647043535
продлиться 4,605170185988092 0,0029482523597875107
проект 0 0
происхождение 1,7147984280919266 0,0010978222971139095
просветитель 4,605170185988092 0,011793009439150043
прослушать 3,912023005428146 0,007513488486737796
просмотреть 3,506557897319982 0,004489830854442998
протокол 2,407945608651872 0,0030831569893109752
прошедший 4,605170185988092 0,0029482523597875107
пустынь 2,8134107167600364 0,0018011592296799208
пустыня 2,407945608651872 0,004624735483966463
пшеница 3,912023005428146 0,002504496162245932
пытка 2,5257286443082556 0,003233967534325551
разграбить 3,912023005428146 0,002504496162245932
раздел 0,9675840262617057 0,000619452001447955
размикович 3,912023005428146 0,005008992324491864
разоружение 4,605170185988092 0,0029482523597875107
разработчик 0 0
район 1,171182981502945 0,0014995940864314277
рамка 1,8971199848858813 0,0012145454448693222
расположить 0,9162907318741551 0,002933068924052993
рассматриваться 3,506557897319982 0,002244915427221499
растение 2,8134107167600364 0,0018011592296799208
регион 0,9942522733438669 0,0006365251429858303
резиденция 2,8134107167600364 0,0018011592296799208
резня 3,912023005428146 0,007513488486737796
рекордсмен 3,912023005428146 0,002504496162245932
религия 0,083381608939051 0,00021352524696299872
республика 0,9416085398584451 0,0024112894746695134
род 2,302585092994046 0,0014741261798937554
родина 1,6094379124341003 0,0010303699823521768
руина 3,2188758248682006 0,004121479929408707
руководитель 2,5257286443082556 0,0016169837671627756
румла 4,605170185988092 0,005896504719575021
русский 0 0
рустам 4,605170185988092 0,005896504719575021
саакович 4,605170185988092 0,005896504719575021
самвелович 4,605170185988092 0,005896504719575021
самый 0,5447271754416719 0,0003487369881188681
сантиметровый 4,605170185988092 0,0029482523597875107
сведение 0 0
свежий 0 0
свободный 0 0
связать 0 0
святой 1,4696759700589417 0,0037635748272956252
севан 4,605170185988092 0,011793009439150043
севанский 4,605170185988092 0,005896504719575021
север 1,0216512475319812 0,0013081321991446622
северо 1,6094379124341003 0,0010303699823521768
село 2,407945608651872 0,0015415784946554876
семь 3,506557897319982 0,002244915427221499
сентябрь 0 0
сергей 1,8325814637483102 0,0023464551392423944
сила 0,9416085398584451 0,0012056447373347567
символ 0,9416085398584451 0,0012056447373347567
сингапур 3,2188758248682006 0,004121479929408707
система 0 0
слой 2,8134107167600364 0,0018011592296799208
случай 0 0
случайный 0 0
смерть 1,8325814637483102 0,0011732275696211972
смирна 4,605170185988092 0,005896504719575021
смотреть 0 0
снг 3,912023005428146 0,010017984648983728
собор 1,9661128563728327 0,007552290101304095
событие 0 0
советский 1,3470736479666094 0,0034496124147672456
современный 1,0216512475319812 0,0006540660995723311
согласно 1,8971199848858813 0,0012145454448693222
соединить 3,506557897319982 0,002244915427221499
создатель 2,659260036932778 0,001702471214425594
создать 0 0
сокращение 2,302585092994046 0,0029482523597875107
солдат 2,8134107167600364 0,0018011592296799208
сообщество 0 0
сосредатачивать 4,605170185988092 0,0029482523597875107
сосредотачивать 4,605170185988092 0,0029482523597875107
состав 1,0498221244986776 0,0006721012320734172
сохранение 0 0
сохраниться 2,120263536200091 0,0013574030321383424
союз 1,4696759700589417 0,0037635748272956252
список 0 0
спитак 4,605170185988092 0,0029482523597875107
спорт 0,083381608939051 0,00021352524696299872
сраз 2,659260036932778 0,001702471214425594
средневековый 2,659260036932778 0,001702471214425594
средство 1,9661128563728327 0,0025174300337680315
сср 3,506557897319982 0,004489830854442998
ссср 1,4271163556401458 0,0018272936691935285
ссылаться 0 0
ссылка 0 0
стадий 4,605170185988092 0,0029482523597875107
становиться 2,5257286443082556 0,0016169837671627756
статистик 0 0
стать 0,4620354595965586 0,0014789867464678572
статья 0 0
сто 2,5257286443082556 0,0016169837671627756
стоить 2,407945608651872 0,0015415784946554876
столица 0,7985076962177716 0,0005112085123033109
страна 0,43078291609245434 0,0008273679566436383
страница 0 0
строиться 3,506557897319982 0,002244915427221499
субэтнический 4,605170185988092 0,0029482523597875107
султан 3,912023005428146 0,005008992324491864
существовать 1,4271163556401458 0,0018272936691935285
считаться 1,5141277326297755 0,0009693519415043377
сша 0,9675840262617057 0,000619452001447955
сын 1,6607312068216509 0,0021264163979790663
сюд 0 0
талаат 4,605170185988092 0,005896504719575021
теванян 4,605170185988092 0,005896504719575021
текст 0 0
территория 0,8675005677047231 0,003887646590226032
тесто 4,605170185988092 0,0029482523597875107
техника 0,06187540371808745 7,922586903724386E-05
течь 0 0
тигран 4,605170185988092 0,0029482523597875107
титикака 4,605170185988092 0,005896504719575021
традиционный 1,8971199848858813 0,0012145454448693222
тур 3,506557897319982 0,004489830854442998
турецкий 2,8134107167600364 0,0018011592296799208
турок 3,2188758248682006 0,004121479929408707
турция 2,302585092994046 0,013267135619043798
туф 4,605170185988092 0,005896504719575021
убийство 3,2188758248682006 0,0061822198941130614
угрожать 3,912023005428146 0,002504496162245932
указатель 0 0
улучшение 1,4271163556401458 0,0009136468345967643
унан 4,605170185988092 0,005896504719575021
унижать 2,659260036932778 0,003404942428851188
уничтожение 2,8134107167600364 0,0018011592296799208
управление 2,302585092994046 0,0014741261798937554
условие 0 0
успешный 2,120263536200091 0,0013574030321383424
установить 1,7719568419318754 0,002268830783523528
устойчивый 4,605170185988092 0,0029482523597875107
уступать 3,912023005428146 0,002504496162245932
участие 0 0
участник 0 0
файл 1,5141277326297755 0,0009693519415043377
факультативный 2,407945608651872 0,0030831569893109752
февраль 0 0
феликс 2,995732273553991 0,0038357647548706666
фельзит 4,605170185988092 0,0029482523597875107
физический 2,120263536200091 0,0013574030321383424
философия 0,09431067947124142 0,00012075631174294674
фиолетовый 3,506557897319982 0,002244915427221499
форель 4,605170185988092 0,008844757079362532
форум 0 0
франгулян 3,912023005428146 0,005008992324491864
французский 0,23572233352106994 0,00015091058484063377
хайк 4,605170185988092 0,005896504719575021
хайка 4,605170185988092 0,0029482523597875107
характерный 2,995732273553991 0,0019178823774353333
хаченский 4,605170185988092 0,005896504719575021
хватать 4,605170185988092 0,0029482523597875107
хороший 0,7985076962177716 0,0005112085123033109
храм 1,2729656758128876 0,0016299176386848752
христианство 2,120263536200091 0,002714806064276685
хх 1,2729656758128876 0,0032598352773697504
хякунин 4,605170185988092 0,005896504719575021
цветок 2,8134107167600364 0,0036023184593598416
центр 0,8915981192837835 0,0005708054540869293
чардахла 4,605170185988092 0,005896504719575021
часть 0,5978370007556204 0,000382738156693739
человек 1,1394342831883648 0,0007294713720796189
читать 0 0
чухаджян 4,605170185988092 0,0029482523597875107
шаблон 0 0
шакир 4,605170185988092 0,005896504719575021
шенаван 4,605170185988092 0,005896504719575021
шествие 3,912023005428146 0,002504496162245932
шишкин 4,605170185988092 0,005896504719575021
эдуардович 3,506557897319982 0,002244915427221499
экономика 0,7550225842780328 0,0009667382641204005
экосистема 3,912023005428146 0,005008992324491864
элемент 0,19845093872383823 0,00025409851309070194
энвер 3,912023005428146 0,005008992324491864
энциклопедия 0 0
эчмиадзинский 4,605170185988092 0,011793009439150043
юг 1,0216512475319812 0,0006540660995723311
юго 1,171182981502945 0,0014995940864314277
юрьевич 2,407945608651872 0,0030831569893109752
являться 0,3424903089467759 0,0015348477353568702
язык 0 0
ярослав 3,2188758248682006 0,004121479929408707
