август 0 0
автор 1,7147984280919266 0,0015936788365166603
административный 0,7133498878774648 0,0013259291596235405
акт 2,8134107167600364 0,0026146939746840487
акула 3,506557897319982 0,016294414021003633
алфавит 0 0
америка 1,4271163556401458 0,006631581578253466
американский 1,4271163556401458 0,001326316315650693
англ 1,0498221244986776 0,0019513422388451255
английский 0,37106368139083196 0,0034485472248218583
апрель 0 0
арабский 0,38566248081198473 0,00035842237993678874
архив 0,3011050927839216 0,0016790246809512356
ассоциация 2,8134107167600364 0,0026146939746840487
атолл 3,912023005428146 0,007271418225702873
африка 1,5606477482646683 0,0014504161229225542
барьерный 4,605170185988092 0,0042798979423681145
белиз 3,912023005428146 0,5089992757992011
белизская 4,605170185988092 0,0042798979423681145
белизский 4,605170185988092 0,021399489711840577
бельмопан 4,605170185988092 0,012839693827104344
благодаря 1,8325814637483102 0,0017031426243014035
большой 1,1086626245216111 0,004121422395991119
британский 1,5141277326297755 0,0014071819076484902
валюта 1,5141277326297755 0,0028143638152969804
великий 1,0216512475319812 0,0009494900069999825
великобритания 1,6607312068216509 0,006173721958444798
версия 0 0
вид 1,0498221244986776 0,0019513422388451255
викиновость 1,0216512475319812 0,0009494900069999825
википедия 0 0
викисклад 0,5798184952529422 0,000538864772539909
викисловар 1,8325814637483102 0,0017031426243014035
викитек 1,1394342831883648 0,0010589537947847255
викицитатник 0,9675840262617057 0,000899241660094522
вклад 0 0
включая 2,5257286443082556 0,0023473314538180814
включить 2,995732273553991 0,0027841378007007348
внешний 1,3862943611198906 0,002576755318066711
возвращение 2,659260036932778 0,0024714312610899423
воронка 4,605170185988092 0,012839693827104344
восточный 0,9162907318741551 0,0008515713121507017
встретить 2,995732273553991 0,0027841378007007348
входить 1,2378743560016172 0,0011504408513026182
гватемала 3,912023005428146 0,02181425467710862
генерал 1,8325814637483102 0,008515713121507017
география 0,083381608939051 0,0004649532096973104
геологический 3,2188758248682006 0,0029915202833347585
геология 2,659260036932778 0,0024714312610899423
герб 0,7133498878774648 0,002651858319247081
гигантский 3,912023005428146 0,0036357091128514365
гимн 1,2378743560016172 0,0023008817026052364
глубина 3,506557897319982 0,0065177656084014525
голубой 3,2188758248682006 0,02393216226667807
гордон 3,506557897319982 0,013035531216802905
город 0,3424903089467759 0,0019097972617849956
государственный 0,7765287894989963 0,0043300861867973765
государство 0,6733445532637655 0,0025031396032110242
гражданский 1,5141277326297755 0,0014071819076484902
граничить 1,1394342831883648 0,0010589537947847255
групер 4,605170185988092 0,0042798979423681145
губернатор 2,8134107167600364 0,013073469873420245
дайвинг 4,605170185988092 0,008559795884736229
далья 0,3566749439387324 0,0009944468697176553
данный 0,1508228897345837 0,00014016997187228967
дать 2,5257286443082556 0,0023473314538180814
два 0 0
движение 1,6094379124341003 0,0014957601416673793
декабрь 0 0
деление 0,9675840262617057 0,001798483320189044
демократический 1,9661128563728327 0,003654484863146529
диаметр 4,605170185988092 0,0042798979423681145
добавить 1,0498221244986776 0,0009756711194225628
должность 2,5257286443082556 0,0023473314538180814
доллар 2,302585092994046 0,006419846913552172
дыра 3,912023005428146 0,03635709112851437
жак 2,995732273553991 0,0055682756014014696
женщина 1,6607312068216509 0,0015434304896111996
журнал 0 0
заинтересовать 4,605170185988092 0,0042798979423681145
занимать 1,4696759700589417 0,001365869860649574
заниматься 0 0
запад 0,9162907318741551 0,0008515713121507017
запрос 0,1165338162559516 0,00021660560642370187
затопить 4,605170185988092 0,0042798979423681145
знаете 0,06187540371808745 0,00011501004408566441
знак 0 0
значительный 2,302585092994046 0,0021399489711840572
ив 4,605170185988092 0,0042798979423681145
избранный 0,083381608939051 0,0003099688064648736
избрать 0 0
известный 0,7765287894989963 0,0014433620622657922
известняковый 4,605170185988092 0,0042798979423681145
изменение 0 0
измерить 4,605170185988092 0,0042798979423681145
изображение 0,06187540371808745 5,7505022042832206E-05
институт 1,9661128563728327 0,0018272424315732645
интересный 2,120263536200091 0,0019705051451673707
интернет 1,6607312068216509 0,003086860979222399
искать 0 0
искусство 0,083381608939051 0,0001549844032324368
испанский 0,49429632181478017 0,00045938319871262096
использование 0 0
исследователь 2,659260036932778 0,0024714312610899423
история 0 0
источник 0 0
итог 2,8134107167600364 0,0026146939746840487
июнь 0 0
калипсо 4,605170185988092 0,008559795884736229
карибский 3,506557897319982 0,022812179629405085
карстовый 3,912023005428146 0,01090712733855431
карта 1,7147984280919266 0,0031873576730333205
категория 0 0
кинематограф 1,5141277326297755 0,0028143638152969804
км 0,8209805520698303 0,001525986156263625
книга 0 0
код 0 0
колвилла 4,605170185988092 0,02567938765420869
колледж 3,2188758248682006 0,0029915202833347585
коллекция 2,120263536200091 0,0019705051451673707
композитор 2,659260036932778 0,0024714312610899423
конец 1,4271163556401458 0,001326316315650693
конечный 4,605170185988092 0,0042798979423681145
конституция 1,2729656758128876 0,002366107204113174
контингент 3,506557897319982 0,0032588828042007262
корабль 2,407945608651872 0,002237867666033338
креольский 4,605170185988092 0,012839693827104344
круглый 3,912023005428146 0,0036357091128514365
крупный 1,4271163556401458 0,001326316315650693
культура 0,3566749439387324 0,0013259291596235405
кустой 4,605170185988092 0,008559795884736229
лайтхаус 4,605170185988092 0,008559795884736229
ледниковый 3,2188758248682006 0,005983040566669517
либеральный 3,2188758248682006 0,0029915202833347585
литература 1,1086626245216111 0,004121422395991119
личность 0,127833371509885 0,0002376084972302695
лучший 0 0
май 0 0
марк 1,3862943611198906 0,0012883776590333555
марка 1,3470736479666094 0,0012519271821251016
март 0 0
материал 0 0
медиафайл 1,6094379124341003 0,0014957601416673793
международный 0,9942522733438669 0,0009240262763418837
мексика 2,995732273553991 0,013920689003503675
местный 1,8971199848858813 0,0017631226625333468
место 0 0
минит 4,605170185988092 0,017119591769472458
миро 0 0
мобильный 0 0
мой 0 0
море 1,1394342831883648 0,004235815179138902
моча 0,16251892949777494 0,0001510398973027648
музыка 1,2729656758128876 0,0035491608061697607
музыкальный 2,207274913189721 0,002051370737165168
навигация 0 0
нажать 0 0
название 0 0
найти 0 0
написать 0,9942522733438669 0,0009240262763418837
например 1,9661128563728327 0,0018272424315732645
население 0,5108256237659907 0,002373725017499957
наука 0,05129329438755048 0,00023835173971910076
находиться 0 0
начало 1,2039728043259361 0,0011189338330166692
начинать 0,1508228897345837 0,00028033994374457934
независимость 1,5141277326297755 0,0014071819076484902
независимый 2,207274913189721 0,002051370737165168
некоммерческий 0 0
несмотря 2,302585092994046 0,0021399489711840572
новость 1,4271163556401458 0,001326316315650693
новый 0 0
норберт 3,912023005428146 0,0036357091128514365
ноябрь 0 0
ныряльщик 4,605170185988092 0,0042798979423681145
нянька 3,912023005428146 0,0036357091128514365
обвалиться 4,605170185988092 0,0042798979423681145
область 0,7765287894989963 0,0007216810311328961
образование 0,7339691750802005 0,004092764916804092
образоваться 3,506557897319982 0,0032588828042007262
обсуждение 0 0
общество 0,07257069283483537 0,000269779527267046
объединить 2,8134107167600364 0,0026146939746840487
объявить 2,207274913189721 0,002051370737165168
обязательный 0 0
огп 4,605170185988092 0,0042798979423681145
один 0,843970070294529 0,0015687176027779348
одобрение 4,605170185988092 0,0042798979423681145
океан 1,6607312068216509 0,0015434304896111996
октябрь 0 0
омываться 2,302585092994046 0,0021399489711840572
оон 3,2188758248682006 0,005983040566669517
описание 0 0
опубликовать 2,995732273553991 0,008352413402102205
организация 0 0
оригинальный 2,0402208285265546 0,0018961160116417793
ориндж 4,605170185988092 0,008559795884736229
основатель 1,9661128563728327 0,003654484863146529
основной 0 0
оставаться 2,5257286443082556 0,0023473314538180814
ответственность 0 0
отдельный 0 0
отказ 0 0
отсутствовать 0,05129329438755048 0,0010010773068202233
официальный 1,07880966137193 0,0010026112094534665
оценивание 0,1508228897345837 0,00028033994374457934
парламент 1,4271163556401458 0,002652632631301386
партия 1,8325814637483102 0,010218855745808421
патак 4,605170185988092 0,0042798979423681145
патрон 4,605170185988092 0,0042798979423681145
педро 2,659260036932778 0,0049428625221798845
первоначальный 2,302585092994046 0,0021399489711840572
первый 0 0
перейти 0 0
период 1,3093333199837622 0,0024337050557319
персоналия 0,07257069283483537 0,00033722440908380753
печать 0 0
пещера 2,5257286443082556 0,007041994361454244
письменный 2,995732273553991 0,0027841378007007348
пн 0,127833371509885 0,0003564127458454042
побережье 1,8971199848858813 0,0017631226625333468
погружение 4,605170185988092 0,0042798979423681145
подняться 3,912023005428146 0,0036357091128514365
подробный 0 0
подтвердить 3,506557897319982 0,0032588828042007262
поиск 0 0
политик 0 0
политический 1,2039728043259361 0,0011189338330166692
получить 0 0
помочь 0,127833371509885 0,00011880424861513476
помощь 0,127833371509885 0,00011880424861513476
популярный 2,120263536200091 0,0019705051451673707
портал 0 0
португальский 0,49429632181478017 0,00045938319871262096
последний 0 0
посмотреть 0 0
почта 1,6094379124341003 0,004487280425002138
почтовый 1,5606477482646683 0,0014504161229225542
пояс 2,120263536200091 0,0019705051451673707
править 0 0
правка 0 0
право 0,843970070294529 0,0015687176027779348
праздник 1,4271163556401458 0,002652632631301386
предлагать 0 0
председатель 2,659260036932778 0,0024714312610899423
представлять 1,6607312068216509 0,0015434304896111996
прежде 2,659260036932778 0,0024714312610899423
президент 1,3093333199837622 0,00121685252786595
преподаватель 2,8134107167600364 0,0026146939746840487
притча 3,912023005428146 0,007271418225702873
притязание 3,912023005428146 0,0036357091128514365
проект 0 0
произведение 2,5257286443082556 0,0023473314538180814
просмотр 1,2729656758128876 0,001183053602056587
пьеса 3,506557897319982 0,0032588828042007262
пять 2,659260036932778 0,0024714312610899423
работать 1,7147984280919266 0,0015936788365166603
развитие 0,9416085398584451 0,0008751008734743913
раздел 0,9675840262617057 0,000899241660094522
разработчик 0 0
расположить 0,9162907318741551 0,0008515713121507017
рассказ 3,506557897319982 0,0032588828042007262
рассказов 3,912023005428146 0,007271418225702873
расстояние 2,8134107167600364 0,0026146939746840487
регион 0,9942522733438669 0,0009240262763418837
рекреационный 4,605170185988092 0,0042798979423681145
религия 0,083381608939051 0,0004649532096973104
риф 3,506557897319982 0,0065177656084014525
рифовый 3,912023005428146 0,007271418225702873
родственный 0,21072103131565253 0,00039167477939712367
русский 0 0
рыба 2,5257286443082556 0,0023473314538180814
ряд 1,6607312068216509 0,0015434304896111996
сан 2,302585092994046 0,0042798979423681145
сведение 0 0
свежий 0 0
свободный 0 0
свод 3,506557897319982 0,0032588828042007262
связать 0 0
север 1,0216512475319812 0,0009494900069999825
северный 1,1086626245216111 0,0030910667969933393
сельский 1,6607312068216509 0,003086860979222399
сентябрь 0 0
серия 2,207274913189721 0,002051370737165168
сила 0,9416085398584451 0,005250605240846347
символ 0,9416085398584451 0,0017502017469487826
система 0 0
скаут 4,605170185988092 0,008559795884736229
словарь 2,407945608651872 0,002237867666033338
случай 0 0
случайный 0 0
сменить 2,995732273553991 0,0027841378007007348
смотреть 0 0
событие 0 0
содержание 0,1392620673335076 0,0001294257131352301
содержать 3,2188758248682006 0,0029915202833347585
содружество 2,659260036932778 0,0024714312610899423
создать 0 0
сообщество 0 0
состав 1,0498221244986776 0,0009756711194225628
составлять 1,6094379124341003 0,0014957601416673793
сохранение 0 0
сочинять 3,912023005428146 0,0036357091128514365
список 0 0
спорт 0,083381608939051 0,0003099688064648736
ссылаться 0 0
ссылка 0 0
старшой 4,605170185988092 0,0042798979423681145
статистик 0 0
стать 0,4620354595965586 0,001717603939020664
статья 0 0
стих 2,995732273553991 0,0027841378007007348
столица 0,7985076962177716 0,0014842150487319175
страна 0,43078291609245434 0,0008007117399487999
страница 0 0
строй 1,5606477482646683 0,0029008322458451085
судно 2,5257286443082556 0,0023473314538180814
сформироваться 3,912023005428146 0,0036357091128514365
сэр 3,2188758248682006 0,0029915202833347585
сюд 0 0
тезаурус 2,995732273553991 0,0027841378007007348
текст 0 0
телевидение 1,8325814637483102 0,003406285248602807
тема 0,7550225842780328 0,0014033877031190201
теория 1,8971199848858813 0,0017631226625333468
территория 0,8675005677047231 0,0008062272934058764
техника 0,06187540371808745 0,00011501004408566441
течь 0 0
транспорт 0,9162907318741551 0,0017031426243014035
труднодоступность 4,605170185988092 0,0042798979423681145
туризм 1,4696759700589417 0,005463479442598296
тыс 1,6607312068216509 0,0015434304896111996
угол 3,2188758248682006 0,0029915202833347585
указатель 0 0
университет 1,3470736479666094 0,002503854364250203
университетский 3,2188758248682006 0,0029915202833347585
уолк 4,605170185988092 0,008559795884736229
уровень 2,0402208285265546 0,0037922320232835587
условие 0 0
устройство 1,3470736479666094 0,002503854364250203
уходить 3,2188758248682006 0,0029915202833347585
участие 0 0
участник 0 0
февраль 0 0
философия 0,09431067947124142 0,0001752986607272145
флаг 0,8675005677047231 0,0032249091736235055
форма 1,6607312068216509 0,0015434304896111996
форум 0 0
франция 1,3093333199837622 0,0024337050557319
французский 0,23572233352106994 0,0004381456013402787
ход 1,6607312068216509 0,0015434304896111996
хозяйство 1,7719568419318754 0,0032936000779402886
хранилище 2,302585092994046 0,0021399489711840572
хх 1,2729656758128876 0,001183053602056587
центр 0,8915981192837835 0,0008286227874384605
центральный 1,2729656758128876 0,002366107204113174
цитата 1,4271163556401458 0,001326316315650693
часовой 2,407945608651872 0,002237867666033338
часть 0,5978370007556204 0,0005556105954977885
чел 2,0402208285265546 0,0037922320232835587
число 1,3470736479666094 0,0012519271821251016
читать 0 0
член 1,7147984280919266 0,0031873576730333205
шаблон 0 0
школа 1,8325814637483102 0,0017031426243014035
экономика 0,7550225842780328 0,0028067754062380402
элемент 0,19845093872383823 0,00036886791584356547
элмайр 4,605170185988092 0,008559795884736229
эльвира 3,912023005428146 0,007271418225702873
энциклопедия 0 0
являться 0,3424903089467759 0,0006365990872616652
язык 0 0
янг 3,2188758248682006 0,008974560850004277
