август 0 0
августа 0,843970070294529 0,0014426838808453486
австрия 2,8134107167600364 0,0024046245442393473
автор 1,7147984280919266 0,0029312793642597037
административный 0,7133498878774648 0,0006097007588696281
адриатический 3,2188758248682006 0,0027511759186907695
александр 1,3470736479666094 0,0023026899965241186
александрия 3,912023005428146 0,010030828219046528
алессандро 4,605170185988092 0,007872085788013832
алфавит 0 0
анна 1,9661128563728327 0,003360876677560398
антипсихиатрия 4,605170185988092 0,003936042894006916
античность 2,659260036932778 0,0022728718264382716
антуан 3,912023005428146 0,006687218812697685
апостол 2,8134107167600364 0,014427747265436084
апрель 0 0
арсенич 1,5606477482646683 0,010671095714630211
архив 0,3011050927839216 0,0010294191206287918
архитектура 1,1086626245216111 0,003790299571014055
архитектурный 2,5257286443082556 0,002158742431032697
аэропорт 2,120263536200091 0,0036243821131625486
базаль 4,605170185988092 0,003936042894006916
базалья 4,605170185988092 0,023616257364041496
базилик 3,2188758248682006 0,008253527756072309
бальдасар 4,605170185988092 0,007872085788013832
барбаро 4,605170185988092 0,007872085788013832
барлеттский 4,605170185988092 0,007872085788013832
битва 1,8971199848858813 0,0032429401451040704
больница 3,912023005428146 0,006687218812697685
больший 1,8325814637483102 0,003132617886749248
брандолин 4,605170185988092 0,007872085788013832
буоно 4,605170185988092 0,003936042894006916
век 0,5108256237659907 0,002183015486179448
вена 4,605170185988092 0,003936042894006916
венет 4,605170185988092 0,007872085788013832
венециано 4,605170185988092 0,007872085788013832
венецианский 4,605170185988092 0,043296471834076075
венеция 3,2188758248682006 0,18707996247097233
версия 0 0
византийский 2,8134107167600364 0,007213873632718042
вики 1,6094379124341003 0,0013755879593453848
википедия 0 0
витториа 4,605170185988092 0,007872085788013832
вклад 0 0
власть 1,4696759700589417 0,0012561333077426853
влиятельный 3,2188758248682006 0,0027511759186907695
вмест 1,8971199848858813 0,0016214700725520352
возведение 4,605170185988092 0,003936042894006916
возле 3,506557897319982 0,0029970580318974204
война 0,7133498878774648 0,001829102276608884
войти 2,5257286443082556 0,002158742431032697
волк 2,8134107167600364 0,004809249088478695
волкофф 4,605170185988092 0,007872085788013832
волна 2,995732273553991 0,0025604549346615307
время 2,407945608651872 0,0020580731697879247
вручить 2,120263536200091 0,0018121910565812743
всемирный 1,6607312068216509 0,0056777135275953875
вывезти 3,506557897319982 0,0029970580318974204
вызов 3,506557897319982 0,005994116063794841
выполнить 3,2188758248682006 0,0027511759186907695
генуя 4,605170185988092 0,011808128682020748
география 0,083381608939051 0,00028506532970615727
гондола 4,605170185988092 0,003936042894006916
город 0,3424903089467759 0,002927267597835692
государственный 0,7765287894989963 0,0006636998200846122
гранд 3,2188758248682006 0,005502351837381539
гуманный 4,605170185988092 0,003936042894006916
д 1,5141277326297755 0,0025882525344098728
далья 0,3566749439387324 0,00030485037943481404
данный 0,1508228897345837 0,00012890845276460145
два 0 0
движение 1,6094379124341003 0,0013755879593453848
дворец 1,9661128563728327 0,005041315016340597
де 1,1394342831883648 0,0038955018228662044
деинституционализация 4,605170185988092 0,003936042894006916
декабрь 0 0
демократичный 4,605170185988092 0,011808128682020748
дерево 1,7147984280919266 0,0014656396821298519
деятельность 2,120263536200091 0,0018121910565812743
джованни 4,605170185988092 0,007872085788013832
дож 4,605170185988092 0,011808128682020748
дополнить 1,5141277326297755 0,0012941262672049364
досмотр 4,605170185988092 0,003936042894006916
достопримечательность 1,7147984280919266 0,0029312793642597037
душевнобольной 4,605170185988092 0,003936042894006916
евангелист 4,605170185988092 0,007872085788013832
европа 0,8915981192837835 0,0015240993492030488
журнал 0 0
заведение 2,995732273553991 0,005120909869323061
завершиться 2,8134107167600364 0,0024046245442393473
завод 2,120263536200091 0,0018121910565812743
закон 1,9661128563728327 0,003360876677560398
заменить 2,995732273553991 0,0025604549346615307
заниматься 0 0
западный 0,9942522733438669 0,0016995765356305416
запрос 0,1165338162559516 0,00019920310471102838
заслуга 2,0402208285265546 0,0034875569718402642
звезда 1,8325814637483102 0,001566308943374624
знаете 0,06187540371808745 0,00010576992088561957
знак 0 0
избранный 0,083381608939051 0,00021379899727961795
избрать 0 0
изменение 0 0
изображение 0,06187540371808745 5,288496044280979E-05
изоляция 3,912023005428146 0,0033436094063488426
империя 1,2039728043259361 0,0010290365848939626
интервик 0,9675840262617057 0,0008269948942407742
информация 1,5606477482646683 0,002667773928657553
искать 0 0
искусство 0,083381608939051 0,00021379899727961795
использование 0 0
исследователь 2,659260036932778 0,0022728718264382716
история 0 0
источник 0 0
итал 2,995732273553991 0,007681364803984592
италия 1,8325814637483102 0,025060943093993985
итальянский 0,7339691750802005 0,005645916731386158
итальянско 4,605170185988092 0,007872085788013832
июль 0,9162907318741551 0,000783154471687312
июнь 0 0
кабьянка 4,605170185988092 0,015744171576027664
какой 1,8971199848858813 0,0016214700725520352
канал 2,407945608651872 0,004116146339575849
капелла 3,506557897319982 0,005994116063794841
карнавал 4,605170185988092 0,003936042894006916
категорически 4,605170185988092 0,003936042894006916
категория 0 0
кафедральный 2,995732273553991 0,0025604549346615307
кинофестиваль 3,506557897319982 0,0029970580318974204
книга 0 0
код 0 0
колония 1,8325814637483102 0,001566308943374624
коммуна 3,912023005428146 0,0033436094063488426
константинополь 2,995732273553991 0,005120909869323061
концепция 3,2188758248682006 0,005502351837381539
корабль 2,407945608651872 0,0020580731697879247
корзина 3,912023005428146 0,006687218812697685
королевство 1,6094379124341003 0,0027511759186907695
корона 3,2188758248682006 0,005502351837381539
который 0,9162907318741551 0,000783154471687312
крестовый 2,8134107167600364 0,004809249088478695
крстый 3,912023005428146 0,006687218812697685
крупный 1,4271163556401458 0,0012197575689232017
крылатый 4,605170185988092 0,003936042894006916
культура 0,3566749439387324 0,0006097007588696281
купец 2,995732273553991 0,005120909869323061
лагуна 3,912023005428146 0,01337443762539537
лев 2,659260036932778 0,0022728718264382716
леонардо 3,2188758248682006 0,005502351837381539
лидер 2,407945608651872 0,0020580731697879247
личность 0,127833371509885 0,0001092592918887906
лодка 2,5257286443082556 0,004317484862065394
лучший 0 0
люнет 4,605170185988092 0,003936042894006916
май 0 0
марк 1,3862943611198906 0,004739467901264583
марка 1,3470736479666094 0,004605379993048237
марко 3,506557897319982 0,00899117409569226
март 0 0
марта 0,3566749439387324 0,0012194015177392561
материал 0 0
материк 2,8134107167600364 0,0024046245442393473
материковый 3,506557897319982 0,0029970580318974204
международный 0,9942522733438669 0,0016995765356305416
место 0 0
местр 4,605170185988092 0,007872085788013832
мечеть 2,659260036932778 0,004545743652876543
миро 0 0
многочисленный 2,659260036932778 0,004545743652876543
множество 2,5257286443082556 0,002158742431032697
мобильный 0 0
мозаика 3,912023005428146 0,006687218812697685
мой 0 0
море 1,1394342831883648 0,002921626367149653
морозини 4,605170185988092 0,007872085788013832
морской 1,6607312068216509 0,0014194283818988469
мост 2,302585092994046 0,003936042894006916
моча 0,16251892949777494 0,00013890506794681618
мочь 0,8209805520698303 0,0007016927795468635
мощь 3,506557897319982 0,023976464255179363
муромец 3,912023005428146 0,006687218812697685
мусульманин 2,659260036932778 0,0022728718264382716
навигация 0 0
наводнение 4,605170185988092 0,003936042894006916
нагонный 4,605170185988092 0,003936042894006916
награда 1,3470736479666094 0,0011513449982620593
нажать 0 0
название 0 0
называть 1,6607312068216509 0,0014194283818988469
найти 0 0
написать 0,9942522733438669 0,0008497882678152708
наполеоновский 3,912023005428146 0,0033436094063488426
направить 2,995732273553991 0,0025604549346615307
население 0,5108256237659907 0,0004366030972358895
населять 4,605170185988092 0,003936042894006916
насильственный 4,605170185988092 0,003936042894006916
наследие 1,5606477482646683 0,005335547857315106
наука 0,05129329438755048 8,76808451069239E-05
научный 1,6094379124341003 0,0013755879593453848
находиться 0 0
нахождение 4,605170185988092 0,003936042894006916
национальный 0,7550225842780328 0,0012906368962017655
начать 0,38566248081198473 0,006922147091497161
начинать 0,1508228897345837 0,0002578169055292029
неаполь 3,912023005428146 0,010030828219046528
небесный 2,995732273553991 0,0025604549346615307
невролог 4,605170185988092 0,003936042894006916
неделя 1,5141277326297755 0,003882378801614809
некоммерческий 0 0
некоторые 1,8325814637483102 0,003132617886749248
нефтеперерабатывающий 3,912023005428146 0,0033436094063488426
николаевич 1,5606477482646683 0,002667773928657553
новый 0 0
ноябрь 0 0
область 0,7765287894989963 0,0013273996401692244
облик 4,605170185988092 0,003936042894006916
образовательный 3,506557897319982 0,0029970580318974204
образовать 1,6607312068216509 0,0014194283818988469
обсуждение 0 0
общество 0,07257069283483537 0,00012405246638433397
объединение 2,207274913189721 0,0018865597548630094
объект 1,6607312068216509 0,0028388567637976938
обязательный 0 0
оказание 3,912023005428146 0,0033436094063488426
октябрь 0 0
описание 0 0
организация 0 0
орден 1,5141277326297755 0,0025882525344098728
осенний 4,605170185988092 0,003936042894006916
осквернение 4,605170185988092 0,003936042894006916
османский 2,407945608651872 0,0020580731697879247
основать 1,2729656758128876 0,0010880048511221262
основной 0 0
основоположник 2,407945608651872 0,0020580731697879247
остров 1,2039728043259361 0,0010290365848939626
островной 3,2188758248682006 0,0027511759186907695
ответственность 0 0
отдельный 0 0
отказ 0 0
относить 2,995732273553991 0,0025604549346615307
отношение 1,4696759700589417 0,0012561333077426853
отождествление 4,605170185988092 0,003936042894006916
отплывать 4,605170185988092 0,003936042894006916
отсутствовать 0,05129329438755048 0,00013152126766038586
оценивание 0,1508228897345837 0,0002578169055292029
павия 4,605170185988092 0,007872085788013832
палаццо 4,605170185988092 0,015744171576027664
памятник 1,2039728043259361 0,0010290365848939626
парус 3,912023005428146 0,0033436094063488426
пассажир 3,912023005428146 0,0033436094063488426
пенсо 4,605170185988092 0,007872085788013832
перанда 4,605170185988092 0,007872085788013832
первый 0 0
перевести 1,7719568419318754 0,0015144930272922013
перейти 0 0
перенесение 4,605170185988092 0,007872085788013832
перенести 3,2188758248682006 0,0027511759186907695
период 1,3093333199837622 0,0011190883076784292
персоналия 0,07257069283483537 0,000310131165960835
печать 0 0
плаццотто 2,995732273553991 0,005120909869323061
площадь 1,07880966137193 0,0018441190792682564
пн 0,127833371509885 0,0007648150432215342
подверженный 3,912023005428146 0,0033436094063488426
подробный 0 0
поиск 0 0
покровитель 2,995732273553991 0,0025604549346615307
покрыть 3,506557897319982 0,0029970580318974204
политик 0 0
полный 1,6094379124341003 0,0013755879593453848
поло 3,506557897319982 0,0029970580318974204
положить 2,995732273553991 0,0025604549346615307
получить 0 0
пользоваться 1,9661128563728327 0,001680438338780199
помочь 0,127833371509885 0,0001092592918887906
помощь 0,127833371509885 0,0004370371675551624
пон 4,605170185988092 0,007872085788013832
попасть 2,5257286443082556 0,002158742431032697
порт 1,8325814637483102 0,001566308943374624
портал 0 0
посвятить 2,8134107167600364 0,0024046245442393473
поскольку 2,5257286443082556 0,002158742431032697
последний 0 0
последовательный 4,605170185988092 0,003936042894006916
посмотреть 0 0
построить 1,4696759700589417 0,0012561333077426853
поход 2,407945608651872 0,004116146339575849
правило 1,4696759700589417 0,0012561333077426853
править 0 0
правка 0 0
практический 1,8971199848858813 0,0016214700725520352
предание 3,912023005428146 0,0033436094063488426
предлагать 0 0
предложить 2,407945608651872 0,0020580731697879247
предмет 2,5257286443082556 0,002158742431032697
представлять 1,6607312068216509 0,0014194283818988469
премия 1,8325814637483102 0,001566308943374624
пресбитерий 4,605170185988092 0,003936042894006916
прибегнуть 4,605170185988092 0,003936042894006916
прибыть 2,995732273553991 0,0025604549346615307
привезти 3,912023005428146 0,010030828219046528
придворный 3,2188758248682006 0,0027511759186907695
прикоснуться 4,605170185988092 0,003936042894006916
пример 2,8134107167600364 0,0024046245442393473
пристань 3,912023005428146 0,0033436094063488426
проведение 2,8134107167600364 0,0024046245442393473
провинция 1,7147984280919266 0,0029312793642597037
проводить 3,2188758248682006 0,0027511759186907695
проект 0 0
проповедь 4,605170185988092 0,003936042894006916
профессор 2,5257286443082556 0,002158742431032697
прочий 3,2188758248682006 0,0027511759186907695
психиатр 4,605170185988092 0,007872085788013832
психиатрический 4,605170185988092 0,015744171576027664
психиатрия 4,605170185988092 0,027552300258048414
пьемонт 4,605170185988092 0,011808128682020748
работа 0,9942522733438669 0,0008497882678152708
развитие 0,9416085398584451 0,0008047936238106368
раздел 0,9675840262617057 0,0008269948942407742
размещение 3,912023005428146 0,0033436094063488426
разработка 1,07880966137193 0,002766178618902385
разработчик 0 0
разрушение 3,506557897319982 0,0029970580318974204
район 1,171182981502945 0,002002022190603325
располагаться 2,207274913189721 0,0018865597548630094
расположить 0,9162907318741551 0,000783154471687312
расцвет 2,995732273553991 0,0025604549346615307
редактор 2,207274913189721 0,0018865597548630094
редкий 2,207274913189721 0,0018865597548630094
религия 0,083381608939051 0,00014253266485307863
реликвия 3,506557897319982 0,0029970580318974204
республика 0,9416085398584451 0,003219174495242547
реформа 3,2188758248682006 0,0027511759186907695
реформатор 3,506557897319982 0,0029970580318974204
решить 2,995732273553991 0,0025604549346615307
риальто 4,605170185988092 0,007872085788013832
рим 2,5257286443082556 0,006476227293098091
родственный 0,21072103131565253 0,00018010344556893378
роль 2,120263536200091 0,0018121910565812743
рост 3,2188758248682006 0,0027511759186907695
русский 0 0
рустико 4,605170185988092 0,003936042894006916
ряд 1,6607312068216509 0,0014194283818988469
самоуправляемый 4,605170185988092 0,003936042894006916
самый 0,5447271754416719 0,00046557878242877945
сан 2,302585092994046 0,003936042894006916
санто 3,912023005428146 0,006687218812697685
сарацин 4,605170185988092 0,007872085788013832
саша 3,2188758248682006 0,005502351837381539
сведение 0 0
свежий 0 0
сверху 3,2188758248682006 0,0027511759186907695
свиной 4,605170185988092 0,003936042894006916
свободный 0 0
свой 1,4696759700589417 0,0012561333077426853
связать 0 0
связывать 3,912023005428146 0,0033436094063488426
святой 1,4696759700589417 0,005024533230970741
сентябрь 0 0
символ 0,9416085398584451 0,0016095872476212735
система 0 0
сицилия 3,506557897319982 0,00899117409569226
скальфаротто 4,605170185988092 0,007872085788013832
складка 3,912023005428146 0,0033436094063488426
случай 0 0
случайный 0 0
слушать 3,506557897319982 0,0029970580318974204
смотреть 0 0
собор 1,9661128563728327 0,008402191693900996
событие 0 0
современный 1,0216512475319812 0,0017464123889435576
содержание 0,1392620673335076 0,00011902740797735692
создать 0 0
сообщество 0 0
состав 1,0498221244986776 0,0008972838670928869
сохранение 0 0
спасти 3,2188758248682006 0,0027511759186907695
список 0 0
спорт 0,083381608939051 0,00028506532970615727
спрятать 4,605170185988092 0,003936042894006916
средиземный 2,659260036932778 0,0022728718264382716
среднее 2,120263536200091 0,0018121910565812743
ссылаться 0 0
ссылка 0 0
статистик 0 0
стать 0,4620354595965586 0,00039490210221928087
статья 0 0
стиль 2,0402208285265546 0,0017437784859201321
сторона 1,7719568419318754 0,0015144930272922013
страница 0 0
судно 2,5257286443082556 0,002158742431032697
существенный 2,0402208285265546 0,0017437784859201321
сформироваться 3,912023005428146 0,0033436094063488426
считать 1,8325814637483102 0,003132617886749248
сюд 0 0
такой 1,7147984280919266 0,0014656396821298519
таможенный 3,912023005428146 0,0033436094063488426
текст 0 0
тело 2,120263536200091 0,0018121910565812743
тема 0,7550225842780328 0,0006453184481008828
теманец 4,605170185988092 0,007872085788013832
тематика 1,7147984280919266 0,0014656396821298519
техника 0,06187540371808745 0,00010576992088561957
течь 0 0
томмазо 3,912023005428146 0,006687218812697685
торговец 3,912023005428146 0,0033436094063488426
тоскана 4,605170185988092 0,011808128682020748
транскрипция 2,120263536200091 0,0018121910565812743
транспорт 0,9162907318741551 0,001566308943374624
туристический 3,2188758248682006 0,0027511759186907695
туша 4,605170185988092 0,003936042894006916
узнать 2,995732273553991 0,0025604549346615307
указатель 0 0
украсить 3,506557897319982 0,0029970580318974204
улучшить 1,6607312068216509 0,0014194283818988469
упадок 4,605170185988092 0,003936042894006916
упразднение 4,605170185988092 0,003936042894006916
условие 0 0
участие 0 0
участник 0 0
учебный 2,407945608651872 0,004116146339575849
учредить 3,506557897319982 0,0029970580318974204
фабио 4,605170185988092 0,007872085788013832
фарсеття 4,605170185988092 0,007872085788013832
фасад 3,912023005428146 0,0033436094063488426
февраль 0 0
феодора 4,605170185988092 0,003936042894006916
филиппо 4,605170185988092 0,007872085788013832
философия 0,09431067947124142 0,00016121483670297678
фиора 4,605170185988092 0,007872085788013832
флорентийский 3,506557897319982 0,005994116063794841
фонд 3,506557897319982 0,0029970580318974204
форум 0 0
франк 2,995732273553991 0,0025604549346615307
франко 2,995732273553991 0,007681364803984592
франкопан 4,605170185988092 0,007872085788013832
французский 0,23572233352106994 0,0002014720799325384
франческо 3,2188758248682006 0,011004703674763078
хитрость 4,605170185988092 0,003936042894006916
ход 1,6607312068216509 0,0014194283818988469
храм 1,2729656758128876 0,0021760097022442523
христианский 2,659260036932778 0,0022728718264382716
христианство 2,120263536200091 0,0036243821131625486
целый 1,7719568419318754 0,0015144930272922013
ценный 3,2188758248682006 0,0027511759186907695
центр 0,8915981192837835 0,0022861490238045732
центральный 1,2729656758128876 0,0010880048511221262
часовня 3,912023005428146 0,0033436094063488426
часть 0,5978370007556204 0,0010219435910352485
число 1,3470736479666094 0,0023026899965241186
читать 0 0
шаблон 0 0
элемент 0,19845093872383823 0,00033923237388690296
энрикес 3,912023005428146 0,006687218812697685
энциклопедия 0 0
энцо 2,8134107167600364 0,00961849817695739
юнеско 2,0402208285265546 0,0069751139436805285
являться 0,3424903089467759 0,00029272675978356916
язык 0 0
январь 0,6733445532637655 0,006330589817009761
