август 0 0
австралийский 3,506557897319982 0,002268148704605422
австралия 2,5257286443082556 0,001633718398646996
автор 1,7147984280919266 0,001109183976773562
авторитет 3,912023005428146 0,0025304159155421385
азербайджанский 1,6607312068216509 0,0010742116473619993
айон 3,912023005428146 0,005060831831084277
ака 4,605170185988092 0,005957529347979421
академия 2,120263536200091 0,0027429023754205577
албанский 2,995732273553991 0,0019377310954424264
алексеевич 1,8971199848858813 0,001227115126058138
алима 4,605170185988092 0,005957529347979421
алфавит 0 0
амбар 4,605170185988092 0,0029787646739897105
английский 0,37106368139083196 0,0002400153178465925
англия 2,120263536200091 0,0027429023754205577
андрей 1,2039728043259361 0,0046725982056634
античность 2,659260036932778 0,005160271740490514
апрель 0 0
арабский 0,38566248081198473 0,0002494582670193951
арсенич 1,5606477482646683 0,00807579688623373
артефакт 3,912023005428146 0,007591247746626415
археолог 3,506557897319982 0,009072594818421688
археологический 2,995732273553991 0,060069663958715214
археология 3,506557897319982 0,18598819377764456
архив 0,3011050927839216 0,002726695536206276
атлантика 4,605170185988092 0,0029787646739897105
атлантический 1,9661128563728327 0,0012717418217159332
ахмад 3,506557897319982 0,004536297409210844
ахмеровский 3,912023005428146 0,005060831831084277
балкан 2,659260036932778 0,0017200905801635046
бан 3,912023005428146 0,0025304159155421385
баночный 4,605170185988092 0,0029787646739897105
баронесса 3,912023005428146 0,005060831831084277
безымянный 3,912023005428146 0,010121663662168554
бережновско 4,605170185988092 0,011915058695958842
ближний 2,659260036932778 0,003440181160327009
бок 4,605170185988092 0,0029787646739897105
болгарский 1,9661128563728327 0,0025434836434318664
бондарь 2,207274913189721 0,005710931211357623
борозда 4,605170185988092 0,0029787646739897105
брауншвейгий 4,605170185988092 0,005957529347979421
британский 1,5141277326297755 0,0009793840443918342
бронза 2,995732273553991 0,009688655477212132
бронзовый 2,8134107167600364 0,003639599892315701
будущее 2,5257286443082556 0,001633718398646996
бурундук 4,605170185988092 0,005957529347979421
бус 4,605170185988092 0,005957529347979421
вавилонский 3,506557897319982 0,002268148704605422
василий 1,8325814637483102 0,0011853696401994246
ввести 2,995732273553991 0,0019377310954424264
ведута 4,605170185988092 0,0029787646739897105
веймар 4,605170185988092 0,005957529347979421
век 0,5108256237659907 0,002973758482466958
великий 1,0216512475319812 0,001321670436651981
величие 4,605170185988092 0,0029787646739897105
версия 0 0
верхний 2,407945608651872 0,0015575327352211333
вестник 4,605170185988092 0,005957529347979421
вещественный 4,605170185988092 0,0029787646739897105
вещь 3,506557897319982 0,002268148704605422
викинг 3,912023005428146 0,0025304159155421385
википедия 0 0
викисклад 0,5798184952529422 0,00037504430482079057
вклад 0 0
власть 1,4696759700589417 0,0009506312872308809
внимание 2,5257286443082556 0,001633718398646996
внутри 2,995732273553991 0,0019377310954424264
вод 1,8971199848858813 0,001227115126058138
военнопленный 3,506557897319982 0,004536297409210844
военный 1,0498221244986776 0,002716228006464884
вознаграждение 3,912023005428146 0,0025304159155421385
вопрос 2,8134107167600364 0,0018197999461578504
восток 0,7985076962177716 0,0025824957833692486
восточноевропейский 3,912023005428146 0,005060831831084277
восточный 0,9162907318741551 0,0005926848200997123
впервый 1,5606477482646683 0,0010094746107792163
всякий 3,506557897319982 0,002268148704605422
выделить 2,8134107167600364 0,0018197999461578504
выпуск 2,995732273553991 0,0019377310954424264
гамид 4,605170185988092 0,005957529347979421
гасан 4,605170185988092 0,005957529347979421
география 0,083381608939051 0,00010786754067147607
германский 2,5257286443082556 0,003267436797293992
геродот 4,605170185988092 0,0029787646739897105
главный 1,9661128563728327 0,0012717418217159332
год 0,6348782724359695 0,0016426345987994037
голландия 3,506557897319982 0,002268148704605422
город 0,3424903089467759 0,00022153318819325739
городище 3,2188758248682006 0,03331307451351308
городцовы 4,605170185988092 0,0029787646739897105
государственный 0,7765287894989963 0,0015068475863499282
греция 2,0402208285265546 0,0039590313619532105
греча 1,9661128563728327 0,0012717418217159332
греческий 1,4271163556401458 0,0009231024292627076
гробница 3,2188758248682006 0,00832826862837827
грунтовый 4,605170185988092 0,0029787646739897105
группа 1,4696759700589417 0,0009506312872308809
далья 0,3566749439387324 0,0002307082431686497
дания 2,995732273553991 0,0038754621908848527
данный 0,1508228897345837 9,755684976363757E-05
два 0 0
дежурный 2,995732273553991 0,0019377310954424264
декабрь 0 0
делать 2,8134107167600364 0,0018197999461578504
деревянный 3,506557897319982 0,002268148704605422
держать 3,506557897319982 0,002268148704605422
деятель 1,5141277326297755 0,003917536177567337
дженни 3,506557897319982 0,004536297409210844
джонс 3,506557897319982 0,004536297409210844
дикий 3,506557897319982 0,002268148704605422
диск 3,2188758248682006 0,004164134314189135
дисциплина 3,506557897319982 0,002268148704605422
днепр 3,2188758248682006 0,004164134314189135
доисторический 2,659260036932778 0,005160271740490514
доктор 2,659260036932778 0,0017200905801635046
дом 1,3470736479666094 0,0008713283622034991
донецкий 4,605170185988092 0,01787258804393826
др 1,8971199848858813 0,001227115126058138
древнегреческий 2,302585092994046 0,0029787646739897105
древнейший 2,407945608651872 0,0015575327352211333
древний 1,4696759700589417 0,018061994457386737
дьявольский 3,912023005428146 0,0025304159155421385
евгенья 2,0402208285265546 0,0013196771206510703
евразия 3,912023005428146 0,0025304159155421385
европа 0,8915981192837835 0,0023068515376035797
единичный 4,605170185988092 0,0029787646739897105
железный 1,7147984280919266 0,001109183976773562
жертва 2,407945608651872 0,0031150654704422665
жилища 4,605170185988092 0,005957529347979421
житель 1,7147984280919266 0,001109183976773562
журнал 0 0
заготовка 2,5257286443082556 0,004901155195940987
замок 2,5257286443082556 0,013069747189175968
занимать 1,4696759700589417 0,0009506312872308809
заниматься 0 0
запрос 0,1165338162559516 0,00015075526035698787
зарубежный 3,2188758248682006 0,0020820671570945673
заслужить 3,2188758248682006 0,00832826862837827
затерять 4,605170185988092 0,0029787646739897105
затонуть 4,605170185988092 0,0029787646739897105
захоронение 3,2188758248682006 0,0020820671570945673
зверь 3,2188758248682006 0,0020820671570945673
земля 1,2378743560016172 0,0008006949262623657
землянка 4,605170185988092 0,0029787646739897105
знаете 0,06187540371808745 8,004580041149736E-05
знак 0 0
значимость 2,995732273553991 0,0019377310954424264
иа 4,605170185988092 0,0029787646739897105
избранный 0,083381608939051 0,00021573508134295214
избрать 0 0
известный 0,7765287894989963 0,0015068475863499282
издание 2,8134107167600364 0,0018197999461578504
изделие 2,995732273553991 0,0019377310954424264
изменение 0 0
изначальный 3,506557897319982 0,002268148704605422
изображение 0,06187540371808745 0,00012006870061724603
изучать 2,5257286443082556 0,001633718398646996
илла 1,3862943611198906 0,0017933950337902854
имитировать 4,605170185988092 0,0029787646739897105
император 2,207274913189721 0,0014277328028394058
инвентарь 4,605170185988092 0,0029787646739897105
институт 1,9661128563728327 0,0076304509302956
инструмент 3,506557897319982 0,002268148704605422
интерес 2,659260036932778 0,003440181160327009
интересный 2,120263536200091 0,0013714511877102788
ираклиевич 4,605170185988092 0,005957529347979421
искать 0 0
искусство 0,083381608939051 0,00021573508134295214
использование 0 0
исследование 2,120263536200091 0,0013714511877102788
исследователь 2,659260036932778 0,0017200905801635046
историк 2,207274913189721 0,0028554656056788115
исторический 1,2378743560016172 0,006405559410098925
история 0 0
источник 0 0
истощение 4,605170185988092 0,0029787646739897105
итальянский 0,7339691750802005 0,0004747536708151362
июнь 0 0
кавказ 2,8134107167600364 0,003639599892315701
каменный 2,995732273553991 0,0019377310954424264
карточка 3,506557897319982 0,004536297409210844
катакомбный 4,605170185988092 0,0029787646739897105
категория 0 0
кельтский 3,506557897319982 0,004536297409210844
кисть 3,912023005428146 0,0025304159155421385
китайский 1,171182981502945 0,001515113818244431
клад 4,605170185988092 0,0029787646739897105
кладбище 2,5257286443082556 0,009802310391881975
климатический 3,2188758248682006 0,0020820671570945673
книга 0 0
код 0 0
комплекс 1,8971199848858813 0,001227115126058138
контекст 3,506557897319982 0,002268148704605422
конференция 2,659260036932778 0,003440181160327009
корреспондент 3,506557897319982 0,002268148704605422
который 0,9162907318741551 0,0005926848200997123
край 1,9661128563728327 0,0012717418217159332
кремация 4,605170185988092 0,0029787646739897105
кремировать 4,605170185988092 0,0029787646739897105
кроманьонец 4,605170185988092 0,0029787646739897105
кударо 4,605170185988092 0,005957529347979421
культ 2,5257286443082556 0,001633718398646996
культура 0,3566749439387324 0,003691331890698395
культурный 1,5141277326297755 0,004896920221959171
кунсткамера 4,605170185988092 0,0029787646739897105
курганный 4,605170185988092 0,005957529347979421
лауреат 2,995732273553991 0,0019377310954424264
левый 2,995732273553991 0,0019377310954424264
лесостепной 4,605170185988092 0,0029787646739897105
лесостепь 4,605170185988092 0,005957529347979421
лидфорд 4,605170185988092 0,005957529347979421
лить 4,605170185988092 0,0029787646739897105
лицо 2,8134107167600364 0,0018197999461578504
личность 0,127833371509885 0,00016537305499338294
локальный 3,912023005428146 0,0025304159155421385
лучший 0 0
мавзолей 3,912023005428146 0,03036499098650566
май 0 0
македонский 1,5606477482646683 0,0010094746107792163
марко 3,506557897319982 0,004536297409210844
март 0 0
марта 0,3566749439387324 0,005306289592878943
мастерской 4,605170185988092 0,0029787646739897105
материал 0 0
материальный 3,506557897319982 0,002268148704605422
медный 2,995732273553991 0,0038754621908848527
мемориал 4,605170185988092 0,005957529347979421
мерперт 4,605170185988092 0,005957529347979421
место 0 0
месяц 1,7147984280919266 0,0033275519303206857
металл 3,912023005428146 0,0025304159155421385
металлургический 4,605170185988092 0,005957529347979421
мечеть 2,659260036932778 0,003440181160327009
миро 0 0
мобильный 0 0
могила 2,5257286443082556 0,001633718398646996
могильник 3,506557897319982 0,006804446113816265
мой 0 0
монета 2,5257286443082556 0,003267436797293992
москва 1,4271163556401458 0,0036924097170508304
музей 1,3093333199837622 0,00169383353167369
музыкальный 2,207274913189721 0,0014277328028394058
мульк 4,605170185988092 0,005957529347979421
мунго 3,912023005428146 0,010121663662168554
н 1,4696759700589417 0,009506312872308808
набонида 4,605170185988092 0,005957529347979421
навигационный 3,912023005428146 0,005060831831084277
навигация 0 0
нажать 0 0
название 0 0
наземный 3,506557897319982 0,002268148704605422
назначить 2,995732273553991 0,0019377310954424264
найти 0 0
нана 4,605170185988092 0,00893629402196913
насафь 4,605170185988092 0,005957529347979421
население 0,5108256237659907 0,00033041760916299533
наука 0,05129329438755048 0,00036495875696187277
научный 1,6094379124341003 0,0020820671570945673
находиться 0 0
находка 3,506557897319982 0,006804446113816265
начало 1,2039728043259361 0,0007787663676105667
начать 0,38566248081198473 0,006236456675484876
начинать 0,1508228897345837 0,00019511369952727515
неандерталец 4,605170185988092 0,0029787646739897105
некоммерческий 0 0
некрополь 4,605170185988092 0,005957529347979421
немецкий 0,5108256237659907 0,00033041760916299533
неолитический 4,605170185988092 0,0029787646739897105
нечитаемый 1,5606477482646683 0,003028423832337649
нидерланд 2,207274913189721 0,0014277328028394058
николаевич 1,5606477482646683 0,0010094746107792163
николай 1,5141277326297755 0,0009793840443918342
нововавилонский 4,605170185988092 0,0029787646739897105
новый 0 0
норвежский 1,7147984280919266 0,001109183976773562
норфолк 3,506557897319982 0,002268148704605422
норфолкский 3,506557897319982 0,002268148704605422
нофрет 3,912023005428146 0,005060831831084277
ноябрь 0 0
область 0,7765287894989963 0,0010045650575666188
обнаружить 2,407945608651872 0,0015575327352211333
оборот 3,912023005428146 0,005060831831084277
образец 2,407945608651872 0,0015575327352211333
обратить 3,506557897319982 0,002268148704605422
обряд 4,605170185988092 0,0029787646739897105
обсуждение 0 0
общество 0,07257069283483537 9,38818794758543E-05
общность 3,912023005428146 0,01518249549325283
объединение 2,207274913189721 0,0014277328028394058
объект 1,6607312068216509 0,0021484232947239987
обязательный 0 0
огромный 2,8134107167600364 0,0018197999461578504
озеро 1,8325814637483102 0,0035561089205982735
океан 1,6607312068216509 0,0010742116473619993
октябрь 0 0
описание 0 0
описать 2,995732273553991 0,0019377310954424264
организация 0 0
организовать 1,9661128563728327 0,0012717418217159332
оружие 2,0402208285265546 0,0013196771206510703
освещение 3,506557897319982 0,002268148704605422
основной 0 0
оставить 2,302585092994046 0,0014893823369948552
останка 2,995732273553991 0,0019377310954424264
ответственность 0 0
отдельный 0 0
отказ 0 0
открытие 2,5257286443082556 0,001633718398646996
отношение 1,4696759700589417 0,0009506312872308809
отпечаток 3,506557897319982 0,002268148704605422
отродье 3,912023005428146 0,0025304159155421385
отсутствовать 0,05129329438755048 0,00023224648170300992
оценивание 0,1508228897345837 0,00019511369952727515
памятник 1,2039728043259361 0,006230130940884534
певенсить 4,605170185988092 0,005957529347979421
пендрагон 4,605170185988092 0,005957529347979421
первый 0 0
перейти 0 0
перенаселение 4,605170185988092 0,0029787646739897105
период 1,3093333199837622 0,00169383353167369
периодический 4,605170185988092 0,0029787646739897105
персоналия 0,07257069283483537 9,38818794758543E-05
печатный 3,912023005428146 0,0025304159155421385
печать 0 0
печь 3,912023005428146 0,0025304159155421385
пещера 2,5257286443082556 0,003267436797293992
пир 4,605170185988092 0,005957529347979421
платон 4,605170185988092 0,0029787646739897105
пляж 2,8134107167600364 0,0018197999461578504
пн 0,127833371509885 0,0006614922199735318
погребальный 4,605170185988092 0,0029787646739897105
погребение 3,912023005428146 0,0025304159155421385
подкреплять 4,605170185988092 0,0029787646739897105
подробный 0 0
поздний 2,120263536200091 0,0013714511877102788
поиск 0 0
покровский 2,995732273553991 0,0019377310954424264
политик 0 0
поло 3,506557897319982 0,004536297409210844
положение 2,5257286443082556 0,003267436797293992
полоса 2,8134107167600364 0,003639599892315701
полуземлянка 4,605170185988092 0,0029787646739897105
получить 0 0
польский 1,2729656758128876 0,000823393063268362
помощь 0,127833371509885 8,268652749669147E-05
понимать 4,605170185988092 0,0029787646739897105
понятие 2,995732273553991 0,0019377310954424264
портал 0 0
португальский 0,49429632181478017 0,00031972595201473493
портчестерский 4,605170185988092 0,005957529347979421
поселение 2,0402208285265546 0,0013196771206510703
последний 0 0
посмотреть 0 0
поставить 2,302585092994046 0,0014893823369948552
потенциальный 1,5141277326297755 0,002938152133175502
почетный 4,605170185988092 0,0029787646739897105
править 0 0
правка 0 0
предлагать 0 0
предмет 2,5257286443082556 0,001633718398646996
предок 3,2188758248682006 0,0020820671570945673
представить 2,120263536200091 0,0041143535631308365
представлять 1,6607312068216509 0,0010742116473619993
предусматривать 3,506557897319982 0,002268148704605422
премия 1,8325814637483102 0,0023707392803988493
привести 2,5257286443082556 0,001633718398646996
придерживаться 3,506557897319982 0,002268148704605422
приказать 3,912023005428146 0,0025304159155421385
приморье 4,605170185988092 0,0029787646739897105
природный 2,407945608651872 0,0015575327352211333
провинция 1,7147984280919266 0,002218367953547124
проект 0 0
произвести 3,912023005428146 0,0025304159155421385
прославить 4,605170185988092 0,0029787646739897105
профессиональный 2,5257286443082556 0,001633718398646996
профессор 2,5257286443082556 0,001633718398646996
прошлое 3,506557897319982 0,002268148704605422
псевдоархеология 4,605170185988092 0,00893629402196913
пустыня 2,407945608651872 0,0015575327352211333
пятничный 4,605170185988092 0,005957529347979421
работа 0,9942522733438669 0,0012862254506388964
различие 3,912023005428146 0,0025304159155421385
разработчик 0 0
райтвайн 4,605170185988092 0,005957529347979421
рана 3,506557897319982 0,004536297409210844
ранний 1,8971199848858813 0,003681345378174414
раскопка 3,2188758248682006 0,004164134314189135
расшифровать 4,605170185988092 0,0029787646739897105
регион 0,9942522733438669 0,0012862254506388964
редкий 2,207274913189721 0,0014277328028394058
редколлегия 4,605170185988092 0,0029787646739897105
резкий 3,912023005428146 0,0025304159155421385
резной 3,912023005428146 0,0025304159155421385
реконструкция 3,506557897319982 0,004536297409210844
религия 0,083381608939051 0,00010786754067147607
ресурс 2,407945608651872 0,0015575327352211333
рим 2,5257286443082556 0,004901155195940987
рог 3,912023005428146 0,0025304159155421385
родиться 0,8915981192837835 0,0005767128844008949
родственный 0,21072103131565253 0,00013630079645255664
романенко 2,995732273553991 0,0038754621908848527
российский 1,0498221244986776 0,006111513014545989
россия 0,7765287894989963 0,0010045650575666188
руднер 3,912023005428146 0,005060831831084277
рудник 3,506557897319982 0,002268148704605422
рука 2,407945608651872 0,0015575327352211333
руководитель 2,5257286443082556 0,001633718398646996
русский 0 0
ряд 1,6607312068216509 0,0010742116473619993
самосдельский 3,912023005428146 0,020243327324337108
самый 0,5447271754416719 0,001057038503444383
саровский 3,912023005428146 0,005060831831084277
сведение 0 0
свежий 0 0
свидетельство 3,2188758248682006 0,004164134314189135
свободный 0 0
связать 0 0
сентябрь 0 0
сербский 1,7147984280919266 0,001109183976773562
симона 2,995732273553991 0,0038754621908848527
система 0 0
скот 3,2188758248682006 0,0020820671570945673
след 2,995732273553991 0,0019377310954424264
слово 1,5606477482646683 0,0010094746107792163
случай 0 0
случайный 0 0
смотреть 0 0
снаружи 4,605170185988092 0,0029787646739897105
собственный 1,8325814637483102 0,0011853696401994246
событие 0 0
советский 1,3470736479666094 0,0069706268976279925
согнуть 4,605170185988092 0,0029787646739897105
содержание 0,1392620673335076 9,007895687807737E-05
соединять 3,506557897319982 0,002268148704605422
создать 0 0
сокращение 2,302585092994046 0,0014893823369948552
сообщество 0 0
сосуд 3,912023005428146 0,0025304159155421385
сотрудник 3,912023005428146 0,0025304159155421385
софь 4,605170185988092 0,005957529347979421
сохранение 0 0
список 0 0
спор 2,8134107167600364 0,0018197999461578504
спорт 0,083381608939051 0,00010786754067147607
средневековье 2,8134107167600364 0,009098999730789252
сруб 4,605170185988092 0,0029787646739897105
срубный 4,605170185988092 0,026808882065907393
ссылаться 0 0
ссылка 0 0
старина 4,605170185988092 0,0029787646739897105
старый 2,207274913189721 0,0014277328028394058
статистик 0 0
стать 0,4620354595965586 0,000298858641394928
статья 0 0
стен 2,207274913189721 0,0014277328028394058
степной 4,605170185988092 0,005957529347979421
степь 3,506557897319982 0,009072594818421688
страна 0,43078291609245434 0,0005572870842075736
страница 0 0
стратиграфия 4,605170185988092 0,0029787646739897105
сушь 3,912023005428146 0,0025304159155421385
сюд 0 0
текин 4,605170185988092 0,005957529347979421
текст 0 0
тема 0,7550225842780328 0,0014651149759599602
тематика 1,7147984280919266 0,0033275519303206857
теория 1,8971199848858813 0,002454230252116276
теп 4,605170185988092 0,005957529347979421
термин 2,0402208285265546 0,0013196771206510703
территория 0,8675005677047231 0,0005611258523316449
техника 0,06187540371808745 8,004580041149736E-05
течь 0 0
тип 2,5257286443082556 0,003267436797293992
трабзон 4,605170185988092 0,005957529347979421
традиция 1,8971199848858813 0,001227115126058138
трансформация 3,912023005428146 0,0025304159155421385
тугол 4,605170185988092 0,005957529347979421
турция 2,302585092994046 0,0029787646739897105
тысячелетие 2,8134107167600364 0,0018197999461578504
указ 4,605170185988092 0,005957529347979421
указатель 0 0
украина 1,9661128563728327 0,0038152254651478
украсить 3,506557897319982 0,002268148704605422
укрепить 3,912023005428146 0,0025304159155421385
умереть 2,8134107167600364 0,003639599892315701
урал 3,912023005428146 0,0025304159155421385
уровень 2,0402208285265546 0,0013196771206510703
условие 0 0
устой 4,605170185988092 0,005957529347979421
участие 0 0
участник 0 0
участница 1,7147984280919266 0,008873471814188495
учение 2,659260036932778 0,0017200905801635046
фальсификация 3,912023005428146 0,005060831831084277
фашизм 3,2188758248682006 0,004164134314189135
февраль 0 0
фестский 4,605170185988092 0,005957529347979421
философ 2,5257286443082556 0,001633718398646996
философия 0,09431067947124142 0,00012200605364973018
форум 0 0
фото 2,5257286443082556 0,001633718398646996
фраколог 4,605170185988092 0,0029787646739897105
франция 1,3093333199837622 0,002540750297510535
французский 0,23572233352106994 0,00015247240201880335
ходжа 4,605170185988092 0,005957529347979421
хороший 0,7985076962177716 0,0010329983133476994
храмовой 3,912023005428146 0,0025304159155421385
хундадзе 4,605170185988092 0,005957529347979421
хусейн 3,506557897319982 0,004536297409210844
хх 1,2729656758128876 0,000823393063268362
царство 2,659260036932778 0,0017200905801635046
царь 2,120263536200091 0,0013714511877102788
цель 1,7719568419318754 0,001146155783914538
часть 0,5978370007556204 0,0003866992242921219
человеческий 2,407945608651872 0,0031150654704422665
человечество 2,5257286443082556 0,001633718398646996
череп 4,605170185988092 0,005957529347979421
черный 3,506557897319982 0,004536297409210844
чертёж 3,912023005428146 0,0025304159155421385
численность 1,9661128563728327 0,0012717418217159332
читать 0 0
член 1,7147984280919266 0,0033275519303206857
шаблон 0 0
шади 4,605170185988092 0,005957529347979421
шведский 1,7147984280919266 0,001109183976773562
шверин 4,605170185988092 0,005957529347979421
широкий 2,207274913189721 0,0014277328028394058
шлем 3,506557897319982 0,004536297409210844
э 2,0402208285265546 0,010557416965208562
экспедиция 2,995732273553991 0,0038754621908848527
экспериментальный 3,506557897319982 0,004536297409210844
элемент 0,19845093872383823 0,00025672825190664714
эмир 3,912023005428146 0,010121663662168554
энциклопедия 0 0
эпоха 2,120263536200091 0,005485804750841115
этнокультурный 4,605170185988092 0,0029787646739897105
язык 0 0
яковлевич 2,8134107167600364 0,0018197999461578504
ям 4,605170185988092 0,0029787646739897105
ямный 4,605170185988092 0,0029787646739897105
январь 0,6733445532637655 0,0008710796290604988
