аборт 4,605170185988092 0,010011239534756721
август 0 0
агустина 3,912023005428146 0,004252198918943637
айма 4,605170185988092 0,005005619767378361
алфавит 0 0
америка 1,4271163556401458 0,0077560671502181835
американский 1,4271163556401458 0,0015512134300436368
английский 0,37106368139083196 0,0004033300884682956
апрель 0 0
арабский 0,38566248081198473 0,0004191983487086791
аргентина 2,8134107167600364 0,015290275634565415
аренда 3,912023005428146 0,004252198918943637
архив 0,3011050927839216 0,0013091525773213984
безгражданство 2,659260036932778 0,005781000080288648
бесчеловечный 2,659260036932778 0,005781000080288648
боливийский 4,605170185988092 0,015016859302135081
боливия 3,506557897319982 0,3125410299785201
бомбардир 3,912023005428146 0,004252198918943637
бразилия 2,659260036932778 0,014452500200721618
вашингтон 3,912023005428146 0,004252198918943637
введение 1,3470736479666094 0,0029284209738404555
версия 0 0
вид 1,0498221244986776 0,002282222009779734
википедия 0 0
висенте 2,995732273553991 0,006512461464247807
вклад 0 0
восток 0,7985076962177716 0,0017358862961255905
выигрывать 3,912023005428146 0,004252198918943637
выпивка 4,605170185988092 0,005005619767378361
высокогорный 4,605170185988092 0,005005619767378361
выступать 2,302585092994046 0,0025028098836891804
выход 1,8325814637483102 0,0019919363736394676
география 0,083381608939051 0,00036252873451761306
гол 3,912023005428146 0,004252198918943637
город 0,3424903089467759 0,0007445441498842955
государственный 0,7765287894989963 0,0033762121282565056
государство 0,6733445532637655 0,0014637925070951424
гражданский 1,5141277326297755 0,003291582027456034
граничить 1,1394342831883648 0,0012385155252047444
гуар 4,605170185988092 0,005005619767378361
гутьеррес 4,605170185988092 0,010011239534756721
данный 0,1508228897345837 0,0001639379236245475
два 0 0
дворец 1,9661128563728327 0,004274158383419202
де 1,1394342831883648 0,002477031050409489
декабрь 0 0
делиться 2,995732273553991 0,0032562307321239033
ди 2,659260036932778 0,005781000080288648
дистанционный 4,605170185988092 0,005005619767378361
добавлять 1,7719568419318754 0,0019260400455781254
договор 2,407945608651872 0,002617332183317252
домашний 2,302585092994046 0,005005619767378361
дополнить 1,5141277326297755 0,001645791013728017
достоинство 2,659260036932778 0,005781000080288648
дядя 3,506557897319982 0,0038114759753478064
жестокий 2,5257286443082556 0,005490714444148382
журнал 0 0
заготовка 2,5257286443082556 0,005490714444148382
заниматься 0 0
запад 0,9162907318741551 0,0019919363736394676
запрет 3,2188758248682006 0,0034987780705089135
запрос 0,1165338162559516 0,0002533343831651122
заход 3,912023005428146 0,004252198918943637
земля 1,2378743560016172 0,004036546813048752
знаете 0,06187540371808745 0,0001345117472132336
знак 0 0
зондирование 4,605170185988092 0,005005619767378361
играть 2,120263536200091 0,00230463427847836
избранный 0,083381608939051 0,00027189655088820976
избрать 0 0
изменение 0 0
изображение 0,06187540371808745 0,0002690234944264672
илла 1,3862943611198906 0,0030136833937388927
иллюстрация 1,8325814637483102 0,003983872747278935
иметь 0,616186139423817 0,000669767542851975
инвалидность 2,8134107167600364 0,006116110253826166
индеец 2,8134107167600364 0,003058055126913083
исидоро 3,912023005428146 0,004252198918943637
искать 0 0
искусственный 2,8134107167600364 0,003058055126913083
искусство 0,083381608939051 0,00018126436725880653
исп 1,9661128563728327 0,006411237575128802
испанский 0,49429632181478017 0,0021491144426729575
использование 0 0
использоваться 1,4696759700589417 0,0015974738804988497
исправить 2,8134107167600364 0,003058055126913083
история 0 0
источник 0 0
итальянский 0,7339691750802005 0,0007977925816089137
июнь 0 0
калибровка 4,605170185988092 0,005005619767378361
камарад 3,2188758248682006 0,027990224564071308
канка 4,605170185988092 0,010011239534756721
капитан 2,8134107167600364 0,003058055126913083
категория 0 0
кечуа 2,995732273553991 0,006512461464247807
клуб 1,7719568419318754 0,003852080091156251
книга 0 0
код 0 0
колумбия 2,659260036932778 0,002890500040144324
команда 2,207274913189721 0,0023992118621627406
конвенция 2,120263536200091 0,01843707422782688
коренной 3,912023005428146 0,004252198918943637
кочабамба 4,605170185988092 0,010011239534756721
крупнейший 1,2039728043259361 0,0013086660916586262
крус 3,506557897319982 0,007622951950695613
культура 0,3566749439387324 0,0007753803129102878
ла 2,120263536200091 0,00460926855695672
литораль 4,605170185988092 0,010011239534756721
личность 0,127833371509885 0,00013894931685857066
лучший 0 0
май 0 0
македонский 1,5606477482646683 0,00169635624811377
мануэль 3,506557897319982 0,0038114759753478064
март 0 0
материал 0 0
международный 0,9942522733438669 0,003242126978295218
место 0 0
миро 0 0
михаил 1,5606477482646683 0,00339271249622754
мобильный 0 0
мой 0 0
моралес 4,605170185988092 0,015016859302135081
море 1,1394342831883648 0,0012385155252047444
морить 4,605170185988092 0,015016859302135081
моча 0,16251892949777494 0,0001766510103236684
мочь 0,8209805520698303 0,0008923701652932939
навигация 0 0
нажать 0 0
название 0 0
найти 0 0
наказание 2,659260036932778 0,005781000080288648
нападающий 3,506557897319982 0,007622951950695613
нардить 4,605170185988092 0,010011239534756721
население 0,5108256237659907 0,0016657357296717087
наука 0,05129329438755048 0,00022301432342413253
находиться 0 0
национальный 0,7550225842780328 0,00082067672204134
начать 0,38566248081198473 0,006287975230630185
начинать 0,1508228897345837 0,000327875847249095
небольшой 1,9661128563728327 0,002137079191709601
недоставать 1,07880966137193 0,0011726191971434023
некоммерческий 0 0
немецкий 0,5108256237659907 0,0005552452432239029
неполнота 3,2188758248682006 0,0034987780705089135
никакой 3,506557897319982 0,0038114759753478064
николаевич 1,5606477482646683 0,00339271249622754
нил 2,8134107167600364 0,006116110253826166
новый 0 0
ноябрь 0 0
ньюфло 4,605170185988092 0,010011239534756721
обращение 2,302585092994046 0,005005619767378361
обсуждение 0 0
общество 0,07257069283483537 0,00031552475145580597
обязательный 0 0
округ 1,9661128563728327 0,002137079191709601
октябрь 0 0
описание 0 0
орбитальный 4,605170185988092 0,005005619767378361
организация 0 0
ортис 3,506557897319982 0,007622951950695613
основной 0 0
ответственность 0 0
отдельный 0 0
отказ 0 0
отсутствовать 0,05129329438755048 0,0001672607425680994
официальный 1,07880966137193 0,0011726191971434023
офф 3,912023005428146 0,004252198918943637
оценивание 0,1508228897345837 0,000327875847249095
пакт 2,659260036932778 0,005781000080288648
парагвай 3,506557897319982 0,01905737987673903
пасос 4,605170185988092 0,010011239534756721
педро 2,659260036932778 0,002890500040144324
первенство 4,605170185988092 0,005005619767378361
первый 0 0
передача 3,2188758248682006 0,0034987780705089135
перейти 0 0
персоналия 0,07257069283483537 0,00039440593931975746
перу 2,995732273553991 0,01953738439274342
печать 0 0
плея 3,912023005428146 0,004252198918943637
пн 0,127833371509885 0,0006947465842928532
подписать 2,8134107167600364 0,003058055126913083
подробный 0 0
поиск 0 0
политик 0 0
политический 1,2039728043259361 0,0026173321833172524
получить 0 0
пометка 3,2188758248682006 0,0034987780705089135
помочь 0,127833371509885 0,0002778986337171413
помощь 0,127833371509885 0,00013894931685857066
порт 1,8325814637483102 0,0019919363736394676
портал 0 0
португальский 0,49429632181478017 0,0005372786106682394
последний 0 0
посмотреть 0 0
править 0 0
правка 0 0
право 0,843970070294529 0,005504152632355624
предлагать 0 0
представитель 2,120263536200091 0,00230463427847836
президент 1,3093333199837622 0,004269565173860094
президентский 2,659260036932778 0,002890500040144324
прибор 4,605170185988092 0,005005619767378361
прибрежный 2,8134107167600364 0,003058055126913083
принять 1,3862943611198906 0,0015068416968694463
природа 1,07880966137193 0,0023452383942868045
проект 0 0
протокол 2,407945608651872 0,015703993099903512
пункт 1,5606477482646683 0,00339271249622754
пытка 2,5257286443082556 0,005490714444148382
работник 2,995732273553991 0,006512461464247807
раз 2,659260036932778 0,002890500040144324
размещать 3,2188758248682006 0,0034987780705089135
разработка 1,07880966137193 0,0035178575914302066
разработчик 0 0
регулярный 2,5257286443082556 0,005490714444148382
религия 0,083381608939051 0,00018126436725880653
родиться 0,8915981192837835 0,0009691283905258517
родственный 0,21072103131565253 0,00022904459925614405
руководитель 2,5257286443082556 0,002745357222074191
руководить 3,912023005428146 0,004252198918943637
русский 0 0
сант 2,8134107167600364 0,006116110253826166
сведение 0 0
свежий 0 0
свободный 0 0
связать 0 0
север 1,0216512475319812 0,0011104904864478056
северо 1,6094379124341003 0,0017493890352544568
сентябрь 0 0
си 4,605170185988092 0,010011239534756721
сила 0,9416085398584451 0,0020469750866487935
символ 0,9416085398584451 0,0020469750866487935
система 0 0
случай 0 0
случайный 0 0
смотреть 0 0
событие 0 0
содержание 0,1392620673335076 0,00015137181231903
создавать 2,120263536200091 0,00230463427847836
создать 0 0
сокращение 2,302585092994046 0,005005619767378361
солнце 2,8134107167600364 0,003058055126913083
солончак 4,605170185988092 0,03503933837164853
сообщество 0 0
сохранение 0 0
список 0 0
спорт 0,083381608939051 0,00018126436725880653
спутник 2,5257286443082556 0,005490714444148382
ссылаться 0 0
ссылка 0 0
стадион 2,995732273553991 0,006512461464247807
статистик 0 0
статья 0 0
страна 0,43078291609245434 0,00046824230010049383
страница 0 0
страшный 2,995732273553991 0,0032562307321239033
строительство 2,5257286443082556 0,002745357222074191
суксо 4,605170185988092 0,010011239534756721
сша 0,9675840262617057 0,0010517217676757672
сьерра 3,912023005428146 0,008504397837887274
сюд 0 0
текст 0 0
техника 0,06187540371808745 0,0001345117472132336
течь 0 0
убить 2,8134107167600364 0,003058055126913083
указатель 0 0
унижать 2,659260036932778 0,005781000080288648
условие 0 0
устройство 1,3470736479666094 0,0029284209738404555
участие 0 0
участник 0 0
участок 2,5257286443082556 0,002745357222074191
уюнить 4,605170185988092 0,030033718604270163
факультативный 2,407945608651872 0,015703993099903512
февраль 0 0
философия 0,09431067947124142 0,00020502321624182916
фифа 4,605170185988092 0,010011239534756721
форум 0 0
французский 0,23572233352106994 0,0002562199277402934
футбол 1,7719568419318754 0,003852080091156251
футболист 1,8971199848858813 0,0020620869400933494
футбольный 1,9661128563728327 0,004274158383419202
хайм 3,506557897319982 0,007622951950695613
хуан 2,407945608651872 0,002617332183317252
центральный 1,2729656758128876 0,0013836583432748778
чавес 3,506557897319982 0,007622951950695613
чальвиря 4,605170185988092 0,010011239534756721
часть 0,5978370007556204 0,000649822826908283
че 2,407945608651872 0,020938657466538016
человек 1,1394342831883648 0,002477031050409489
чемпионат 1,4696759700589417 0,0015974738804988497
чили 2,659260036932778 0,014452500200721618
читать 0 0
шаблон 0 0
шамансемный 2,8134107167600364 0,006116110253826166
эво 4,605170185988092 0,010011239534756721
эдуардо 3,2188758248682006 0,006997556141017827
экономика 0,7550225842780328 0,00164135344408268
элемент 0,19845093872383823 0,000431415084182257
эль 2,407945608651872 0,007851996549951756
энциклопедия 0 0
эредиа 4,605170185988092 0,010011239534756721
эрнандес 3,2188758248682006 0,0034987780705089135
юг 1,0216512475319812 0,0011104904864478056
юго 1,171182981502945 0,002546049959789011
южный 1,171182981502945 0,0063651248994725275
юнайтед 3,912023005428146 0,008504397837887274
являться 0,3424903089467759 0,00037227207494214775
язык 0 0
яй 1,7147984280919266 0,005591734004647586
январь 0,6733445532637655 0,0029275850141902847
