август 0 0
автомобильный 2,659260036932778 0,002702500037533311
адмирал 3,2188758248682006 0,003271215269175001
аеп 4,605170185988092 0,004680051002020419
александр 1,3470736479666094 0,001368977284518912
александров 3,912023005428146 0,011926899406793128
алфавит 0 0
андрей 1,2039728043259361 0,0036706487936766347
апрель 0 0
аристотель 4,605170185988092 0,004680051002020419
арочный 4,605170185988092 0,004680051002020419
артлебен 4,605170185988092 0,004680051002020419
археолог 3,506557897319982 0,003563575098902421
архив 0,3011050927839216 0,0018360066633165953
архитектор 2,5257286443082556 0,0025667974027522925
архитектура 1,1086626245216111 0,0022533793181333563
архитектурный 2,5257286443082556 0,005133594805504585
архитектуровед 4,605170185988092 0,004680051002020419
аэромеханика 4,605170185988092 0,004680051002020419
башня 2,8134107167600364 0,002859157232479712
берег 1,6094379124341003 0,0016356076345875005
биологический 2,407945608651872 0,002447099195784423
ближайший 3,506557897319982 0,003563575098902421
близ 2,5257286443082556 0,0025667974027522925
боголюбово 3,912023005428146 0,007951266271195419
боголюбский 4,605170185988092 0,009360102004040837
богородица 2,8134107167600364 0,002859157232479712
божий 2,407945608651872 0,002447099195784423
болгарин 3,506557897319982 0,003563575098902421
большинство 1,7147984280919266 0,0017426813293617142
большой 1,1086626245216111 0,0022533793181333563
бороться 3,912023005428146 0,003975633135597709
ботаника 2,995732273553991 0,003044443367432918
брат 2,302585092994046 0,0023400255010102094
век 0,5108256237659907 0,0010382634629390057
великий 1,0216512475319812 0,002076526925878011
венчаться 4,605170185988092 0,004680051002020419
версия 0 0
вестись 3,2188758248682006 0,003271215269175001
вечный 3,2188758248682006 0,006542430538350002
википедия 0 0
вклад 0 0
владимир 1,2378743560016172 0,11070421069933162
владимиро 4,605170185988092 0,014040153006061255
владимирович 2,0402208285265546 0,0020733951509416208
владимирский 3,2188758248682006 0,05561065957597501
власть 1,4696759700589417 0,0014935731403038026
вновь 2,8134107167600364 0,002859157232479712
военный 1,0498221244986776 0,0010668924029458107
возвышение 3,912023005428146 0,003975633135597709
война 0,7133498878774648 0,0007249490730462041
войско 1,7719568419318754 0,0018007691483047515
вол 4,605170185988092 0,004680051002020419
волга 3,912023005428146 0,003975633135597709
волжский 4,605170185988092 0,004680051002020419
вопреки 3,912023005428146 0,003975633135597709
воронина 4,605170185988092 0,004680051002020419
ворот 2,8134107167600364 0,01715494339487827
восток 0,7985076962177716 0,0008114915611969225
восточный 0,9162907318741551 0,0018623795363295838
всемирный 1,6607312068216509 0,0016877349662821658
встречаться 2,659260036932778 0,002702500037533311
входить 1,2378743560016172 0,0012580023943105868
выполнить 3,2188758248682006 0,003271215269175001
высокий 1,8971199848858813 0,0019279674643149201
выставка 2,995732273553991 0,003044443367432918
вышгород 4,605170185988092 0,004680051002020419
вышгородский 4,605170185988092 0,004680051002020419
генерал 1,8325814637483102 0,0018623795363295838
география 0,083381608939051 0,0003389496298335407
георгиевский 3,506557897319982 0,003563575098902421
герой 2,120263536200091 0,0021547393660570034
герцен 4,605170185988092 0,009360102004040837
гидро 4,605170185988092 0,004680051002020419
главное 1,7147984280919266 0,0017426813293617142
гореть 3,2188758248682006 0,003271215269175001
город 0,3424903089467759 0,004176711084716779
горожанин 4,605170185988092 0,004680051002020419
государственный 0,7765287894989963 0,0015783105477621877
губернатор 2,8134107167600364 0,005718314464959424
губерния 2,659260036932778 0,008107500112599933
гусевский 4,605170185988092 0,004680051002020419
даниил 3,912023005428146 0,003975633135597709
два 0 0
декабрь 0 0
день 1,3862943611198906 0,0014088357328454174
деревня 1,8325814637483102 0,0018623795363295838
деятель 1,5141277326297755 0,0015387476957619672
дипломатический 2,659260036932778 0,002702500037533311
добавить 1,0498221244986776 0,0021337848058916213
добро 1,8325814637483102 0,0018623795363295838
дойти 3,506557897319982 0,003563575098902421
доктор 2,659260036932778 0,002702500037533311
долгорукий 4,605170185988092 0,004680051002020419
домашний 2,302585092994046 0,0023400255010102094
дорога 1,5606477482646683 0,0015860241344153136
дорогобужие 4,605170185988092 0,004680051002020419
достопримечательность 1,7147984280919266 0,005228043988085142
дочь 2,407945608651872 0,002447099195784423
древний 1,4696759700589417 0,0014935731403038026
дружина 4,605170185988092 0,004680051002020419
единственный 1,3470736479666094 0,001368977284518912
епархия 3,2188758248682006 0,003271215269175001
ехать 3,506557897319982 0,003563575098902421
железнодорожный 2,302585092994046 0,0023400255010102094
жуковский 4,605170185988092 0,004680051002020419
журнал 0 0
завершаться 4,605170185988092 0,004680051002020419
завод 2,120263536200091 0,0021547393660570034
заложить 3,506557897319982 0,003563575098902421
занимать 1,4696759700589417 0,0014935731403038026
заниматься 0 0
западный 0,9942522733438669 0,0010104189769754746
заповедник 2,302585092994046 0,004680051002020419
запрос 0,1165338162559516 0,0002368573501137228
захватить 2,407945608651872 0,002447099195784423
знаете 0,06187540371808745 0,00012576301568716964
знак 0 0
зодчество 3,506557897319982 0,003563575098902421
золотой 1,4696759700589417 0,013442158262734222
золоченый 4,605170185988092 0,004680051002020419
иванович 1,6094379124341003 0,0016356076345875005
иваново 3,912023005428146 0,011926899406793128
игра 1,5606477482646683 0,0015860241344153136
избранный 0,083381608939051 0,0002542122223751555
избрать 0 0
изменение 0 0
изображение 0,06187540371808745 0,00018864452353075444
икона 2,8134107167600364 0,002859157232479712
иметь 0,616186139423817 0,0012524108524874329
интервик 0,9675840262617057 0,0009833170998594571
искать 0 0
искусство 0,083381608939051 0,00016947481491677035
использование 0 0
историко 2,995732273553991 0,006088886734865836
исторически 3,912023005428146 0,003975633135597709
исторический 1,2378743560016172 0,0012580023943105868
история 0 0
источник 0 0
июнь 0 0
казанский 2,995732273553991 0,006088886734865836
категория 0 0
каторжный 4,605170185988092 0,004680051002020419
кафедральный 2,995732273553991 0,006088886734865836
киев 3,2188758248682006 0,003271215269175001
китай 1,8971199848858813 0,0019279674643149201
клязьма 4,605170185988092 0,009360102004040837
км 0,8209805520698303 0,0008343298293392586
книга 0 0
княжество 2,5257286443082556 0,0025667974027522925
княжна 3,912023005428146 0,003975633135597709
князь 2,407945608651872 0,017129694370490958
коалиция 4,605170185988092 0,004680051002020419
код 0 0
колокольный 4,605170185988092 0,004680051002020419
колокольня 3,506557897319982 0,010690725296707263
коломна 3,912023005428146 0,011926899406793128
кольцо 3,2188758248682006 0,009813645807525003
композитор 2,659260036932778 0,002702500037533311
композиция 3,2188758248682006 0,003271215269175001
который 0,9162907318741551 0,0009311897681647919
красный 0,7765287894989963 0,0007891552738810938
круг 3,2188758248682006 0,003271215269175001
крупный 1,4271163556401458 0,0014503214996342947
кузина 4,605170185988092 0,004680051002020419
культура 0,3566749439387324 0,0007249490730462041
лазарев 3,912023005428146 0,003975633135597709
левый 2,995732273553991 0,003044443367432918
личность 0,127833371509885 0,0001299119629165498
лучший 0 0
магистраль 3,912023005428146 0,003975633135597709
май 0 0
март 0 0
материал 0 0
мать 2,207274913189721 0,002243165562184676
междукняжеский 4,605170185988092 0,004680051002020419
меняться 3,912023005428146 0,003975633135597709
место 0 0
метрополитен 3,912023005428146 0,003975633135597709
миро 0 0
мировой 1,2039728043259361 0,0012235495978922116
митрополия 4,605170185988092 0,004680051002020419
мобильный 0 0
мой 0 0
монастырь 1,8325814637483102 0,007449518145318335
моном 4,605170185988092 0,009360102004040837
москва 1,4271163556401458 0,010152250497440061
московский 2,207274913189721 0,004486331124369352
моча 0,16251892949777494 0,00016516151371725096
музей 1,3093333199837622 0,003991869877999275
муром 3,912023005428146 0,007951266271195419
н 1,4696759700589417 0,008961438841822815
навигация 0 0
нажать 0 0
название 0 0
назвать 1,9661128563728327 0,0019980821711106027
найти 0 0
наука 0,05129329438755048 0,00015638199508399538
находиться 0 0
начинать 0,1508228897345837 0,0003065505888914303
наш 2,5257286443082556 0,0025667974027522925
некоммерческий 0 0
неудачный 3,2188758248682006 0,003271215269175001
нижний 3,2188758248682006 0,019627291615050006
новгород 3,2188758248682006 0,019627291615050006
новогиреево 4,605170185988092 0,004680051002020419
новый 0 0
ноябрь 0 0
нын 1,8971199848858813 0,0038559349286298402
обзорный 2,8134107167600364 0,002859157232479712
область 0,7765287894989963 0,006313242191048751
оборона 2,302585092994046 0,0023400255010102094
обосноваться 3,2188758248682006 0,003271215269175001
образец 2,407945608651872 0,002447099195784423
образование 0,7339691750802005 0,001491807266423172
обсуждение 0 0
общество 0,07257069283483537 0,00014750140820088493
обыграть 3,912023005428146 0,003975633135597709
обязательный 0 0
огонь 2,302585092994046 0,004680051002020419
октябрь 0 0
опираться 3,912023005428146 0,003975633135597709
описание 0 0
организация 0 0
организовать 1,9661128563728327 0,0019980821711106027
орехово 4,605170185988092 0,004680051002020419
оружие 2,0402208285265546 0,0020733951509416208
осекевич 4,605170185988092 0,004680051002020419
основание 2,8134107167600364 0,002859157232479712
основатель 1,9661128563728327 0,0019980821711106027
основной 0 0
основоположник 2,407945608651872 0,002447099195784423
ответственность 0 0
отдельный 0 0
отец 1,7719568419318754 0,003601538296609503
отказ 0 0
отношение 1,4696759700589417 0,0014935731403038026
отсутствовать 0,05129329438755048 0,00031276399016799076
оценивание 0,1508228897345837 0,0003065505888914303
памятник 1,2039728043259361 0,0024470991957844233
первоначальный 2,302585092994046 0,0023400255010102094
первый 0 0
перейти 0 0
персоналия 0,07257069283483537 0,0003687535205022123
печать 0 0
пинский 4,605170185988092 0,004680051002020419
площадь 1,07880966137193 0,0021927025637640857
пн 0,127833371509885 0,0009093837404158485
победа 1,8971199848858813 0,0019279674643149201
победоносный 3,912023005428146 0,003975633135597709
подчинение 3,506557897319982 0,003563575098902421
пожаловать 1,7719568419318754 0,0018007691483047515
поздний 2,120263536200091 0,0021547393660570034
поиск 0 0
покинуть 2,8134107167600364 0,002859157232479712
покровский 2,995732273553991 0,012177773469731671
политик 0 0
половецкий 4,605170185988092 0,004680051002020419
получить 0 0
помочь 0,127833371509885 0,0002598239258330996
помощь 0,127833371509885 0,0001299119629165498
попытка 2,407945608651872 0,002447099195784423
портал 0 0
последний 0 0
послужить 3,506557897319982 0,003563575098902421
посмотреть 0 0
поставить 2,302585092994046 0,0023400255010102094
построить 1,4696759700589417 0,0014935731403038026
поход 2,407945608651872 0,002447099195784423
править 0 0
правка 0 0
православный 2,5257286443082556 0,0025667974027522925
практик 2,995732273553991 0,003044443367432918
предлагать 0 0
предпринять 3,506557897319982 0,003563575098902421
представлять 1,6607312068216509 0,0016877349662821658
пресвятой 2,995732273553991 0,003044443367432918
пригородный 4,605170185988092 0,004680051002020419
придел 3,912023005428146 0,003975633135597709
признать 1,7147984280919266 0,0017426813293617142
продукция 3,506557897319982 0,003563575098902421
проект 0 0
прошлое 3,506557897319982 0,003563575098902421
развитие 0,9416085398584451 0,0009569192478236231
разграбить 3,912023005428146 0,003975633135597709
разделить 2,8134107167600364 0,002859157232479712
разделять 4,605170185988092 0,004680051002020419
разработка 1,07880966137193 0,0010963512818820428
разработчик 0 0
район 1,171182981502945 0,0011902266072184402
расписать 4,605170185988092 0,004680051002020419
расположить 0,9162907318741551 0,0009311897681647919
расположиться 4,605170185988092 0,004680051002020419
редкий 2,207274913189721 0,002243165562184676
река 1,1086626245216111 0,0011266896590666781
религия 0,083381608939051 0,00016947481491677035
ремесленный 4,605170185988092 0,004680051002020419
родина 1,6094379124341003 0,0016356076345875005
родиться 0,8915981192837835 0,0009060956496786419
родственный 0,21072103131565253 0,0002141473895484274
роспись 3,912023005428146 0,003975633135597709
российский 1,0498221244986776 0,0010668924029458107
россия 0,7765287894989963 0,003945776369405469
ростов 3,912023005428146 0,003975633135597709
ростовский 3,912023005428146 0,003975633135597709
рублевый 4,605170185988092 0,004680051002020419
русский 0 0
русь 2,8134107167600364 0,011436628929918848
ряд 1,6607312068216509 0,0016877349662821658
рязань 3,506557897319982 0,010690725296707263
сведение 0 0
свежий 0 0
свободный 0 0
связать 0 0
север 1,0216512475319812 0,0010382634629390055
северо 1,6094379124341003 0,004906822903762501
сентябрь 0 0
символ 0,9416085398584451 0,0019138384956472463
система 0 0
следовать 1,4271163556401458 0,0014503214996342947
слиться 4,605170185988092 0,004680051002020419
сложный 3,506557897319982 0,003563575098902421
случаем 4,605170185988092 0,004680051002020419
случай 0 0
случайный 0 0
смерть 1,8325814637483102 0,0018623795363295838
смотреть 0 0
собинский 4,605170185988092 0,004680051002020419
собор 1,9661128563728327 0,021978903882216627
соборный 3,912023005428146 0,003975633135597709
событие 0 0
совершить 2,407945608651872 0,002447099195784423
современный 1,0216512475319812 0,0010382634629390055
содействовать 3,912023005428146 0,003975633135597709
содержание 0,1392620673335076 0,00014152649119258904
создать 0 0
солнышко 4,605170185988092 0,004680051002020419
сообщество 0 0
соорудить 4,605170185988092 0,004680051002020419
сооружение 2,207274913189721 0,002243165562184676
сохранение 0 0
сохраниться 2,120263536200091 0,004309478732114007
сперанский 4,605170185988092 0,004680051002020419
список 0 0
спорт 0,083381608939051 0,0003389496298335407
сраз 2,659260036932778 0,002702500037533311
ссылаться 0 0
ссылка 0 0
станция 2,302585092994046 0,004680051002020419
статистик 0 0
стать 0,4620354595965586 0,00046954823129731574
статья 0 0
столб 3,506557897319982 0,003563575098902421
столетов 4,605170185988092 0,009360102004040837
сторона 1,7719568419318754 0,0018007691483047515
страница 0 0
страшный 2,995732273553991 0,003044443367432918
стройный 3,912023005428146 0,003975633135597709
судно 2,5257286443082556 0,0025667974027522925
суздаль 3,912023005428146 0,031805065084781675
суздальский 4,605170185988092 0,018720204008081675
сын 1,6607312068216509 0,0016877349662821658
сюд 0 0
тайный 2,659260036932778 0,002702500037533311
танеев 4,605170185988092 0,009360102004040837
текст 0 0
техника 0,06187540371808745 0,00012576301568716964
течь 0 0
торговый 2,995732273553991 0,003044443367432918
тракт 3,506557897319982 0,003563575098902421
транспортный 2,207274913189721 0,002243165562184676
туристический 3,2188758248682006 0,003271215269175001
туровский 3,912023005428146 0,003975633135597709
угловой 4,605170185988092 0,004680051002020419
узел 3,506557897319982 0,003563575098902421
указатель 0 0
улица 1,8971199848858813 0,0038559349286298402
улучшить 1,6607312068216509 0,0016877349662821658
упорный 3,912023005428146 0,003975633135597709
условие 0 0
усобица 4,605170185988092 0,004680051002020419
успенский 3,2188758248682006 0,022898506884225
участие 0 0
участник 0 0
февраль 0 0
феодальный 3,506557897319982 0,003563575098902421
физика 2,659260036932778 0,002702500037533311
философия 0,09431067947124142 0,00019168837290902728
фиораванти 4,605170185988092 0,004680051002020419
флорист 4,605170185988092 0,004680051002020419
форум 0 0
фрагмент 4,605170185988092 0,004680051002020419
фреска 3,506557897319982 0,007127150197804842
хана 2,995732273553991 0,003044443367432918
хотеть 2,302585092994046 0,0023400255010102094
храм 1,2729656758128876 0,005174657218751576
хрустальный 4,605170185988092 0,004680051002020419
художественный 2,407945608651872 0,004894198391568846
центр 0,8915981192837835 0,0027182869490359252
церковь 1,4271163556401458 0,0014503214996342947
часть 0,5978370007556204 0,0012151158551943506
честь 1,8325814637483102 0,0018623795363295838
число 1,3470736479666094 0,001368977284518912
читать 0 0
шаблон 0 0
шипкинский 4,605170185988092 0,004680051002020419
шпиль 3,912023005428146 0,003975633135597709
эйфелев 4,605170185988092 0,004680051002020419
экономика 0,7550225842780328 0,0015345987485325871
электричка 4,605170185988092 0,004680051002020419
электропоезд 4,605170185988092 0,004680051002020419
энциклопедия 0 0
южный 1,171182981502945 0,0011902266072184402
юрий 2,120263536200091 0,0021547393660570034
юрист 2,5257286443082556 0,0025667974027522925
юрьевич 2,407945608651872 0,002447099195784423
являться 0,3424903089467759 0,00034805925705973164
язык 0 0
ярус 3,912023005428146 0,003975633135597709
