август 0 0
автобус 3,2188758248682006 0,004129410936328673
автономный 1,6607312068216509 0,0021305082832862744
автор 1,7147984280919266 0,001099934848038439
аграрный 3,912023005428146 0,005018631180793003
административный 0,7133498878774648 0,0009151377650769272
академия 2,120263536200091 0,008160090581911831
акула 3,506557897319982 0,0022492353414496355
александр 1,3470736479666094 0,003456250540004129
алексеевич 1,8971199848858813 0,0024337652147349343
алексей 1,7719568419318754 0,004546393436643682
алий 3,912023005428146 0,005018631180793003
алтай 3,912023005428146 0,022583840313568512
алтайский 3,912023005428146 0,10790057038704957
алфавит 0 0
америка 1,4271163556401458 0,0009154049747531403
ан 2,995732273553991 0,0019215729785464983
андреевич 2,407945608651872 0,003089089940541208
андрюша 4,605170185988092 0,0029539257126286666
анитим 4,605170185988092 0,005907851425257333
ансамбль 3,2188758248682006 0,004129410936328673
апрель 0 0
апробация 4,605170185988092 0,0029539257126286666
аризона 3,912023005428146 0,0025093155903965015
архив 0,3011050927839216 0,0007725595709658027
архитектура 1,1086626245216111 0,004977959186434431
атака 2,995732273553991 0,0019215729785464983
аэропорт 2,120263536200091 0,0027200301939706104
балаганчик 4,605170185988092 0,0029539257126286666
баллотироваться 4,605170185988092 0,0029539257126286666
баркаган 4,605170185988092 0,011815702850514666
барнаул 3,506557897319982 0,2946498297299022
барнаулка 4,605170185988092 0,0029539257126286666
барнаултрансмаш 4,605170185988092 0,005907851425257333
барнаульский 3,912023005428146 0,047676996217533525
батор 3,912023005428146 0,007527946771189504
бацать 4,605170185988092 0,0029539257126286666
бессонница 3,912023005428146 0,0025093155903965015
битва 1,8971199848858813 0,0012168826073674672
бой 1,8971199848858813 0,0024337652147349343
болдырева 4,605170185988092 0,0029539257126286666
брать 3,506557897319982 0,0022492353414496355
будущий 3,506557897319982 0,0022492353414496355
бузмак 4,605170185988092 0,005907851425257333
бывать 2,8134107167600364 0,0018046252192174704
бык 2,8134107167600364 0,0036092504384349407
бьюта 4,605170185988092 0,0029539257126286666
вагоноремонтный 3,912023005428146 0,005018631180793003
вадима 2,995732273553991 0,0038431459570929965
валентинович 3,506557897319982 0,004498470682899271
валерьянович 3,912023005428146 0,005018631180793003
вандал 3,912023005428146 0,0025093155903965015
василий 1,8325814637483102 0,0035264556711000197
введение 1,3470736479666094 0,0017281252700020646
век 0,5108256237659907 0,0016383118145156855
великий 1,0216512475319812 0,000655324725806274
верить 3,2188758248682006 0,0020647054681643363
вернигора 4,605170185988092 0,005907851425257333
версия 0 0
верховный 2,407945608651872 0,003089089940541208
вести 2,995732273553991 0,0019215729785464983
взять 2,407945608651872 0,001544544970270604
викиновость 1,0216512475319812 0,000655324725806274
википедия 0 0
викисклад 0,5798184952529422 0,00037191693088707
викисловарь 1,4271163556401458 0,0009154049747531403
викитек 1,1394342831883648 0,0007308751014678414
виктор 1,9661128563728327 0,0075668230521084
викторович 2,207274913189721 0,002831654795625043
викторовна 2,995732273553991 0,0038431459570929965
вклад 0 0
владимир 1,2378743560016172 0,00397009094291731
война 0,7133498878774648 0,0009151377650769272
воспоминание 4,605170185988092 0,0029539257126286666
восстанавливать 4,605170185988092 0,0029539257126286666
впадение 2,659260036932778 0,0017057472975835649
вписать 3,2188758248682006 0,0020647054681643363
врач 2,995732273553991 0,0038431459570929965
вуз 2,995732273553991 0,007686291914185993
выбрать 3,506557897319982 0,0022492353414496355
высоцкий 4,605170185988092 0,0029539257126286666
гаврилович 3,506557897319982 0,004498470682899271
гейдар 3,912023005428146 0,005018631180793003
гематолог 4,605170185988092 0,005907851425257333
гемостаз 4,605170185988092 0,0029539257126286666
генсек 4,605170185988092 0,0029539257126286666
география 0,083381608939051 0,00021393613582822578
год 0,6348782724359695 0,001221702897567613
голуба 4,605170185988092 0,0029539257126286666
горбачев 4,605170185988092 0,0029539257126286666
горный 1,8971199848858813 0,0012168826073674672
город 0,3424903089467759 0,0026362307295454204
гостиница 4,605170185988092 0,005907851425257333
государственный 0,7765287894989963 0,014444730529487422
д 1,5141277326297755 0,0009712172755803563
далья 0,3566749439387324 0,0004575688825384636
два 0 0
двой 3,912023005428146 0,0025093155903965015
дворец 1,9661128563728327 0,0025222743507028
декабрь 0 0
демидовский 4,605170185988092 0,005907851425257333
день 1,3862943611198906 0,00088922024446433
депутат 2,995732273553991 0,0019215729785464983
деятель 1,5141277326297755 0,0009712172755803563
диагностика 4,605170185988092 0,0029539257126286666
динамо 3,2188758248682006 0,008258821872657345
дмитрия 2,120263536200091 0,0027200301939706104
добавить 1,0498221244986776 0,0020201836905041903
добро 1,8325814637483102 0,0011754852237000064
дом 1,3470736479666094 0,006048438445007227
достопримечательность 1,7147984280919266 0,0032998045441153174
драма 3,2188758248682006 0,004129410936328673
екатерина 2,5257286443082556 0,003240190691864343
екатеринбург 3,912023005428146 0,007527946771189504
железнодорожный 2,302585092994046 0,0029539257126286666
журнал 0 0
завернуть 4,605170185988092 0,0029539257126286666
завод 2,120263536200091 0,005440060387941221
заниматься 0 0
заново 3,912023005428146 0,0025093155903965015
западный 0,9942522733438669 0,0012755000299472313
запрос 0,1165338162559516 0,0002242472410313373
здание 1,8325814637483102 0,002350970447400013
землетрясение 3,2188758248682006 0,004129410936328673
зиновья 3,912023005428146 0,007527946771189504
змей 3,912023005428146 0,0025093155903965015
знаете 0,06187540371808745 7,937832420537197E-05
знак 0 0
золотой 1,4696759700589417 0,0009427042784213865
зрелище 4,605170185988092 0,005907851425257333
идти 2,995732273553991 0,0038431459570929965
избирательный 3,2188758248682006 0,0020647054681643363
избираться 4,605170185988092 0,0029539257126286666
избранный 0,083381608939051 0,00016045210187116932
избрать 0 0
изменение 0 0
изображение 0,06187540371808745 0,00015875664841074393
именоваться 2,995732273553991 0,0019215729785464983
имя 1,4271163556401458 0,005492429848518842
индустриальный 3,2188758248682006 0,004129410936328673
инициатива 2,659260036932778 0,0017057472975835649
институт 1,9661128563728327 0,0050445487014056
интервик 0,9675840262617057 0,0006206440194109722
иркутск 3,506557897319982 0,006747706024348907
искать 0 0
искусство 0,083381608939051 0,00032090420374233865
испания 1,7147984280919266 0,004399739392153756
использование 0 0
исследование 2,120263536200091 0,0013600150969853052
исследовательский 3,912023005428146 0,005018631180793003
исторический 1,2378743560016172 0,000794018188583462
история 0 0
источник 0 0
июнь 0 0
казахстан 2,5257286443082556 0,006480381383728686
каменогорск 3,912023005428146 0,005018631180793003
караул 3,912023005428146 0,0025093155903965015
категория 0 0
кафедра 3,506557897319982 0,0022492353414496355
кафедральный 2,995732273553991 0,0038431459570929965
кинотеатр 3,506557897319982 0,004498470682899271
китай 1,8971199848858813 0,0012168826073674672
китайский 1,171182981502945 0,002253719656516251
климат 2,302585092994046 0,0029539257126286666
клониться 4,605170185988092 0,0029539257126286666
клуб 1,7719568419318754 0,009092786873287365
ключевой 2,8134107167600364 0,0018046252192174704
ключик 4,605170185988092 0,0029539257126286666
км 0,8209805520698303 0,0005266071533481914
книга 0 0
книза 4,605170185988092 0,0029539257126286666
код 0 0
коллектив 3,2188758248682006 0,004129410936328673
комбинат 3,912023005428146 0,010037262361586006
комедия 3,912023005428146 0,005018631180793003
коммунальщик 4,605170185988092 0,005907851425257333
комплекс 1,8971199848858813 0,0012168826073674672
комсомольский 3,506557897319982 0,004498470682899271
константинович 2,995732273553991 0,0019215729785464983
корреспондент 3,506557897319982 0,004498470682899271
кпсс 3,912023005428146 0,005018631180793003
краеведческий 3,912023005428146 0,005018631180793003
краевой 3,506557897319982 0,008996941365798542
край 1,9661128563728327 0,018917057630271
красный 0,7765287894989963 0,0019923766247568857
крупный 1,4271163556401458 0,0018308099495062805
ксения 3,912023005428146 0,005018631180793003
кукла 4,605170185988092 0,008861777137886
культура 0,3566749439387324 0,0018302755301538543
культурный 1,5141277326297755 0,0009712172755803563
курамжин 3,912023005428146 0,005018631180793003
лебедь 4,605170185988092 0,0029539257126286666
ленина 3,506557897319982 0,004498470682899271
ленинский 3,506557897319982 0,004498470682899271
леонид 2,8134107167600364 0,0036092504384349407
лесной 3,506557897319982 0,004498470682899271
лететь 4,605170185988092 0,0029539257126286666
лечение 4,605170185988092 0,0029539257126286666
литература 1,1086626245216111 0,00142227405326698
литературный 2,659260036932778 0,0017057472975835649
личность 0,127833371509885 8,19970311160263E-05
лучевой 4,605170185988092 0,0029539257126286666
лучший 0 0
магазин 4,605170185988092 0,005907851425257333
мазик 4,605170185988092 0,005907851425257333
май 0 0
макарович 4,605170185988092 0,005907851425257333
малый 1,9661128563728327 0,0012611371753514
мария 1,6607312068216509 0,0021305082832862744
март 0 0
марта 0,3566749439387324 0,0009151377650769272
материал 0 0
мать 2,207274913189721 0,0014158273978125216
машиностроение 4,605170185988092 0,005907851425257333
мвд 4,605170185988092 0,005907851425257333
медицина 2,659260036932778 0,0017057472975835649
медицинский 3,2188758248682006 0,004129410936328673
меланжевый 4,605170185988092 0,005907851425257333
мерц 4,605170185988092 0,005907851425257333
место 0 0
метод 2,995732273553991 0,0019215729785464983
механизм 3,912023005428146 0,0025093155903965015
миро 0 0
михаил 1,5606477482646683 0,004004227705618135
многие 1,5606477482646683 0,0010010569264045338
мобильный 0 0
мой 0 0
мотор 4,605170185988092 0,005907851425257333
моча 0,16251892949777494 0,00010424562507875237
мочь 0,8209805520698303 0,0005266071533481914
музей 1,3093333199837622 0,005878982193641011
музыкальный 2,207274913189721 0,002831654795625043
наблюдение 2,8134107167600364 0,0018046252192174704
навигация 0 0
нагорный 3,2188758248682006 0,004129410936328673
нажать 0 0
название 0 0
найти 0 0
написать 0,9942522733438669 0,0006377500149736156
народный 1,8325814637483102 0,004701940894800026
нарушение 3,912023005428146 0,0025093155903965015
население 0,5108256237659907 0,0009829870887094112
населенный 3,912023005428146 0,0025093155903965015
настоящий 1,6094379124341003 0,0010323527340821682
наука 0,05129329438755048 0,0001645070378048444
научный 1,6094379124341003 0,0030970582022465045
находиться 0 0
начальник 2,995732273553991 0,0019215729785464983
начинать 0,1508228897345837 0,00019348670908862564
небось 4,605170185988092 0,0029539257126286666
некоммерческий 0 0
немец 3,506557897319982 0,0022492353414496355
несколький 2,659260036932778 0,0017057472975835649
нестеров 4,605170185988092 0,005907851425257333
николай 1,5141277326297755 0,0019424345511607126
никольский 2,995732273553991 0,0038431459570929965
новосибирск 3,2188758248682006 0,006194116404493009
новость 1,4271163556401458 0,002746214924259421
новый 0 0
ночь 3,2188758248682006 0,0020647054681643363
ноябрь 0 0
обзорный 2,8134107167600364 0,0018046252192174704
обломиться 4,605170185988092 0,0029539257126286666
обмоточка 4,605170185988092 0,0029539257126286666
образование 0,7339691750802005 0,0009415897050419505
образовательный 3,506557897319982 0,0022492353414496355
обсуждение 0 0
общественный 2,302585092994046 0,0014769628563143333
общество 0,07257069283483537 9,309902865277148E-05
обь 3,506557897319982 0,008996941365798542
обязательный 0 0
оглы 2,995732273553991 0,0019215729785464983
огонёк 4,605170185988092 0,0029539257126286666
одигитриевский 4,605170185988092 0,005907851425257333
один 0,843970070294529 0,0016240604303294336
озорной 4,605170185988092 0,0029539257126286666
оказание 3,912023005428146 0,0025093155903965015
океан 1,6607312068216509 0,0010652541416431372
округ 1,9661128563728327 0,0050445487014056
октябрь 0 0
октябрьский 3,506557897319982 0,004498470682899271
опекун 3,912023005428146 0,005018631180793003
описание 0 0
организация 0 0
орехов 4,605170185988092 0,005907851425257333
оркестр 3,912023005428146 0,007527946771189504
основать 1,2729656758128876 0,0008165270531192351
основной 0 0
особенный 3,506557897319982 0,0022492353414496355
оставлять 1,7719568419318754 0,0011365983591609206
ответственность 0 0
отдельный 0 0
отечественный 2,0402208285265546 0,0013086727572331972
отказ 0 0
открытие 2,5257286443082556 0,0016200953459321716
относиться 1,7147984280919266 0,001099934848038439
отпатрулировать 2,207274913189721 0,004247482193437565
отравление 4,605170185988092 0,005907851425257333
отсутствовать 0,05129329438755048 0,0001645070378048444
оценивание 0,1508228897345837 0,00019348670908862564
пава 3,912023005428146 0,005018631180793003
памятник 1,2039728043259361 0,006178179881082417
париж 2,659260036932778 0,0017057472975835649
парк 1,6094379124341003 0,005161763670410841
педагогический 3,506557897319982 0,004498470682899271
первоначальный 2,302585092994046 0,0014769628563143333
первый 0 0
передвижной 4,605170185988092 0,0029539257126286666
перейти 0 0
перекрестка 4,605170185988092 0,0029539257126286666
персоналия 0,07257069283483537 0,00027929708595831443
петров 2,995732273553991 0,0038431459570929965
петрович 2,407945608651872 0,003089089940541208
печать 0 0
пипуныров 4,605170185988092 0,005907851425257333
планетарий 4,605170185988092 0,005907851425257333
плодопитомник 4,605170185988092 0,005907851425257333
площадь 1,07880966137193 0,0013839764738575113
пн 0,127833371509885 0,0004919821866961577
побратим 3,2188758248682006 0,0020647054681643363
поволжье 4,605170185988092 0,0029539257126286666
подвергаться 2,995732273553991 0,0019215729785464983
подробный 0 0
пожаловать 1,7719568419318754 0,0011365983591609206
поиск 0 0
показать 1,2729656758128876 0,0008165270531192351
покровский 2,995732273553991 0,0038431459570929965
ползунов 4,605170185988092 0,011815702850514666
политбюро 4,605170185988092 0,005907851425257333
политик 0 0
получить 0 0
поляков 4,605170185988092 0,005907851425257333
помочь 0,127833371509885 0,0001639940622320526
помощь 0,127833371509885 0,00024599109334807887
поражение 2,8134107167600364 0,0018046252192174704
порт 1,8325814637483102 0,002350970447400013
портал 0 0
последний 0 0
посмотреть 0 0
пострадать 3,912023005428146 0,0025093155903965015
построить 1,4696759700589417 0,0009427042784213865
потревожить 4,605170185988092 0,0029539257126286666
править 0 0
правка 0 0
право 0,843970070294529 0,0010827069535529557
предлагать 0 0
предприятие 2,995732273553991 0,0019215729785464983
президент 1,3093333199837622 0,0016797091981831458
премьера 4,605170185988092 0,0029539257126286666
проблема 2,407945608651872 0,001544544970270604
провести 2,8134107167600364 0,0018046252192174704
проект 0 0
произойти 2,302585092994046 0,0014769628563143333
пройти 2,207274913189721 0,0014158273978125216
промышленность 2,659260036932778 0,0034114945951671297
промышленный 2,5257286443082556 0,0016200953459321716
проспект 2,995732273553991 0,007686291914185993
пункт 1,5606477482646683 0,0010010569264045338
пять 2,659260036932778 0,0017057472975835649
ра 3,912023005428146 0,005018631180793003
развитие 0,9416085398584451 0,0006039823860541662
раздел 0,9675840262617057 0,0006206440194109722
разработчик 0 0
район 1,171182981502945 0,006761158969548753
рамна 4,605170185988092 0,005907851425257333
ранея 2,5257286443082556 0,0016200953459321716
располагаться 2,207274913189721 0,0014158273978125216
расположить 0,9162907318741551 0,0011754852237000064
расшифровка 4,605170185988092 0,0029539257126286666
река 1,1086626245216111 0,00071113702663349
религия 0,083381608939051 0,00010696806791411289
рельеф 2,8134107167600364 0,0036092504384349407
республика 0,9416085398584451 0,0018119471581624985
речной 3,506557897319982 0,004498470682899271
родственный 0,21072103131565253 0,0001351642279125417
российский 1,0498221244986776 0,0006733945635013968
россия 0,7765287894989963 0,01045997727997365
ростовский 3,912023005428146 0,005018631180793003
рсфср 3,506557897319982 0,0022492353414496355
русский 0 0
рухнуть 4,605170185988092 0,0029539257126286666
садовод 4,605170185988092 0,005907851425257333
сарагоса 3,912023005428146 0,005018631180793003
сведение 0 0
свежий 0 0
свободный 0 0
связать 0 0
святой 1,4696759700589417 0,001885408556842773
сентябрь 0 0
сепсис 4,605170185988092 0,0029539257126286666
сергеевич 2,302585092994046 0,010338739994200334
сергей 1,8325814637483102 0,002350970447400013
сесть 3,912023005428146 0,0025093155903965015
сжигать 2,995732273553991 0,0019215729785464983
сибирь 2,995732273553991 0,0038431459570929965
сибэнергомаш 4,605170185988092 0,005907851425257333
символика 2,302585092994046 0,0029539257126286666
симфонический 4,605170185988092 0,005907851425257333
синьцзян 3,912023005428146 0,005018631180793003
сирота 4,605170185988092 0,005907851425257333
система 0 0
сказка 2,995732273553991 0,007686291914185993
скульптура 2,995732273553991 0,0019215729785464983
случай 0 0
случайный 0 0
смотреть 0 0
собор 1,9661128563728327 0,0025222743507028
событие 0 0
совет 2,302585092994046 0,0029539257126286666
советский 1,3470736479666094 0,0008640626350010323
содействие 3,912023005428146 0,0025093155903965015
содержание 0,1392620673335076 8,932781740443078E-05
создать 0 0
соломонович 3,912023005428146 0,007527946771189504
сообщество 0 0
состояние 1,7147984280919266 0,001099934848038439
состояться 2,207274913189721 0,0014158273978125216
сохранение 0 0
спать 3,506557897319982 0,0022492353414496355
список 0 0
спитакский 4,605170185988092 0,0029539257126286666
спорт 0,083381608939051 0,00037438823769939513
спорткомплекс 3,912023005428146 0,0025093155903965015
ссср 1,4271163556401458 0,002746214924259421
ссылаться 0 0
ссылка 0 0
стабильный 1,4271163556401458 0,0009154049747531403
стадион 2,995732273553991 0,0038431459570929965
станкостроительный 4,605170185988092 0,005907851425257333
станция 2,302585092994046 0,0029539257126286666
старик 4,605170185988092 0,005907851425257333
старухин 4,605170185988092 0,005907851425257333
статистик 0 0
статус 1,4271163556401458 0,0009154049747531403
стать 0,4620354595965586 0,0002963665552255026
статья 0 0
стихотворение 3,2188758248682006 0,0020647054681643363
столп 3,912023005428146 0,005018631180793003
страна 0,43078291609245434 0,00027632002315102904
страница 0 0
суток 3,2188758248682006 0,0020647054681643363
сша 0,9675840262617057 0,0031032200970548614
съесть 4,605170185988092 0,0029539257126286666
сюд 0 0
танец 3,506557897319982 0,0022492353414496355
театр 1,9661128563728327 0,0138725089288654
текст 0 0
терапевт 4,605170185988092 0,005907851425257333
техника 0,06187540371808745 7,937832420537197E-05
технический 2,659260036932778 0,0034114945951671297
технология 3,506557897319982 0,004498470682899271
течь 0 0
титовый 4,605170185988092 0,005907851425257333
томск 4,605170185988092 0,008861777137886
торжественный 3,2188758248682006 0,0020647054681643363
трамвай 2,8134107167600364 0,0036092504384349407
транспорт 0,9162907318741551 0,0005877426118500032
требовать 1,4696759700589417 0,0009427042784213865
троллейбус 2,995732273553991 0,0038431459570929965
тропический 3,506557897319982 0,0022492353414496355
тяжелый 4,605170185988092 0,0029539257126286666
уйгурский 4,605170185988092 0,005907851425257333
указатель 0 0
улан 3,912023005428146 0,007527946771189504
улица 1,8971199848858813 0,0073012956442048025
университет 1,3470736479666094 0,006912501080008258
университетский 3,2188758248682006 0,0020647054681643363
уничтожать 4,605170185988092 0,0029539257126286666
упоминаться 3,912023005428146 0,0025093155903965015
условие 0 0
устройство 1,3470736479666094 0,0008640626350010323
усть 2,995732273553991 0,0038431459570929965
участие 0 0
участник 0 0
учреждение 3,506557897319982 0,0022492353414496355
февраль 0 0
филармонический 4,605170185988092 0,0029539257126286666
филармония 4,605170185988092 0,023631405701029333
философия 0,09431067947124142 0,00012098868437619168
фильм 1,6094379124341003 0,0010323527340821682
флаг 0,8675005677047231 0,011128936083447378
флагстафф 4,605170185988092 0,005907851425257333
форма 1,6607312068216509 0,0010652541416431372
форум 0 0
фундаментальный 3,912023005428146 0,0025093155903965015
фуро 4,605170185988092 0,0029539257126286666
футбольный 1,9661128563728327 0,0025222743507028
хоккейный 3,912023005428146 0,015055893542379009
хотеть 2,302585092994046 0,0014769628563143333
храм 1,2729656758128876 0,002449581159357705
художественный 2,407945608651872 0,003089089940541208
художник 1,9661128563728327 0,0025222743507028
хх 1,2729656758128876 0,0008165270531192351
ца 4,605170185988092 0,008861777137886
центр 0,8915981192837835 0,0017157115829707188
центральный 1,2729656758128876 0,005715689371834646
церковь 1,4271163556401458 0,005492429848518842
цирковой 4,605170185988092 0,0029539257126286666
цк 4,605170185988092 0,005907851425257333
чернобыль 4,605170185988092 0,005907851425257333
чечен 4,605170185988092 0,0029539257126286666
чечеточка 4,605170185988092 0,0029539257126286666
численность 1,9661128563728327 0,0025222743507028
читать 0 0
чкалов 4,605170185988092 0,0029539257126286666
член 1,7147984280919266 0,0032998045441153174
членистоногий 3,912023005428146 0,0025093155903965015
чта 4,605170185988092 0,0029539257126286666
чувакин 4,605170185988092 0,005907851425257333
шаблон 0 0
шадрина 4,605170185988092 0,005907851425257333
шинный 4,605170185988092 0,005907851425257333
шпиль 3,912023005428146 0,005018631180793003
штат 1,7147984280919266 0,002199869696076878
штилька 4,605170185988092 0,005907851425257333
шукшина 4,605170185988092 0,005907851425257333
экономика 0,7550225842780328 0,001937197137339404
экстремальный 3,506557897319982 0,0022492353414496355
энциклопедия 0 0
юг 1,0216512475319812 0,000655324725806274
юридический 3,506557897319982 0,004498470682899271
ягодный 4,605170185988092 0,005907851425257333
яд 4,605170185988092 0,0029539257126286666
язык 0 0
яковлев 3,912023005428146 0,005018631180793003
яндекс 3,506557897319982 0,0022492353414496355
