абелья 3,912023005428146 0,009118934744587753
абурджание 4,605170185988092 0,01073466243820068
август 0 0
августа 0,843970070294529 0,001967296201152748
автономный 1,6607312068216509 0,0038711683142695825
административный 0,7133498878774648 0,002494230377193933
алфавит 0 0
английский 0,37106368139083196 0,0004324751531361678
апрель 0 0
арсенич 1,5606477482646683 0,003637873539078481
архив 0,3011050927839216 0,0014037533463119888
архитектура 1,1086626245216111 0,0025842951620550377
астурия 3,506557897319982 0,020434486581118776
атлантический 1,9661128563728327 0,009166027302437449
безопасный 4,605170185988092 0,00536733121910034
берег 1,6094379124341003 0,0018758017627437066
бискайский 3,912023005428146 0,0045594673722938765
благодаря 1,8325814637483102 0,0021358758318744875
бранданзиние 3,912023005428146 0,009118934744587753
бухта 3,2188758248682006 0,003751603525487413
варес 4,605170185988092 0,00536733121910034
васкес 4,605170185988092 0,01073466243820068
вдаваться 4,605170185988092 0,00536733121910034
версия 0 0
виго 4,605170185988092 0,01073466243820068
вики 1,6094379124341003 0,0018758017627437066
википедия 0 0
вильяр 3,506557897319982 0,00817379463244751
висо 3,912023005428146 0,009118934744587753
вклад 0 0
влияние 2,302585092994046 0,00268366560955017
вод 1,8971199848858813 0,002211095553480048
восток 0,7985076962177716 0,0009306616506034634
впадать 3,506557897319982 0,004086897316223755
вручить 2,120263536200091 0,002471169622610829
выдаваться 2,407945608651872 0,00280646341334717
высокий 1,8971199848858813 0,002211095553480048
высота 1,9661128563728327 0,002291506825609362
гавань 4,605170185988092 0,00536733121910034
галиса 4,605170185988092 0,00536733121910034
галисийский 4,605170185988092 0,01073466243820068
галисия 3,912023005428146 0,27812750970992645
география 0,083381608939051 0,00038872544959930535
георгия 2,5257286443082556 0,0058874793573619015
герб 0,7133498878774648 0,001662820251462622
гильерма 4,605170185988092 0,01073466243820068
глубокий 2,8134107167600364 0,0032790334694172917
гомес 3,2188758248682006 0,007503207050974826
гор 1,5141277326297755 0,0017647176370976406
горан 3,506557897319982 0,00817379463244751
гордость 4,605170185988092 0,00536733121910034
горный 1,8971199848858813 0,004422191106960096
город 0,3424903089467759 0,0011975185627509646
граничить 1,1394342831883648 0,0013280119850680244
давид 3,506557897319982 0,00817379463244751
далья 0,3566749439387324 0,0004157050628656555
данный 0,1508228897345837 0,00017578425376991105
два 0 0
де 1,1394342831883648 0,007968071910408145
декабрь 0 0
деление 0,9675840262617057 0,003383160930984985
дерево 1,7147984280919266 0,001998599566540707
дождливый 4,605170185988092 0,00536733121910034
долина 2,120263536200091 0,002471169622610829
домингуш 3,912023005428146 0,009118934744587753
дополнить 1,5141277326297755 0,0017647176370976406
дос 3,912023005428146 0,009118934744587753
достопримечательность 1,7147984280919266 0,005995798699622121
драга 4,605170185988092 0,01073466243820068
дуарт 3,912023005428146 0,009118934744587753
европейский 1,1086626245216111 0,0012921475810275188
журнал 0 0
залив 2,207274913189721 0,010290325935616415
заниматься 0 0
запад 0,9162907318741551 0,0021358758318744875
западный 0,9942522733438669 0,0011588021833844602
запрос 0,1165338162559516 0,0002716405973332205
заслуга 2,0402208285265546 0,004755759507054906
звезда 1,8325814637483102 0,0021358758318744875
зима 4,605170185988092 0,01073466243820068
знаете 0,06187540371808745 0,00014423171029857214
знак 0 0
избранный 0,083381608939051 0,000291544087199479
избрать 0 0
извилистый 4,605170185988092 0,00536733121910034
издавный 4,605170185988092 0,00536733121910034
изменение 0 0
изображение 0,06187540371808745 7,211585514928607E-05
икер 4,605170185988092 0,01073466243820068
иметь 0,616186139423817 0,0007181656636641223
интервик 0,9675840262617057 0,0011277203103283284
искать 0 0
искусство 0,083381608939051 0,00019436272479965268
исп 1,9661128563728327 0,002291506825609362
испания 1,7147984280919266 0,025981794365029193
испанский 0,49429632181478017 0,002304411756712262
испанско 2,5257286443082556 0,0058874793573619015
использование 0 0
исторический 1,2378743560016172 0,0014427440046638894
история 0 0
источник 0 0
июль 0,9162907318741551 0,005339689579686219
июнь 0 0
какой 1,8971199848858813 0,002211095553480048
калдейрад 4,605170185988092 0,01073466243820068
канатларовский 4,605170185988092 0,01073466243820068
кастилия 2,995732273553991 0,017457647281783166
категория 0 0
кб 3,2188758248682006 0,007503207050974826
кевин 3,506557897319982 0,00817379463244751
кинделан 4,605170185988092 0,01073466243820068
климат 2,302585092994046 0,00268366560955017
км 0,8209805520698303 0,0009568537902911776
книга 0 0
код 0 0
компостел 4,605170185988092 0,01073466243820068
консейсан 3,912023005428146 0,009118934744587753
королевство 1,6094379124341003 0,0018758017627437066
корунья 4,605170185988092 0,00536733121910034
который 0,9162907318741551 0,0010679379159372437
крайний 2,5257286443082556 0,0029437396786809508
крупнейший 1,2039728043259361 0,0014032317066735853
культура 0,3566749439387324 0,000831410125731311
ла 2,120263536200091 0,002471169622610829
лабиринт 4,605170185988092 0,00536733121910034
ларральда 4,605170185988092 0,01073466243820068
лембей 4,605170185988092 0,01073466243820068
леон 2,120263536200091 0,012355848113054145
лето 3,2188758248682006 0,007503207050974826
лечебный 4,605170185988092 0,00536733121910034
личность 0,127833371509885 0,00014898994348471446
лодка 2,5257286443082556 0,0029437396786809508
лопес 2,8134107167600364 0,006558066938834583
лосада 4,605170185988092 0,01073466243820068
луис 2,659260036932778 0,00619874134483165
лучший 0 0
май 0 0
мари 3,506557897319982 0,00817379463244751
март 0 0
марта 0,3566749439387324 0,0012471151885969664
мартинес 3,506557897319982 0,00817379463244751
материал 0 0
материк 2,8134107167600364 0,0032790334694172917
место 0 0
милоевич 3,506557897319982 0,00817379463244751
миньо 4,605170185988092 0,01073466243820068
миро 0 0
многие 1,5606477482646683 0,0018189367695392404
многочисленный 2,659260036932778 0,003099370672415825
множество 2,5257286443082556 0,0058874793573619015
мобильный 0 0
мой 0 0
моча 0,16251892949777494 0,00018941600174565844
мыс 4,605170185988092 0,00536733121910034
мягкий 4,605170185988092 0,00536733121910034
навигация 0 0
награда 1,3470736479666094 0,00157001590672099
нажать 0 0
название 0 0
называть 1,6607312068216509 0,0019355841571347912
найти 0 0
написать 0,9942522733438669 0,0011588021833844602
направление 1,8325814637483102 0,0021358758318744875
наука 0,05129329438755048 0,00011956478878216896
находиться 0 0
национальный 0,7550225842780328 0,0017599594039114984
начать 0,38566248081198473 0,008989801417528783
начинать 0,1508228897345837 0,0003515685075398221
неделя 1,5141277326297755 0,005294152911292921
некоммерческий 0 0
новый 0 0
ноябрь 0 0
образовать 1,6607312068216509 0,0019355841571347912
обсуждение 0 0
общество 0,07257069283483537 0,0001691624541604554
обязательный 0 0
овраг 4,605170185988092 0,00536733121910034
океан 1,6607312068216509 0,007742336628539165
октябрь 0 0
омываться 2,302585092994046 0,00268366560955017
описание 0 0
организация 0 0
орден 1,5141277326297755 0,003529435274195281
ортегаль 4,605170185988092 0,00536733121910034
оскар 2,5257286443082556 0,0058874793573619015
основной 0 0
особенность 2,8134107167600364 0,0032790334694172917
ответственность 0 0
отдельный 0 0
отказ 0 0
отличаться 3,506557897319982 0,004086897316223755
отсутствовать 0,05129329438755048 0,00017934718317325342
оценивание 0,1508228897345837 0,0003515685075398221
очертание 3,506557897319982 0,004086897316223755
пабло 2,995732273553991 0,0069830589127132655
первый 0 0
перевести 1,7719568419318754 0,0020652177644893653
перейти 0 0
пересекать 3,506557897319982 0,004086897316223755
персоналия 0,07257069283483537 0,00042290613540113856
печать 0 0
пиренейский 3,506557897319982 0,004086897316223755
пн 0,127833371509885 0,0005959597739388578
подробный 0 0
поиск 0 0
политик 0 0
полуостров 1,9661128563728327 0,002291506825609362
получить 0 0
пользоваться 1,9661128563728327 0,002291506825609362
помочь 0,127833371509885 0,00014898994348471446
помощь 0,127833371509885 0,00014898994348471446
понижаться 4,605170185988092 0,00536733121910034
портал 0 0
португалия 2,659260036932778 0,015496853362079127
португальский 0,49429632181478017 0,0005761029391780655
последний 0 0
посмотреть 0 0
правило 1,4696759700589417 0,0017129090560127525
правитель 2,659260036932778 0,00619874134483165
править 0 0
правка 0 0
практический 1,8971199848858813 0,002211095553480048
превосходный 4,605170185988092 0,00536733121910034
предлагать 0 0
представлять 1,6607312068216509 0,0019355841571347912
прибрежный 2,8134107167600364 0,0032790334694172917
проект 0 0
пункт 1,5606477482646683 0,003637873539078481
равно 3,912023005428146 0,0045594673722938765
разветвление 4,605170185988092 0,00536733121910034
развитие 0,9416085398584451 0,0010974458506508684
раздел 0,9675840262617057 0,0011277203103283284
разработка 1,07880966137193 0,0037720617530487065
разработчик 0 0
регион 0,9942522733438669 0,0023176043667689204
редактор 2,207274913189721 0,002572581483904104
рейд 3,2188758248682006 0,003751603525487413
река 1,1086626245216111 0,0064607379051375945
рекарта 3,912023005428146 0,009118934744587753
религия 0,083381608939051 0,00019436272479965268
рибейр 4,605170185988092 0,00536733121910034
родственный 0,21072103131565253 0,00024559560759400065
русский 0 0
самый 0,5447271754416719 0,0006348801578574265
сантос 3,912023005428146 0,009118934744587753
сантьяго 3,912023005428146 0,009118934744587753
саэнс 3,912023005428146 0,009118934744587753
сведение 0 0
свежий 0 0
свободный 0 0
свой 1,4696759700589417 0,0017129090560127525
связать 0 0
север 1,0216512475319812 0,0011907357197342438
северо 1,6094379124341003 0,0018758017627437066
сентябрь 0 0
система 0 0
славиться 3,912023005428146 0,0045594673722938765
случай 0 0
случайный 0 0
смотреть 0 0
событие 0 0
содержание 0,1392620673335076 0,00016231010178730489
создать 0 0
сообщество 0 0
состоять 1,7719568419318754 0,0020652177644893653
сохранение 0 0
список 0 0
спорт 0,083381608939051 0,00038872544959930535
среди 1,4696759700589417 0,0017129090560127525
средний 1,8971199848858813 0,004422191106960096
ссылаться 0 0
ссылка 0 0
статистик 0 0
стать 0,4620354595965586 0,0005385028666626558
статья 0 0
столица 0,7985076962177716 0,0009306616506034634
страница 0 0
существенный 2,0402208285265546 0,002377879753527453
считать 1,8325814637483102 0,0021358758318744875
сюд 0 0
текст 0 0
тельес 3,506557897319982 0,00817379463244751
тема 0,7550225842780328 0,0008799797019557492
тематика 1,7147984280919266 0,001998599566540707
температура 3,506557897319982 0,00817379463244751
термальный 4,605170185988092 0,00536733121910034
терраса 3,912023005428146 0,0045594673722938765
территория 0,8675005677047231 0,0010110729227327774
техника 0,06187540371808745 0,00014423171029857214
течь 0 0
тоня 2,995732273553991 0,0069830589127132655
торрес 3,912023005428146 0,009118934744587753
транскрипция 2,120263536200091 0,002471169622610829
указатель 0 0
улучшить 1,6607312068216509 0,0019355841571347912
умеренный 3,912023005428146 0,0045594673722938765
усеять 4,605170185988092 0,00536733121910034
условие 0 0
участие 0 0
участник 0 0
февраль 0 0
фелип 3,506557897319982 0,00817379463244751
ферроль 4,605170185988092 0,00536733121910034
философия 0,09431067947124142 0,00021983841368587742
финистерр 4,605170185988092 0,00536733121910034
форум 0 0
французский 0,23572233352106994 0,0002747346544534615
характеризоваться 2,8134107167600364 0,0032790334694172917
холм 4,605170185988092 0,00536733121910034
хорхе 3,506557897319982 0,00817379463244751
хуан 2,407945608651872 0,01122585365338868
целый 1,7719568419318754 0,0020652177644893653
цепь 3,912023005428146 0,0045594673722938765
часть 0,5978370007556204 0,0006967797211603967
читать 0 0
шаблон 0 0
эдуардо 3,2188758248682006 0,007503207050974826
экология 2,995732273553991 0,0034915294563566328
элемент 0,19845093872383823 0,0004625896007548677
энциклопедия 0 0
эстак 4,605170185988092 0,00536733121910034
юг 1,0216512475319812 0,0011907357197342438
юго 1,171182981502945 0,0013650151299568125
являться 0,3424903089467759 0,00039917285425032157
язык 0 0
январь 0,6733445532637655 0,0007847838616127803
