август 0 0
августа 0,843970070294529 0,0056588031533158075
адирондак 4,605170185988092 0,00882216510725688
акведук 4,605170185988092 0,01323324766088532
аквилей 4,605170185988092 0,00882216510725688
аккра 3,912023005428146 0,007494296945264647
активность 3,912023005428146 0,0037471484726323235
актуальный 3,912023005428146 0,0037471484726323235
алфавит 0 0
альп 3,912023005428146 0,0037471484726323235
альт 4,605170185988092 0,01764433021451376
амфитеатр 3,912023005428146 0,007494296945264647
англ 1,0498221244986776 0,0010055767476040973
английский 0,37106368139083196 0,0003554249821751264
андрей 1,2039728043259361 0,002306461310969226
апрель 0 0
арабский 0,38566248081198473 0,0003694085065248896
армянский 1,8325814637483102 0,0017553462296439751
архангел 4,605170185988092 0,00882216510725688
архелая 4,605170185988092 0,00882216510725688
архитектура 1,1086626245216111 0,004247749519239889
ашанти 3,506557897319982 0,003358771932298833
базилик 3,2188758248682006 0,006166428783272415
баня 3,506557897319982 0,006717543864597666
бартоломие 4,605170185988092 0,00882216510725688
бахрейн 3,506557897319982 0,006717543864597666
башня 2,8134107167600364 0,010779351405210866
бен 2,407945608651872 0,0023064613109692257
биби 3,912023005428146 0,007494296945264647
битва 1,8971199848858813 0,001817164736480729
близ 2,5257286443082556 0,0024192803106400916
бог 2,0402208285265546 0,003908469020165813
бой 1,8971199848858813 0,001817164736480729
большой 1,1086626245216111 0,003185812139429917
бондарь 2,207274913189721 0,004228496002279159
бразилие 3,912023005428146 0,007494296945264647
брюн 3,912023005428146 0,007494296945264647
бут 4,605170185988092 0,00882216510725688
бывать 2,8134107167600364 0,0026948378513027165
васко 3,912023005428146 0,007494296945264647
введение 1,3470736479666094 0,002580600858173581
везувий 3,506557897319982 0,010076315796896499
век 0,5108256237659907 0,003425076021419478
великан 4,605170185988092 0,00441108255362844
великобритания 1,6607312068216509 0,003181477407704312
венгерский 1,9661128563728327 0,0018832498624260848
версия 0 0
вестись 3,2188758248682006 0,0030832143916362073
викидим 4,605170185988092 0,00882216510725688
википедия 0 0
викисклад 0,5798184952529422 0,0005553817004338526
вилль 3,506557897319982 0,006717543864597666
вклад 0 0
включить 2,995732273553991 0,002869475357810336
влияние 2,302585092994046 0,00220554127681422
вмест 1,8971199848858813 0,001817164736480729
внести 2,5257286443082556 0,0024192803106400916
вновь 2,8134107167600364 0,0026948378513027165
вовс 3,912023005428146 0,0037471484726323235
война 0,7133498878774648 0,002049855999647887
вольт 3,506557897319982 0,006717543864597666
ворот 2,8134107167600364 0,005389675702605433
восходить 3,912023005428146 0,0037471484726323235
всемирный 1,6607312068216509 0,0684017642656427
вулкан 2,8134107167600364 0,0026948378513027165
вулканический 3,2188758248682006 0,0030832143916362073
входить 1,2378743560016172 0,0023714068122636343
высокий 1,8971199848858813 0,001817164736480729
вычеркнуть 4,605170185988092 0,00441108255362844
гам 3,912023005428146 0,007494296945264647
географический 2,302585092994046 0,00441108255362844
геология 2,659260036932778 0,0025471839434222008
геракл 4,605170185988092 0,00882216510725688
герион 4,605170185988092 0,00882216510725688
геркуланум 4,605170185988092 0,00441108255362844
герой 2,120263536200091 0,0020309037703066003
глава 2,120263536200091 0,0020309037703066003
говорят 3,912023005428146 0,0037471484726323235
год 0,6348782724359695 0,0006081209506091661
город 0,3424903089467759 0,003936670217779033
городской 2,120263536200091 0,0020309037703066003
господство 3,912023005428146 0,0037471484726323235
государство 0,6733445532637655 0,0012899320943750296
гранд 3,2188758248682006 0,0030832143916362073
грек 2,995732273553991 0,005738950715620672
греча 1,9661128563728327 0,0018832498624260848
греческий 1,4271163556401458 0,004100909067931454
гробница 3,2188758248682006 0,006166428783272415
далья 0,3566749439387324 0,0003416426666079812
данный 0,1508228897345837 0,00014446636947757058
дать 2,5257286443082556 0,0024192803106400916
два 0 0
двести 3,912023005428146 0,0037471484726323235
де 1,1394342831883648 0,003274236445943577
декабрь 0 0
деление 0,9675840262617057 0,0009268046228560399
десятый 4,605170185988092 0,00441108255362844
джавинди 4,605170185988092 0,00882216510725688
джон 2,302585092994046 0,00441108255362844
джордж 2,407945608651872 0,0046129226219384515
династия 2,0402208285265546 0,0019542345100829065
длинный 2,995732273553991 0,002869475357810336
добавить 1,0498221244986776 0,0010055767476040973
дождь 3,912023005428146 0,0037471484726323235
доисторический 2,659260036932778 0,0025471839434222008
долина 2,120263536200091 0,0020309037703066003
доломитовый 4,605170185988092 0,00441108255362844
дом 1,3470736479666094 0,0012903004290867905
дорический 4,605170185988092 0,00441108255362844
древний 1,4696759700589417 0,002815471207009467
дрезден 3,912023005428146 0,01873574236316162
другой 2,5257286443082556 0,0024192803106400916
единственный 1,3470736479666094 0,0012903004290867905
журнал 0 0
завоевать 2,995732273553991 0,002869475357810336
задача 2,995732273553991 0,002869475357810336
замок 2,5257286443082556 0,004838560621280183
занести 2,5257286443082556 0,0024192803106400916
заниматься 0 0
западный 0,9942522733438669 0,0019046978416549173
заповедник 2,302585092994046 0,00441108255362844
захват 3,912023005428146 0,007494296945264647
здание 1,8325814637483102 0,0017553462296439751
знаете 0,06187540371808745 5,9267628082459245E-05
знак 0 0
значимость 2,995732273553991 0,002869475357810336
иврит 1,6607312068216509 0,001590738703852156
избирательный 3,2188758248682006 0,0030832143916362073
избранный 0,083381608939051 7,986744151250096E-05
избрать 0 0
извержение 3,912023005428146 0,0037471484726323235
известно 3,2188758248682006 0,0030832143916362073
известный 0,7765287894989963 0,0007438015225086171
изменение 0 0
изображение 0,06187540371808745 5,9267628082459245E-05
илла 1,3862943611198906 0,003983604485976697
интересоваться 3,506557897319982 0,003358771932298833
ирландия 2,8134107167600364 0,005389675702605433
искать 0 0
исп 1,9661128563728327 0,0018832498624260848
испанский 0,49429632181478017 0,0009469278195685443
использование 0 0
использоваться 1,4696759700589417 0,0014077356035047334
исторический 1,2378743560016172 0,005928517030659086
история 0 0
источник 0 0
итал 2,995732273553991 0,002869475357810336
италия 1,8325814637483102 0,0017553462296439751
итальянский 0,7339691750802005 0,0014060712166287365
ичерить 4,605170185988092 0,00882216510725688
июль 0,9162907318741551 0,0008776731148219876
июнь 0 0
каир 3,506557897319982 0,006717543864597666
кампания 2,659260036932778 0,007641551830266603
каньон 4,605170185988092 0,00441108255362844
капуя 4,605170185988092 0,00441108255362844
карабахский 3,912023005428146 0,007494296945264647
каракуль 4,605170185988092 0,00882216510725688
каролинг 4,605170185988092 0,00441108255362844
карта 1,7147984280919266 0,0032850544599462195
карфаген 3,506557897319982 0,006717543864597666
категория 0 0
кельтский 3,506557897319982 0,003358771932298833
кит 3,506557897319982 0,003358771932298833
китайский 1,171182981502945 0,0011218227792173803
книга 0 0
код 0 0
кожа 3,2188758248682006 0,006166428783272415
колониальный 2,659260036932778 0,0025471839434222008
колонизация 2,995732273553991 0,002869475357810336
колумба 3,912023005428146 0,007494296945264647
комитет 2,659260036932778 0,0025471839434222008
конец 1,4271163556401458 0,0013669696893104843
координата 4,605170185988092 0,00882216510725688
корбюзье 4,605170185988092 0,00882216510725688
корреляционный 4,605170185988092 0,00882216510725688
который 0,9162907318741551 0,0008776731148219876
красный 0,7765287894989963 0,0014876030450172342
крепость 1,9661128563728327 0,0018832498624260848
кровопролитный 3,912023005428146 0,0037471484726323235
культура 0,3566749439387324 0,0003416426666079812
культурный 1,5141277326297755 0,0029006278402869262
кума 4,605170185988092 0,00441108255362844
куртен 4,605170185988092 0,00882216510725688
ла 2,120263536200091 0,0020309037703066003
лат 1,8325814637483102 0,0017553462296439751
ле 3,2188758248682006 0,006166428783272415
легенда 2,995732273553991 0,002869475357810336
ленский 4,605170185988092 0,00882216510725688
лето 3,2188758248682006 0,0030832143916362073
лоршский 4,605170185988092 0,00882216510725688
лс 4,605170185988092 0,00441108255362844
лучший 0 0
любек 4,605170185988092 0,00882216510725688
май 0 0
макли 4,605170185988092 0,00882216510725688
малеин 4,605170185988092 0,00882216510725688
марокко 3,506557897319982 0,006717543864597666
март 0 0
марта 0,3566749439387324 0,0003416426666079812
материал 0 0
медиафайл 1,6094379124341003 0,0015416071958181037
местный 1,8971199848858813 0,001817164736480729
место 0 0
миро 0 0
мировой 1,2039728043259361 0,002306461310969226
михаил 1,5606477482646683 0,005979493288370377
михалица 4,605170185988092 0,00882216510725688
мобильный 0 0
мой 0 0
монастырь 1,8325814637483102 0,0035106924592879503
мочь 0,8209805520698303 0,000786379839147347
музей 1,3093333199837622 0,001254150689639619
н 1,4696759700589417 0,0168928272420568
навигация 0 0
нажать 0 0
название 0 0
найти 0 0
наследие 1,5606477482646683 0,06726929949416674
наурзумский 4,605170185988092 0,00882216510725688
наурыз 4,605170185988092 0,00882216510725688
находиться 0 0
начать 0,38566248081198473 0,007388170130497791
начаться 2,207274913189721 0,0021142480011395793
неап 4,605170185988092 0,00441108255362844
неаполь 3,912023005428146 0,007494296945264647
небо 2,207274913189721 0,0021142480011395793
недавний 2,8134107167600364 0,0026948378513027165
некоммерческий 0 0
некоторый 3,2188758248682006 0,0030832143916362073
нематериальный 3,506557897319982 0,006717543864597666
немецкий 0,5108256237659907 0,0004892965744884969
необходимый 2,8134107167600364 0,0026948378513027165
новое 3,506557897319982 0,003358771932298833
новый 0 0
нола 4,605170185988092 0,00441108255362844
норвегия 2,995732273553991 0,005738950715620672
ночной 2,995732273553991 0,005738950715620672
ноябрь 0 0
нын 1,8971199848858813 0,001817164736480729
область 0,7765287894989963 0,0007438015225086171
обсуждение 0 0
объект 1,6607312068216509 0,00795369351926078
обязательный 0 0
округ 1,9661128563728327 0,0018832498624260848
октябрь 0 0
описание 0 0
организация 0 0
орион 4,605170185988092 0,00882216510725688
оскар 2,5257286443082556 0,0024192803106400916
оскароносный 4,605170185988092 0,00441108255362844
оскский 4,605170185988092 0,00441108255362844
основание 2,8134107167600364 0,005389675702605433
основать 1,2729656758128876 0,0012193157814299688
основной 0 0
особа 3,506557897319982 0,003358771932298833
осок 4,605170185988092 0,00441108255362844
остров 1,2039728043259361 0,001153230655484613
ответственность 0 0
отдельный 0 0
отказ 0 0
открытый 2,995732273553991 0,002869475357810336
отношение 1,4696759700589417 0,0014077356035047334
оформление 3,912023005428146 0,0037471484726323235
памятник 1,2039728043259361 0,004612922621938452
панорама 3,506557897319982 0,003358771932298833
парк 1,6094379124341003 0,004624821587454311
пепел 3,506557897319982 0,003358771932298833
первый 0 0
перейти 0 0
период 1,3093333199837622 0,001254150689639619
петроглиф 4,605170185988092 0,00441108255362844
печать 0 0
пн 0,127833371509885 0,0002448915163024617
победить 2,5257286443082556 0,0024192803106400916
подвиг 3,912023005428146 0,0037471484726323235
подземный 3,506557897319982 0,006717543864597666
подробный 0 0
поиск 0 0
показать 1,2729656758128876 0,0012193157814299688
политик 0 0
получить 0 0
помпей 2,995732273553991 0,017216852146862017
помпеть 3,506557897319982 0,006717543864597666
попасть 2,5257286443082556 0,0024192803106400916
популяризация 3,2188758248682006 0,0030832143916362073
популярный 2,120263536200091 0,0020309037703066003
портал 0 0
поселение 2,0402208285265546 0,00586270353024872
последний 0 0
посмотреть 0 0
построить 1,4696759700589417 0,002815471207009467
править 0 0
правка 0 0
предлагать 0 0
премия 1,8325814637483102 0,0017553462296439751
приблизиться 4,605170185988092 0,00441108255362844
признать 1,7147984280919266 0,0016425272299731097
примечательный 2,0402208285265546 0,0019542345100829065
принадлежать 2,407945608651872 0,0023064613109692257
приоритетный 3,912023005428146 0,0037471484726323235
природа 1,07880966137193 0,0010333425875210056
природный 2,407945608651872 0,006919383932907678
проект 0 0
произойти 2,302585092994046 0,00220554127681422
пройти 2,207274913189721 0,0021142480011395793
проходить 1,5141277326297755 0,0029006278402869262
прошествовать 4,605170185988092 0,00441108255362844
пустынь 2,8134107167600364 0,0026948378513027165
пустыня 2,407945608651872 0,0023064613109692257
пять 2,659260036932778 0,0025471839434222008
работа 0,9942522733438669 0,0009523489208274587
разгром 3,912023005428146 0,0037471484726323235
разгромить 3,912023005428146 0,0037471484726323235
разработка 1,07880966137193 0,003100027762563017
разработчик 0 0
разрушиться 4,605170185988092 0,00441108255362844
ранний 1,8971199848858813 0,001817164736480729
раскопка 3,2188758248682006 0,0030832143916362073
регион 0,9942522733438669 0,0038093956833098346
результат 1,4696759700589417 0,002815471207009467
республика 0,9416085398584451 0,0018038477775065996
реставрация 3,2188758248682006 0,006166428783272415
рим 2,5257286443082556 0,0024192803106400916
рима 3,506557897319982 0,003358771932298833
римский 2,407945608651872 0,009225845243876903
рисунок 3,2188758248682006 0,009249643174908622
родной 2,407945608651872 0,0023064613109692257
родственный 0,21072103131565253 0,000201840068310012
россия 0,7765287894989963 0,0014876030450172342
русский 0 0
самнит 4,605170185988092 0,01323324766088532
самнитский 4,605170185988092 0,00441108255362844
самый 0,5447271754416719 0,0005217693251357011
сведение 0 0
свежий 0 0
свидетельствовать 3,506557897319982 0,003358771932298833
свободный 0 0
связать 0 0
северный 1,1086626245216111 0,0021238747596199446
сентябрь 0 0
сессия 4,605170185988092 0,00882216510725688
сила 0,9416085398584451 0,0009019238887532998
сиракуза 3,912023005428146 0,0037471484726323235
система 0 0
скорее 3,2188758248682006 0,0030832143916362073
слабый 3,2188758248682006 0,0030832143916362073
слияние 4,605170185988092 0,00441108255362844
слой 2,8134107167600364 0,0026948378513027165
случай 0 0
случайный 0 0
смешать 3,2188758248682006 0,0030832143916362073
смотреть 0 0
событие 0 0
совершение 4,605170185988092 0,00441108255362844
совместный 2,120263536200091 0,0020309037703066003
современный 1,0216512475319812 0,0009785931489769935
согласно 1,8971199848858813 0,001817164736480729
создать 0 0
сообщество 0 0
состояние 1,7147984280919266 0,0016425272299731097
сохранение 0 0
сохраниться 2,120263536200091 0,004061807540613201
союз 1,4696759700589417 0,0014077356035047334
союзник 3,2188758248682006 0,0030832143916362073
список 0 0
ссылаться 0 0
ссылка 0 0
старейший 2,995732273553991 0,002869475357810336
старый 2,207274913189721 0,004228496002279159
статистик 0 0
стать 0,4620354595965586 0,00044256270076298716
статья 0 0
стен 2,207274913189721 0,0021142480011395793
столб 3,506557897319982 0,006717543864597666
столкновение 3,912023005428146 0,0037471484726323235
сторона 1,7719568419318754 0,001697276668517122
страна 0,43078291609245434 0,000825254628529606
страница 0 0
строение 2,407945608651872 0,0023064613109692257
строитель 2,995732273553991 0,002869475357810336
существовать 1,4271163556401458 0,0013669696893104843
сюд 0 0
текст 0 0
теория 1,8971199848858813 0,003634329472961458
течь 0 0
тира 4,605170185988092 0,00882216510725688
торг 3,506557897319982 0,006717543864597666
торжественный 3,2188758248682006 0,0030832143916362073
традиционный 1,8971199848858813 0,001817164736480729
триумфальный 3,912023005428146 0,0037471484726323235
турист 3,912023005428146 0,0037471484726323235
тысячелетие 2,8134107167600364 0,0026948378513027165
уильям 2,302585092994046 0,00441108255362844
указатель 0 0
указать 2,407945608651872 0,0046129226219384515
условие 0 0
устный 4,605170185988092 0,00882216510725688
устье 3,912023005428146 0,0037471484726323235
уцелеть 3,2188758248682006 0,0030832143916362073
участие 0 0
участник 0 0
участок 2,5257286443082556 0,0024192803106400916
февраль 0 0
фильм 1,6094379124341003 0,0015416071958181037
фон 1,9661128563728327 0,0018832498624260848
формирование 2,995732273553991 0,002869475357810336
форт 2,8134107167600364 0,005389675702605433
форум 0 0
фр 2,407945608651872 0,0023064613109692257
французский 0,23572233352106994 0,0004515753515729309
фрурарх 4,605170185988092 0,00882216510725688
хадашт 3,2188758248682006 0,006166428783272415
ход 1,6607312068216509 0,001590738703852156
храм 1,2729656758128876 0,0012193157814299688
центральный 1,2729656758128876 0,0024386315628599376
церковь 1,4271163556401458 0,005467878757241937
чакил 4,605170185988092 0,00882216510725688
человек 1,1394342831883648 0,002182824297295718
человечество 2,5257286443082556 0,004838560621280183
честь 1,8325814637483102 0,0017553462296439751
число 1,3470736479666094 0,003870901287260372
чрезмерный 4,605170185988092 0,00441108255362844
шаблон 0 0
шамансемный 2,8134107167600364 0,005389675702605433
шедевр 3,912023005428146 0,007494296945264647
шествие 3,912023005428146 0,0037471484726323235
шехер 4,605170185988092 0,00882216510725688
э 2,0402208285265546 0,02345081412099488
экологический 2,995732273553991 0,002869475357810336
экология 2,995732273553991 0,002869475357810336
элемент 0,19845093872383823 0,0003801742121146326
энциклопедия 0 0
эпоха 2,120263536200091 0,0020309037703066003
этруск 4,605170185988092 0,01323324766088532
юг 1,0216512475319812 0,0009785931489769935
юнеско 2,0402208285265546 0,009771172550414533
являться 0,3424903089467759 0,0006561117029631722
язык 0 0
яй 1,7147984280919266 0,0016425272299731097
якутский 4,605170185988092 0,00441108255362844
январь 0,6733445532637655 0,0006449660471875148
японский 1,4696759700589417 0,0014077356035047334
