абелья 3,912023005428146 0,006815371089596073
август 0 0
августа 0,843970070294529 0,000735165566458649
автономный 1,6607312068216509 0,008679779826593995
административный 0,7133498878774648 0,0012427698395077783
алфавит 0 0
альварес 3,912023005428146 0,006815371089596073
алькаида 4,605170185988092 0,008022944574892147
алькубьерра 4,605170185988092 0,008022944574892147
английский 0,37106368139083196 0,00032322620330211844
андалузский 4,605170185988092 0,008022944574892147
андалусия 3,506557897319982 0,0061089858838327205
андрей 1,2039728043259361 0,004195027192773297
ането 4,605170185988092 0,008022944574892147
антирелигиозный 4,605170185988092 0,004011472287446073
антонио 3,2188758248682006 0,005607797604300001
апрель 0 0
араг 4,605170185988092 0,004011472287446073
арагон 3,2188758248682006 0,15701833292040004
арагонский 4,605170185988092 0,03209177829956859
ардид 4,605170185988092 0,008022944574892147
арсенич 1,5606477482646683 0,002718898516140537
архаический 4,605170185988092 0,004011472287446073
архив 0,3011050927839216 0,0010491466647523401
архитектура 1,1086626245216111 0,001931467986971448
атеист 3,506557897319982 0,0061089858838327205
ашер 4,605170185988092 0,008022944574892147
бахья 4,605170185988092 0,008022944574892147
башня 2,8134107167600364 0,004901412398536649
бен 2,407945608651872 0,004195027192773296
бербер 4,605170185988092 0,008022944574892147
близ 2,5257286443082556 0,0022001120595019647
близка 4,605170185988092 0,004011472287446073
богдан 3,912023005428146 0,006815371089596073
буньюэль 4,605170185988092 0,004011472287446073
бунюэль 4,605170185988092 0,02406883372467644
буржуазия 3,912023005428146 0,010223056634394111
важнейший 2,5257286443082556 0,0022001120595019647
валенсия 2,995732273553991 0,01304761443185536
вернуться 2,659260036932778 0,002316428603599981
версия 0 0
ветвь 2,995732273553991 0,005219045772742144
веха 4,605170185988092 0,004011472287446073
взгляд 2,8134107167600364 0,0024507061992683245
вигарай 4,605170185988092 0,008022944574892147
вики 1,6094379124341003 0,0014019494010750002
википедия 0 0
виктор 1,9661128563728327 0,00342528372190389
вильена 4,605170185988092 0,008022944574892147
виноградник 4,605170185988092 0,004011472287446073
виридиан 4,605170185988092 0,008022944574892147
висо 3,912023005428146 0,006815371089596073
вклад 0 0
война 0,7133498878774648 0,0012427698395077783
вручить 2,120263536200091 0,0018469194566202883
вызвать 3,2188758248682006 0,005607797604300001
высокий 1,8971199848858813 0,00165254354084136
гарсия 2,995732273553991 0,005219045772742144
география 0,083381608939051 0,0002905282541430348
георгия 2,5257286443082556 0,004400224119003929
герб 0,7133498878774648 0,0012427698395077783
год 0,6348782724359695 0,0005530298540383009
гор 1,5141277326297755 0,0013189265963674003
город 0,3424903089467759 0,000596673012102397
гражданский 1,5141277326297755 0,0026378531927348007
граничить 1,1394342831883648 0,0009925385742058927
группа 1,4696759700589417 0,0025604110976636613
даль 3,506557897319982 0,0061089858838327205
далья 0,3566749439387324 0,0003106924598769446
данный 0,1508228897345837 0,00013137882381061296
два 0 0
де 1,1394342831883648 0,006947770019441249
дебют 4,605170185988092 0,004011472287446073
декабрь 0 0
деление 0,9675840262617057 0,0016856864569019263
дерево 1,7147984280919266 0,001493726853738612
десятилетие 4,605170185988092 0,004011472287446073
димитрий 3,912023005428146 0,006815371089596073
длиться 2,995732273553991 0,002609522886371072
дневный 4,605170185988092 0,008022944574892147
долгий 2,995732273553991 0,002609522886371072
дополнить 1,5141277326297755 0,0013189265963674003
драма 3,2188758248682006 0,0028038988021500005
европейский 1,1086626245216111 0,000965733993485724
жанр 2,659260036932778 0,002316428603599981
жизл 2,5257286443082556 0,004400224119003929
жила 2,995732273553991 0,002609522886371072
журнал 0 0
забыть 3,912023005428146 0,006815371089596073
заниматься 0 0
запретить 2,8134107167600364 0,0024507061992683245
запрос 0,1165338162559516 0,00020302058581176237
заслуга 2,0402208285265546 0,0035543916873284924
звезда 1,8325814637483102 0,0015963253168539287
знаете 0,06187540371808745 0,00010779687058900254
знак 0 0
значительный 2,302585092994046 0,0020057361437230367
золотой 1,4696759700589417 0,005120822195327323
зритель 3,506557897319982 0,0030544929419163602
иван 1,7719568419318754 0,0030870328256652883
избранный 0,083381608939051 0,00021789619060727614
избрать 0 0
изменение 0 0
изображение 0,06187540371808745 5,389843529450127E-05
иметь 0,616186139423817 0,0005367475082088997
иней 4,605170185988092 0,004011472287446073
иностранный 2,995732273553991 0,005219045772742144
интервик 0,9675840262617057 0,0008428432284509631
искать 0 0
искусство 0,083381608939051 0,0001452641270715174
исп 1,9661128563728327 0,015413776748567504
испания 1,7147984280919266 0,02838081022103363
испанский 0,49429632181478017 0,006889147342366274
испанско 2,5257286443082556 0,004400224119003929
использование 0 0
история 0 0
источник 0 0
июль 0,9162907318741551 0,0031926506337078575
июнь 0 0
какой 1,8971199848858813 0,00165254354084136
канна 3,912023005428146 0,0034076855447980367
каннский 4,605170185988092 0,004011472287446073
карлос 2,995732273553991 0,005219045772742144
картина 2,302585092994046 0,0020057361437230367
карьер 2,407945608651872 0,002097513596386648
каста 4,605170185988092 0,008022944574892147
кастилия 2,995732273553991 0,03653332040919501
кастильо 3,912023005428146 0,0034076855447980367
кат 3,2188758248682006 0,0028038988021500005
каталанский 1,8325814637483102 0,0031926506337078575
каталония 2,995732273553991 0,01304761443185536
категория 0 0
кинематограф 1,5141277326297755 0,0026378531927348007
кинематографический 4,605170185988092 0,004011472287446073
кинофестиваль 3,506557897319982 0,0030544929419163602
км 0,8209805520698303 0,0035756992685968218
книга 0 0
код 0 0
коммерческий 3,2188758248682006 0,0028038988021500005
коммунизм 3,506557897319982 0,0030544929419163602
коммунистический 3,2188758248682006 0,0028038988021500005
констанция 4,605170185988092 0,008022944574892147
конструирование 4,605170185988092 0,004011472287446073
короткометражный 3,912023005428146 0,0034076855447980367
котьелье 4,605170185988092 0,008022944574892147
красавица 3,912023005428146 0,006815371089596073
критик 3,2188758248682006 0,005607797604300001
крупный 1,4271163556401458 0,0012431327139722525
культура 0,3566749439387324 0,0006213849197538892
ла 2,120263536200091 0,012928436196342019
лев 2,659260036932778 0,004632857207199962
леон 2,120263536200091 0,012928436196342019
леонардо 3,2188758248682006 0,005607797604300001
лерес 4,605170185988092 0,004011472287446073
литературный 2,659260036932778 0,002316428603599981
личность 0,127833371509885 0,0001113531110713284
лопес 2,8134107167600364 0,004901412398536649
луис 2,659260036932778 0,002316428603599981
луиса 3,912023005428146 0,006815371089596073
лучший 0 0
май 0 0
манча 3,506557897319982 0,021381450593414526
март 0 0
материал 0 0
международный 0,9942522733438669 0,0025982202265083633
мексика 2,995732273553991 0,007828568659113216
мексиканский 3,2188758248682006 0,0028038988021500005
место 0 0
мигель 2,659260036932778 0,004632857207199962
миро 0 0
мобильный 0 0
мой 0 0
молодость 3,912023005428146 0,0034076855447980367
монт 3,912023005428146 0,013630742179192147
мост 2,302585092994046 0,004011472287446073
моча 0,16251892949777494 0,00014156701175764368
мфа 3,912023005428146 0,0034076855447980367
наварра 4,605170185988092 0,020057361437230362
навигация 0 0
награда 1,3470736479666094 0,002346818202032421
нажать 0 0
название 0 0
найти 0 0
написать 0,9942522733438669 0,000866073408836121
направленность 4,605170185988092 0,004011472287446073
наука 0,05129329438755048 8,936114004799736E-05
находиться 0 0
национальный 0,7550225842780328 0,0026307407117701492
начать 0,38566248081198473 0,006718858550731441
начинать 0,1508228897345837 0,0002627576476212259
неделя 1,5141277326297755 0,003956779789102201
некоммерческий 0 0
немой 4,605170185988092 0,004011472287446073
неподготовленный 4,605170185988092 0,004011472287446073
несочетаемый 4,605170185988092 0,004011472287446073
нечитаемый 1,5606477482646683 0,004078347774210806
новый 0 0
ноябрь 0 0
обаяние 4,605170185988092 0,008022944574892147
обосноваться 3,2188758248682006 0,0028038988021500005
образ 1,7147984280919266 0,001493726853738612
обсуждение 0 0
общество 0,07257069283483537 0,00018964466768685203
обязательный 0 0
один 0,843970070294529 0,001470331132917298
октябрь 0 0
омедес 4,605170185988092 0,008022944574892147
описание 0 0
организация 0 0
орден 1,5141277326297755 0,0026378531927348007
ордес 4,605170185988092 0,008022944574892147
оскар 2,5257286443082556 0,004400224119003929
основной 0 0
основоположник 2,407945608651872 0,002097513596386648
особенность 2,8134107167600364 0,0024507061992683245
оставаться 2,5257286443082556 0,0022001120595019647
ответственность 0 0
отдельный 0 0
отделять 3,506557897319982 0,0030544929419163602
отказ 0 0
отразить 3,912023005428146 0,0034076855447980367
отсутствовать 0,05129329438755048 0,00022340285011999338
оценивание 0,1508228897345837 0,0002627576476212259
падать 3,912023005428146 0,006815371089596073
пальмовый 3,912023005428146 0,0034076855447980367
париж 2,659260036932778 0,004632857207199962
парк 1,6094379124341003 0,0028038988021500005
первый 0 0
пердигеро 4,605170185988092 0,008022944574892147
пердидо 4,605170185988092 0,016045889149784293
перевести 1,7719568419318754 0,0015435164128326441
перейти 0 0
перерыв 3,912023005428146 0,0034076855447980367
период 1,3093333199837622 0,0011405342508569358
персоналия 0,07257069283483537 0,00031607444614475337
печать 0 0
пиреней 3,912023005428146 0,010223056634394111
площадь 1,07880966137193 0,001879459340369216
пн 0,127833371509885 0,0007794717774992988
подробный 0 0
поздний 2,120263536200091 0,0018469194566202883
поиск 0 0
покровитель 2,995732273553991 0,002609522886371072
покрыть 3,506557897319982 0,0030544929419163602
политик 0 0
получить 0 0
пользоваться 1,9661128563728327 0,001712641860951945
помочь 0,127833371509885 0,0001113531110713284
помощь 0,127833371509885 0,0001113531110713284
портал 0 0
последний 0 0
посмотреть 0 0
поставить 2,302585092994046 0,004011472287446073
постоянный 3,506557897319982 0,0030544929419163602
потенциальный 1,5141277326297755 0,003956779789102201
поэтика 4,605170185988092 0,004011472287446073
правило 1,4696759700589417 0,0012802055488318306
править 0 0
правка 0 0
практический 1,8971199848858813 0,00165254354084136
предлагать 0 0
представитель 2,120263536200091 0,0018469194566202883
преимущественный 2,407945608651872 0,002097513596386648
премия 1,8325814637483102 0,0015963253168539287
престижный 3,2188758248682006 0,0028038988021500005
приверженец 3,2188758248682006 0,0028038988021500005
приз 2,8134107167600364 0,004901412398536649
признание 3,912023005428146 0,0034076855447980367
принести 3,912023005428146 0,0034076855447980367
принить 3,912023005428146 0,0034076855447980367
приходиться 2,659260036932778 0,002316428603599981
провинция 1,7147984280919266 0,004481180561215836
проект 0 0
пункт 1,5606477482646683 0,002718898516140537
работа 0,9942522733438669 0,000866073408836121
работать 1,7147984280919266 0,001493726853738612
радикальный 3,506557897319982 0,0030544929419163602
развитие 0,9416085398584451 0,000820216498134534
раздел 0,9675840262617057 0,0008428432284509631
разный 2,0402208285265546 0,0017771958436642462
разработка 1,07880966137193 0,0028191890105538245
разработчик 0 0
рамон 3,506557897319982 0,0061089858838327205
расположить 0,9162907318741551 0,0007981626584269644
реальность 3,912023005428146 0,0034076855447980367
регион 0,9942522733438669 0,0025982202265083633
редактор 2,207274913189721 0,0019227133390154365
режиссура 4,605170185988092 0,008022944574892147
религия 0,083381608939051 0,0001452641270715174
рея 3,506557897319982 0,0061089858838327205
рикардос 4,605170185988092 0,008022944574892147
риоха 3,912023005428146 0,006815371089596073
роберто 3,912023005428146 0,006815371089596073
родина 1,6094379124341003 0,0014019494010750002
родригес 2,659260036932778 0,004632857207199962
родственный 0,21072103131565253 0,00018355490532722345
рок 2,995732273553991 0,005219045772742144
романенко 2,995732273553991 0,005219045772742144
рудь 4,605170185988092 0,008022944574892147
русский 0 0
сабиньяниг 4,605170185988092 0,008022944574892147
сальвадор 3,2188758248682006 0,005607797604300001
самый 0,5447271754416719 0,0014235030717116863
санчить 3,912023005428146 0,006815371089596073
сарагоса 3,912023005428146 0,023853798813586256
сарагосский 4,605170185988092 0,008022944574892147
сведение 0 0
свежий 0 0
свободный 0 0
связан 3,912023005428146 0,0034076855447980367
связать 0 0
святой 1,4696759700589417 0,0025604110976636613
сделать 2,120263536200091 0,0018469194566202883
север 1,0216512475319812 0,001779880222181152
сентябрь 0 0
сеньора 3,506557897319982 0,0061089858838327205
середина 2,120263536200091 0,0018469194566202883
система 0 0
скандал 3,506557897319982 0,0030544929419163602
скромный 4,605170185988092 0,008022944574892147
случай 0 0
случайный 0 0
смешение 3,506557897319982 0,0030544929419163602
смог 2,995732273553991 0,002609522886371072
смотреть 0 0
снимать 3,912023005428146 0,0034076855447980367
событие 0 0
совместный 2,120263536200091 0,0018469194566202883
современный 1,0216512475319812 0,000889940111090576
содержание 0,1392620673335076 0,00012130842102221916
создать 0 0
сон 2,995732273553991 0,002609522886371072
сообщество 0 0
составлять 1,6094379124341003 0,0014019494010750002
сохранение 0 0
сочетание 3,912023005428146 0,0034076855447980367
список 0 0
спорт 0,083381608939051 0,0002905282541430348
среди 1,4696759700589417 0,0012802055488318306
ссылаться 0 0
ссылка 0 0
статистик 0 0
стать 0,4620354595965586 0,0008049398250811125
статья 0 0
страна 0,43078291609245434 0,00037524644258924594
страница 0 0
существенный 2,0402208285265546 0,0017771958436642462
считать 1,8325814637483102 0,0015963253168539287
считаться 1,5141277326297755 0,0013189265963674003
сша 0,9675840262617057 0,0008428432284509631
сюд 0 0
сюрреализм 3,912023005428146 0,006815371089596073
сюрреалист 4,605170185988092 0,004011472287446073
текст 0 0
тема 0,7550225842780328 0,0013153703558850746
тематика 1,7147984280919266 0,001493726853738612
теруэль 4,605170185988092 0,020057361437230362
техника 0,06187540371808745 0,00010779687058900254
течь 0 0
традиция 1,8971199848858813 0,00165254354084136
транскрипция 2,120263536200091 0,0018469194566202883
тренер 2,8134107167600364 0,004901412398536649
три 3,506557897319982 0,0030544929419163602
удостоить 2,995732273553991 0,002609522886371072
уехать 3,912023005428146 0,0034076855447980367
указатель 0 0
улучшить 1,6607312068216509 0,001446629971098999
университет 1,3470736479666094 0,002346818202032421
условие 0 0
участие 0 0
участник 0 0
участница 1,7147984280919266 0,002987453707477224
уэрва 4,605170185988092 0,008022944574892147
уэск 4,605170185988092 0,016045889149784293
уэсок 4,605170185988092 0,004011472287446073
февраль 0 0
фернанда 4,605170185988092 0,008022944574892147
феррари 3,912023005428146 0,006815371089596073
философия 0,09431067947124142 0,00016430431963630908
фильм 1,6094379124341003 0,011215595208600002
формальный 3,912023005428146 0,0034076855447980367
форум 0 0
франций 1,7147984280919266 0,002987453707477224
франция 1,3093333199837622 0,0159674795119971
французский 0,23572233352106994 0,0002053330431368205
футболист 1,8971199848858813 0,00330508708168272
хосе 2,407945608651872 0,008390054385546592
хроткий 4,605170185988092 0,008022944574892147
хуакин 4,605170185988092 0,008022944574892147
хуан 2,407945608651872 0,004195027192773296
хх 1,2729656758128876 0,002217710236607818
целый 1,7719568419318754 0,0015435164128326441
цель 1,7719568419318754 0,0015435164128326441
церковь 1,4271163556401458 0,0012431327139722525
число 1,3470736479666094 0,0011734091010162104
читать 0 0
член 1,7147984280919266 0,001493726853738612
шаблон 0 0
шок 4,605170185988092 0,004011472287446073
эдуардо 3,2188758248682006 0,005607797604300001
элемент 0,19845093872383823 0,00034573334272445687
энциклопедия 0 0
энцо 2,8134107167600364 0,004901412398536649
являться 0,3424903089467759 0,000596673012102397
язык 0 0
январь 0,6733445532637655 0,0035192224038175903
янош 4,605170185988092 0,008022944574892147
