абыза 4,605170185988092 0,004544575841435617
август 0 0
августа 0,843970070294529 0,0002776217336495161
авиационный 2,302585092994046 0,004544575841435617
авиация 2,120263536200091 0,0006974551105921352
автономия 3,506557897319982 0,0011534729925394677
автономный 1,6607312068216509 0,004370345281109607
агентство 2,8134107167600364 0,0009254640515658014
агзамовна 4,605170185988092 0,006059434455247489
агломерат 4,605170185988092 0,0015148586138118722
административный 0,7133498878774648 0,00046930913676149
азия 1,5141277326297755 0,0004980683331018999
айтыш 4,605170185988092 0,004544575841435617
академия 2,120263536200091 0,0020923653317764055
александр 1,3470736479666094 0,004431163315679636
александрович 1,6607312068216509 0,003277758960832206
александровка 4,605170185988092 0,006059434455247489
алексеев 4,605170185988092 0,0030297172276237444
алексеевич 1,8971199848858813 0,0024962105064287913
алексеевна 2,659260036932778 0,003499026364385234
алексей 1,7719568419318754 0,001165761080218339
алфавит 0 0
альбертович 3,2188758248682006 0,002117681463729079
альбокриновый 4,605170185988092 0,009089151682871234
амир 4,605170185988092 0,006059434455247489
анастасия 3,2188758248682006 0,004235362927458158
анатолия 2,8134107167600364 0,0037018562062632056
анатольевич 2,995732273553991 0,0019708764957592044
андреевна 3,506557897319982 0,004613891970157871
андрей 1,2039728043259361 0,003168349485068253
анна 1,9661128563728327 0,002586990600490569
антон 2,8134107167600364 0,0018509281031316028
апрель 0 0
арабский 0,38566248081198473 0,0002537253163236742
армия 1,7719568419318754 0,002331522160436678
арсенич 1,5606477482646683 0,0020534838792956164
археологический 2,995732273553991 0,0009854382478796022
архив 0,3011050927839216 0,0003961909115577916
архитектура 1,1086626245216111 0,0007293833056063231
ассра 3,912023005428146 0,005147398691352823
ауылдар 4,605170185988092 0,004544575841435617
ахмеровский 3,912023005428146 0,0025736993456764116
ахун 4,605170185988092 0,009089151682871234
бабушка 4,605170185988092 0,009089151682871234
багатур 4,605170185988092 0,004544575841435617
байрамгул 4,605170185988092 0,0030297172276237444
байрамовна 4,605170185988092 0,0030297172276237444
баптист 4,605170185988092 0,006059434455247489
барс 4,605170185988092 0,006059434455247489
батальон 3,2188758248682006 0,0010588407318645396
башинформ 4,605170185988092 0,0030297172276237444
башк 4,605170185988092 0,009089151682871234
башкирия 4,605170185988092 0,007574293069059361
башкирский 3,506557897319982 0,0392180817463419
башкортостан 4,605170185988092 0,21662478177509775
башкортстан 4,605170185988092 0,006059434455247489
башревок 4,605170185988092 0,0030297172276237444
безукладник 4,605170185988092 0,009089151682871234
белорусский 2,659260036932778 0,001749513182192617
белоус 3,912023005428146 0,003860549018514618
белый 1,6094379124341003 0,0010588407318645396
берег 1,6094379124341003 0,0005294203659322698
библиотека 2,659260036932778 0,003499026364385234
бизоз 4,605170185988092 0,0030297172276237444
благовещенский 4,605170185988092 0,006059434455247489
блок 3,2188758248682006 0,002117681463729079
бобринка 4,605170185988092 0,006059434455247489
боевой 1,8971199848858813 0,0006240526266071978
брикс 4,605170185988092 0,0030297172276237444
бровина 4,605170185988092 0,004544575841435617
бюст 3,912023005428146 0,005147398691352823
валей 4,605170185988092 0,009089151682871234
валентин 3,912023005428146 0,0025736993456764116
валентина 2,995732273553991 0,0019708764957592044
валерий 2,995732273553991 0,003941752991518409
валерьевна 3,912023005428146 0,0025736993456764116
василий 1,8325814637483102 0,0012056456998344146
васильевич 1,8325814637483102 0,002411291399668829
вахит 4,605170185988092 0,009089151682871234
вачаев 4,605170185988092 0,009089151682871234
введение 1,3470736479666094 0,0008862326631359273
веденовка 4,605170185988092 0,006059434455247489
великий 1,0216512475319812 0,001008208467959192
веригин 4,605170185988092 0,0030297172276237444
верно 4,605170185988092 0,0015148586138118722
версия 0 0
вещание 4,605170185988092 0,0015148586138118722
взятие 3,912023005428146 0,0012868496728382058
вики 1,6094379124341003 0,005823624025254968
викимедиа 3,506557897319982 0,0023069459850789354
викиновость 1,0216512475319812 0,001008208467959192
википедия 0 0
викисклад 0,5798184952529422 0,00019072976817530993
викисловарь 1,4271163556401458 0,000469446169618469
викитек 1,1394342831883648 0,00037481390894354103
викицитатник 0,9675840262617057 0,00031828421916503476
викторович 2,207274913189721 0,0014521545481511323
вклад 0 0
владимир 1,2378743560016172 0,002035977559213186
владимирович 2,0402208285265546 0,0013422505450832597
владимировна 2,8134107167600364 0,0037018562062632056
владиславович 4,605170185988092 0,0030297172276237444
власть 1,4696759700589417 0,0029006762566952797
военный 1,0498221244986776 0,0020720173509842323
воздушный 2,0402208285265546 0,0013422505450832597
воин 2,659260036932778 0,0008747565910963085
воинский 2,659260036932778 0,0008747565910963085
война 0,7133498878774648 0,00140792741028447
вокуева 4,605170185988092 0,0030297172276237444
волнистый 3,912023005428146 0,0012868496728382058
восстание 2,0402208285265546 0,0013422505450832597
восточный 0,9162907318741551 0,00030141142495860364
впадение 2,659260036932778 0,0008747565910963085
вписать 3,2188758248682006 0,0010588407318645396
вступить 2,8134107167600364 0,0018509281031316028
второй 1,2378743560016172 0,00040719551184263724
входить 1,2378743560016172 0,00040719551184263724
вцик 4,605170185988092 0,0015148586138118722
выбор 2,120263536200091 0,0020923653317764055
выдвинуть 4,605170185988092 0,0015148586138118722
вылет 3,506557897319982 0,0011534729925394677
выступить 2,995732273553991 0,0009854382478796022
вячеслав 3,2188758248682006 0,002117681463729079
габдулмананович 4,605170185988092 0,0030297172276237444
газета 2,8134107167600364 0,0009254640515658014
гази 4,605170185988092 0,0030297172276237444
газизович 4,605170185988092 0,006059434455247489
газизрахмановна 4,605170185988092 0,006059434455247489
галим 4,605170185988092 0,0030297172276237444
галина 3,2188758248682006 0,004235362927458158
гарантировать 4,605170185988092 0,0015148586138118722
гареев 4,605170185988092 0,004544575841435617
гвардейский 3,2188758248682006 0,003176522195593619
генеральный 2,995732273553991 0,0009854382478796022
геннадия 2,995732273553991 0,003941752991518409
география 0,083381608939051 0,000191997125846499
георгия 2,5257286443082556 0,003323327163563494
гера 1,9661128563728327 0,0012934953002452846
герб 0,7133498878774648 0,000703963705142235
глава 2,120263536200091 0,005579640884737082
глинкин 4,605170185988092 0,004544575841435617
го 2,0402208285265546 0,0013422505450832597
год 0,6348782724359695 0,00041768307397103255
голод 4,605170185988092 0,0015148586138118722
голосование 3,2188758248682006 0,002117681463729079
гор 1,5141277326297755 0,0004980683331018999
город 0,3424903089467759 0,0004506451433510209
горозия 4,605170185988092 0,0030297172276237444
государственность 3,506557897319982 0,0011534729925394677
государственный 0,7765287894989963 0,002809808119897684
государство 0,6733445532637655 0,00044298983767352996
гражданин 2,659260036932778 0,0008747565910963085
граничить 1,1394342831883648 0,00037481390894354103
грач 4,605170185988092 0,006059434455247489
групповой 3,912023005428146 0,0012868496728382058
губерния 2,659260036932778 0,003499026364385234
дал 2,407945608651872 0,0007920873712670631
данный 0,1508228897345837 4,96127926758499E-05
два 0 0
дважда 2,302585092994046 0,0007574293069059361
дворецкая 4,605170185988092 0,009089151682871234
действовать 2,120263536200091 0,0006974551105921352
декабрь 0 0
декларация 3,506557897319982 0,0023069459850789354
деление 0,9675840262617057 0,0006365684383300695
дементьева 1,9661128563728327 0,0012934953002452846
день 1,3862943611198906 0,0004560178819473324
деревня 1,8325814637483102 0,003616937099503244
деятель 1,5141277326297755 0,0004980683331018999
дзержинский 3,912023005428146 0,005147398691352823
дивизия 3,2188758248682006 0,002117681463729079
динар 3,506557897319982 0,0023069459850789354
дирхам 4,605170185988092 0,0015148586138118722
дмитрия 2,120263536200091 0,002789820442368541
добиться 2,995732273553991 0,0009854382478796022
добро 1,8325814637483102 0,0006028228499172073
договор 2,407945608651872 0,0015841747425341262
договорный 4,605170185988092 0,0015148586138118722
должность 2,5257286443082556 0,0008308317908908735
дом 1,3470736479666094 0,0008862326631359273
дополнить 1,5141277326297755 0,0004980683331018999
дорога 1,5606477482646683 0,0005133709698239041
достопримечательность 1,7147984280919266 0,0033844705817603817
евангельский 4,605170185988092 0,006059434455247489
евгенья 2,0402208285265546 0,0006711252725416298
еврокубка 3,912023005428146 0,005147398691352823
европа 0,8915981192837835 0,0005865777100551207
единственный 1,3470736479666094 0,0008862326631359273
единый 2,407945608651872 0,0015841747425341262
елисей 3,912023005428146 0,0012868496728382058
ефимовна 3,912023005428146 0,005147398691352823
ждановский 4,605170185988092 0,0015148586138118722
желать 2,8134107167600364 0,0009254640515658014
железнодорожный 2,302585092994046 0,0015148586138118722
жеребятьева 4,605170185988092 0,0030297172276237444
живопись 2,659260036932778 0,0008747565910963085
житель 1,7147984280919266 0,0005640784302933969
журнал 0 0
завьял 4,605170185988092 0,009089151682871234
загидуллин 4,605170185988092 0,009089151682871234
загит 4,605170185988092 0,004544575841435617
зайнулла 4,605170185988092 0,0030297172276237444
закирович 4,605170185988092 0,006059434455247489
закончить 3,506557897319982 0,0011534729925394677
занимать 1,4696759700589417 0,0004834460427825466
заниматься 0 0
запад 0,9162907318741551 0,00030141142495860364
запрос 0,1165338162559516 7,666698437891553E-05
зарегистрировать 3,912023005428146 0,0012868496728382058
заслуга 2,0402208285265546 0,0006711252725416298
защищать 2,659260036932778 0,001749513182192617
заякин 4,605170185988092 0,0030297172276237444
звание 2,407945608651872 0,0015841747425341262
здравоохранение 2,207274913189721 0,0014521545481511323
зиган 4,605170185988092 0,0030297172276237444
зимний 2,659260036932778 0,0008747565910963085
знаете 0,06187540371808745 4,0707502446110164E-05
знак 0 0
знаменитый 2,120263536200091 0,0006974551105921352
знание 3,912023005428146 0,0012868496728382058
золото 3,2188758248682006 0,0010588407318645396
золотой 1,4696759700589417 0,0014503381283476398
иван 1,7719568419318754 0,001165761080218339
иванович 1,6094379124341003 0,004764783293390429
идеология 2,995732273553991 0,0009854382478796022
избранный 0,083381608939051 5,485632167042829E-05
избрать 0 0
известие 3,506557897319982 0,0011534729925394677
изилянов 4,605170185988092 0,0030297172276237444
изменение 0 0
изображение 0,06187540371808745 0,0001221225073383305
иллюстрация 1,8325814637483102 0,0006028228499172073
имя 1,4271163556401458 0,0028166770177108142
инаугурация 4,605170185988092 0,0015148586138118722
институт 1,9661128563728327 0,0019402429503679272
инструмент 3,506557897319982 0,0023069459850789354
интегральный 4,605170185988092 0,0015148586138118722
интерес 2,659260036932778 0,0008747565910963085
информационный 3,2188758248682006 0,004235362927458158
информация 1,5606477482646683 0,0015401129094717123
иремель 4,605170185988092 0,0030297172276237444
исанбаевич 4,605170185988092 0,0030297172276237444
исанбай 4,605170185988092 0,0030297172276237444
искать 0 0
искусство 0,083381608939051 5,485632167042829E-05
ислам 1,7147984280919266 0,0005640784302933969
использование 0 0
исторический 1,2378743560016172 0,0008143910236852745
история 0 0
источник 0 0
исхак 4,605170185988092 0,006059434455247489
исхаковый 4,605170185988092 0,009089151682871234
ишан 4,605170185988092 0,0015148586138118722
ишимбай 4,605170185988092 0,004544575841435617
июль 0,9162907318741551 0,0030141142495860363
июнь 0 0
казыханович 4,605170185988092 0,0030297172276237444
кандидат 2,207274913189721 0,0029043090963022647
карайс 4,605170185988092 0,006059434455247489
карамалука 4,605170185988092 0,004544575841435617
карламан 4,605170185988092 0,0030297172276237444
касыпутырган 4,605170185988092 0,004544575841435617
категория 0 0
кахой 4,605170185988092 0,006059434455247489
кет 4,605170185988092 0,0030297172276237444
кинзебызовый 4,605170185988092 0,0030297172276237444
киньё 4,605170185988092 0,004544575841435617
клементьев 4,605170185988092 0,0030297172276237444
клясться 3,912023005428146 0,0012868496728382058
клятва 3,506557897319982 0,0011534729925394677
км 0,8209805520698303 0,00027005939212823365
книга 0 0
код 0 0
количество 2,120263536200091 0,0006974551105921352
командир 3,2188758248682006 0,0010588407318645396
командовать 2,8134107167600364 0,0009254640515658014
компьютерный 3,2188758248682006 0,0010588407318645396
комфортность 4,605170185988092 0,0015148586138118722
конный 3,506557897319982 0,0011534729925394677
конституция 1,2729656758128876 0,0016749548365959047
конференция 2,659260036932778 0,0043737829554815425
край 1,9661128563728327 0,0032337382506132115
красноярый 4,605170185988092 0,006059434455247489
красный 0,7765287894989963 0,0005108742036177607
крохалев 4,605170185988092 0,009089151682871234
крупнейший 1,2039728043259361 0,001188131056900595
крупный 1,4271163556401458 0,000469446169618469
кубыз 4,605170185988092 0,0030297172276237444
культ 2,5257286443082556 0,001661663581781747
культура 0,3566749439387324 0,0003519818525711175
культурный 1,5141277326297755 0,0004980683331018999
курбат 4,605170185988092 0,009089151682871234
курултай 4,605170185988092 0,0015148586138118722
ла 2,120263536200091 0,0013949102211842704
ларион 4,605170185988092 0,0030297172276237444
лебединский 4,605170185988092 0,009089151682871234
легионер 4,605170185988092 0,0030297172276237444
леонидович 3,506557897319982 0,0023069459850789354
летие 2,995732273553991 0,004927191239398011
лингвистика 4,605170185988092 0,0015148586138118722
липовка 4,605170185988092 0,0030297172276237444
личность 0,127833371509885 8,410090230913486E-05
лучший 0 0
любая 2,8134107167600364 0,0009254640515658014
люция 3,912023005428146 0,005147398691352823
ляста 4,605170185988092 0,009089151682871234
май 0 0
майор 2,5257286443082556 0,001661663581781747
макарово 4,605170185988092 0,0030297172276237444
максимович 3,912023005428146 0,0025736993456764116
малец 3,912023005428146 0,0025736993456764116
мансурович 4,605170185988092 0,006059434455247489
мария 1,6607312068216509 0,0010925863202774018
март 0 0
марта 0,3566749439387324 0,0035198185257111748
марья 3,506557897319982 0,004613891970157871
материал 0 0
матуковый 4,605170185988092 0,0030297172276237444
медаль 2,407945608651872 0,0007920873712670631
международный 0,9942522733438669 0,0016352833443155704
мелеузовский 4,605170185988092 0,054534910097227406
место 0 0
месяц 1,7147984280919266 0,0005640784302933969
ми 3,506557897319982 0,0011534729925394677
миро 0 0
мировой 1,2039728043259361 0,0007920873712670632
михаил 1,5606477482646683 0,0010267419396478082
михайдаровна 4,605170185988092 0,0030297172276237444
михайлович 1,7719568419318754 0,007577447021419204
многоконфессиональный 4,605170185988092 0,0015148586138118722
многонациональный 4,605170185988092 0,0015148586138118722
мобильный 0 0
могильник 3,506557897319982 0,003460418977618403
мой 0 0
москва 1,4271163556401458 0,000938892339236938
моча 0,16251892949777494 0,0001069203483537993
мочь 0,8209805520698303 0,00027005939212823365
музыкальный 2,207274913189721 0,0014521545481511323
мурзашев 4,605170185988092 0,006059434455247489
мус 3,2188758248682006 0,002117681463729079
мусульманский 2,407945608651872 0,0007920873712670631
набиулла 4,605170185988092 0,0030297172276237444
навигация 0 0
награда 1,3470736479666094 0,00044311633156796364
наградить 3,506557897319982 0,0011534729925394677
нажать 0 0
название 0 0
назначить 2,995732273553991 0,0009854382478796022
найти 0 0
написать 0,9942522733438669 0,0003270566688631141
нарисовать 3,506557897319982 0,0011534729925394677
наркомат 4,605170185988092 0,0015148586138118722
народ 1,4271163556401458 0,000938892339236938
население 0,5108256237659907 0,0006721389786394614
наталья 2,659260036932778 0,003499026364385234
наука 0,05129329438755048 6,749117682572432E-05
научный 1,6094379124341003 0,004764783293390429
находиться 0 0
находка 3,506557897319982 0,0011534729925394677
национальный 0,7550225842780328 0,0002483626921967213
начало 1,2039728043259361 0,0007920873712670632
начать 0,38566248081198473 0,003171566454045927
начинать 0,1508228897345837 9,92255853516998E-05
незаконченный 4,605170185988092 0,007574293069059361
некоммерческий 0 0
необходимый 2,8134107167600364 0,0009254640515658014
нефтепереработка 4,605170185988092 0,0015148586138118722
низ 3,912023005428146 0,0012868496728382058
николаевич 1,5606477482646683 0,0010267419396478082
николаевка 4,605170185988092 0,006059434455247489
николаевна 3,506557897319982 0,0023069459850789354
николай 1,5141277326297755 0,0029884099986113993
новость 1,4271163556401458 0,000938892339236938
новый 0 0
ноябрь 0 0
нп 3,912023005428146 0,0012868496728382058
нуриевна 4,605170185988092 0,006059434455247489
нц 4,605170185988092 0,0015148586138118722
область 0,7765287894989963 0,002809808119897684
образование 0,7339691750802005 0,0007243116859344085
образовательный 3,506557897319982 0,0011534729925394677
образовать 1,6607312068216509 0,0010925863202774018
обсуждение 0 0
общедоступный 3,912023005428146 0,0012868496728382058
общество 0,07257069283483537 0,00011935969216255818
общий 1,3470736479666094 0,00044311633156796364
обязательный 0 0
одобрить 4,605170185988092 0,0015148586138118722
ознакомиться 3,912023005428146 0,0012868496728382058
окончание 2,659260036932778 0,001749513182192617
окончить 2,407945608651872 0,0015841747425341262
округ 1,9661128563728327 0,0012934953002452846
октябрь 0 0
олеговна 4,605170185988092 0,0030297172276237444
ольга 2,659260036932778 0,001749513182192617
описание 0 0
опубликовать 2,995732273553991 0,0009854382478796022
орган 1,9661128563728327 0,0012934953002452846
организатор 2,8134107167600364 0,0009254640515658014
организация 0 0
орден 1,5141277326297755 0,0019922733324075994
оренбургский 4,605170185988092 0,007574293069059361
основной 0 0
осташевский 4,605170185988092 0,009089151682871234
осуществление 4,605170185988092 0,0015148586138118722
ответственность 0 0
отдельный 0 0
отечественный 2,0402208285265546 0,0020133758176248896
отказ 0 0
открыть 2,0402208285265546 0,0006711252725416298
отметить 2,659260036932778 0,0008747565910963085
отправить 3,912023005428146 0,0012868496728382058
отсутствовать 0,05129329438755048 3,374558841286216E-05
официальный 1,07880966137193 0,0003548715991355033
оценивание 0,1508228897345837 9,92255853516998E-05
павлович 2,407945608651872 0,0015841747425341262
павловный 3,912023005428146 0,005147398691352823
палеолит 3,912023005428146 0,0012868496728382058
памятник 1,2039728043259361 0,001188131056900595
парад 4,605170185988092 0,0015148586138118722
париж 2,659260036932778 0,0026242697732889258
парфе 4,605170185988092 0,0030297172276237444
первый 0 0
перейти 0 0
пермский 3,912023005428146 0,006434248364191029
персоналия 0,07257069283483537 9,548775373004655E-05
петербургский 3,912023005428146 0,0012868496728382058
печать 0 0
пещера 2,5257286443082556 0,003323327163563494
платформа 3,2188758248682006 0,002117681463729079
племя 2,5257286443082556 0,004984990745345241
площадь 1,07880966137193 0,0007097431982710066
пн 0,127833371509885 0,000294353158081972
победа 1,8971199848858813 0,0012481052532143956
победить 2,5257286443082556 0,0008308317908908735
победоносный 3,912023005428146 0,0012868496728382058
поддержка 2,659260036932778 0,0008747565910963085
подписание 3,506557897319982 0,0011534729925394677
подписать 2,8134107167600364 0,0018509281031316028
подробный 0 0
пожаловать 1,7719568419318754 0,0005828805401091696
поиск 0 0
полезный 2,5257286443082556 0,0008308317908908735
политик 0 0
полк 2,659260036932778 0,0026242697732889258
полковник 2,8134107167600364 0,0018509281031316028
полномочие 3,912023005428146 0,0025736993456764116
положение 2,5257286443082556 0,0008308317908908735
полок 2,995732273553991 0,004927191239398011
получить 0 0
поместить 4,605170185988092 0,0015148586138118722
пометить 3,912023005428146 0,0012868496728382058
помочь 0,127833371509885 0,0001261513534637023
помощь 0,127833371509885 4,205045115456743E-05
понравиться 3,912023005428146 0,0012868496728382058
поп 3,506557897319982 0,003460418977618403
популяризация 3,2188758248682006 0,0010588407318645396
портал 0 0
порталын 4,605170185988092 0,0015148586138118722
посвятить 2,8134107167600364 0,0009254640515658014
последний 0 0
последователь 3,2188758248682006 0,0010588407318645396
посмотреть 0 0
потап 4,605170185988092 0,004544575841435617
потешкин 4,605170185988092 0,006059434455247489
правительство 1,5606477482646683 0,0030802258189434246
править 0 0
правка 0 0
право 0,843970070294529 0,0002776217336495161
практический 1,8971199848858813 0,0006240526266071978
предлагать 0 0
предмет 2,5257286443082556 0,0008308317908908735
представить 2,120263536200091 0,0006974551105921352
претендент 3,912023005428146 0,0012868496728382058
прибельская 4,605170185988092 0,0015148586138118722
приволжский 4,605170185988092 0,0015148586138118722
приглашать 2,5257286443082556 0,0008308317908908735
придти 3,2188758248682006 0,0010588407318645396
призванный 4,605170185988092 0,0015148586138118722
призвать 3,2188758248682006 0,0010588407318645396
приложение 3,912023005428146 0,0012868496728382058
примета 3,912023005428146 0,0012868496728382058
принять 1,3862943611198906 0,0013680536458419972
присвоить 2,8134107167600364 0,0009254640515658014
приток 2,8134107167600364 0,004627320257829007
проблема 2,407945608651872 0,0007920873712670631
проблемный 4,605170185988092 0,0015148586138118722
проголосовать 3,912023005428146 0,0012868496728382058
продвижение 4,605170185988092 0,0015148586138118722
проект 0 0
проживание 4,605170185988092 0,0015148586138118722
произнес 4,605170185988092 0,0015148586138118722
промышленность 2,659260036932778 0,0008747565910963085
промышленный 2,5257286443082556 0,0008308317908908735
противник 2,407945608651872 0,0007920873712670631
пустота 4,605170185988092 0,0030297172276237444
путь 2,120263536200091 0,0006974551105921352
равнина 2,995732273553991 0,0009854382478796022
рагулин 4,605170185988092 0,0030297172276237444
радий 4,605170185988092 0,006059434455247489
развитие 0,9416085398584451 0,0006194793025384507
разграничение 4,605170185988092 0,0015148586138118722
различный 1,8971199848858813 0,0006240526266071978
разный 2,0402208285265546 0,0006711252725416298
разработка 1,07880966137193 0,00106461479740651
разработчик 0 0
райвоенкомат 4,605170185988092 0,0015148586138118722
район 1,171182981502945 0,01502504482849173
рамка 1,8971199848858813 0,0006240526266071978
рана 3,506557897319982 0,0011534729925394677
раскопка 3,2188758248682006 0,0010588407318645396
расположить 0,9162907318741551 0,00030141142495860364
распространение 2,8134107167600364 0,0009254640515658014
расулев 4,605170185988092 0,0030297172276237444
рафидович 4,605170185988092 0,006059434455247489
регулярный 2,5257286443082556 0,0008308317908908735
редактировать 3,2188758248682006 0,0010588407318645396
редактор 2,207274913189721 0,0007260772740755662
результат 1,4696759700589417 0,0004834460427825466
рейтинг 3,2188758248682006 0,0010588407318645396
река 1,1086626245216111 0,0029175332224252925
религиозный 2,120263536200091 0,0013949102211842704
религия 0,083381608939051 0,00010971264334085658
республика 0,9416085398584451 0,0077434912817306335
рецензировать 4,605170185988092 0,0015148586138118722
решение 2,407945608651872 0,0007920873712670631
ринатович 4,605170185988092 0,012118868910494978
рисунок 3,2188758248682006 0,0010588407318645396
родиться 0,8915981192837835 0,00029328885502756037
родственный 0,21072103131565253 0,00013863225744450825
роза 2,8134107167600364 0,0037018562062632056
роман 1,4696759700589417 0,0029006762566952797
российский 1,0498221244986776 0,0013813449006561548
россия 0,7765287894989963 0,0030652452217065644
рота 2,995732273553991 0,0009854382478796022
рсфср 3,506557897319982 0,0023069459850789354
ру 4,605170185988092 0,0030297172276237444
русский 0 0
рустем 3,506557897319982 0,009227783940315742
сайгафар 4,605170185988092 0,009089151682871234
салават 3,912023005428146 0,019302745092573088
саммит 4,605170185988092 0,0015148586138118722
саморук 4,605170185988092 0,004544575841435617
самый 0,5447271754416719 0,00017918657086897103
санкт 2,120263536200091 0,0006974551105921352
сафина 4,605170185988092 0,009089151682871234
сведение 0 0
свежий 0 0
свердловский 3,912023005428146 0,006434248364191029
свобода 2,302585092994046 0,0007574293069059361
свободный 0 0
связать 0 0
связь 1,6607312068216509 0,0021851726405548036
северянович 4,605170185988092 0,0030297172276237444
село 2,407945608651872 0,0007920873712670631
сентябрь 0 0
сергей 1,8325814637483102 0,001808468549751622
серебряный 3,2188758248682006 0,004235362927458158
сержант 3,506557897319982 0,0011534729925394677
система 0 0
скало 3,912023005428146 0,0025736993456764116
скоростной 4,605170185988092 0,006059434455247489
следовать 1,4271163556401458 0,000469446169618469
слесарь 4,605170185988092 0,0015148586138118722
слово 1,5606477482646683 0,0005133709698239041
служить 2,0402208285265546 0,0006711252725416298
случай 0 0
случайный 0 0
слушать 3,506557897319982 0,0011534729925394677
смотреть 0 0
смычковый 4,605170185988092 0,0030297172276237444
соблюдать 4,605170185988092 0,0015148586138118722
собрание 1,9661128563728327 0,0006467476501226423
собраться 3,912023005428146 0,0012868496728382058
собственный 1,8325814637483102 0,0006028228499172073
событие 0 0
совершить 2,407945608651872 0,0007920873712670631
советский 1,3470736479666094 0,006646744973519454
согласно 1,8971199848858813 0,0006240526266071978
содержание 0,1392620673335076 4,580989057023276E-05
создание 0,8675005677047231 0,0005707240577004757
создать 0 0
сократиться 4,605170185988092 0,0015148586138118722
солдатский 3,912023005428146 0,005147398691352823
сообщение 3,506557897319982 0,003460418977618403
сообщество 0 0
сопредельный 3,912023005428146 0,0012868496728382058
состав 1,0498221244986776 0,0010360086754921162
составить 2,407945608651872 0,0007920873712670631
составлять 1,6094379124341003 0,0005294203659322698
состояться 2,207274913189721 0,0029043090963022647
сотовый 4,605170185988092 0,006059434455247489
сотрудничество 2,995732273553991 0,0019708764957592044
сохранение 0 0
сохраниться 2,120263536200091 0,0006974551105921352
социалистический 1,9661128563728327 0,0019402429503679272
союз 1,4696759700589417 0,0009668920855650932
список 0 0
спорт 0,083381608939051 0,00010971264334085658
спортивный 2,302585092994046 0,0007574293069059361
способствовать 3,506557897319982 0,0011534729925394677
ссср 1,4271163556401458 0,000938892339236938
ссылаться 0 0
ссылка 0 0
ставиться 4,605170185988092 0,0015148586138118722
стадион 2,995732273553991 0,003941752991518409
станислав 3,2188758248682006 0,004235362927458158
станция 2,302585092994046 0,0015148586138118722
старый 2,207274913189721 0,0007260772740755662
статистик 0 0
статус 1,4271163556401458 0,000469446169618469
статуя 2,995732273553991 0,0009854382478796022
стать 0,4620354595965586 0,0003039706971029991
статья 0 0
стерлитамак 4,605170185988092 0,004544575841435617
сто 2,5257286443082556 0,0008308317908908735
столица 0,7985076962177716 0,0015760020320087598
страна 0,43078291609245434 0,00014170490660935997
страница 0 0
студия 3,506557897319982 0,0011534729925394677
субъект 2,407945608651872 0,0031683494850682525
суверенитет 3,912023005428146 0,0025736993456764116
суверенный 4,605170185988092 0,0015148586138118722
султанов 4,605170185988092 0,009089151682871234
суфизм 4,605170185988092 0,0015148586138118722
существенный 2,0402208285265546 0,0006711252725416298
сцена 3,912023005428146 0,0012868496728382058
считаться 1,5141277326297755 0,0004980683331018999
сюд 0 0
табын 4,605170185988092 0,006059434455247489
тарас 3,506557897319982 0,0023069459850789354
тата 3,912023005428146 0,0012868496728382058
татарстан 3,2188758248682006 0,005294203659322698
таш 4,605170185988092 0,0030297172276237444
текст 0 0
телевидение 1,8325814637483102 0,0006028228499172073
телевизионный 3,912023005428146 0,0012868496728382058
телекоммуникация 3,912023005428146 0,0025736993456764116
тема 0,7550225842780328 0,000745088076590164
тематический 3,2188758248682006 0,0010588407318645396
территориальный 2,407945608651872 0,0015841747425341262
территория 0,8675005677047231 0,0005707240577004757
техника 0,06187540371808745 4,0707502446110164E-05
техникум 3,506557897319982 0,0011534729925394677
технический 2,659260036932778 0,003499026364385234
течь 0 0
тимофей 3,912023005428146 0,0025736993456764116
тимур 4,605170185988092 0,006059434455247489
трамвай 2,8134107167600364 0,0037018562062632056
транспортный 2,207274913189721 0,0007260772740755662
триумф 3,912023005428146 0,0012868496728382058
увалистый 4,605170185988092 0,0030297172276237444
угат 4,605170185988092 0,006059434455247489
уголок 3,912023005428146 0,0012868496728382058
удаление 2,995732273553991 0,13500503995950552
удмуртия 4,605170185988092 0,006059434455247489
удмуртский 4,605170185988092 0,0015148586138118722
узел 3,506557897319982 0,0011534729925394677
указатель 0 0
укреплять 4,605170185988092 0,0015148586138118722
ул 3,506557897319982 0,0011534729925394677
улучшение 1,4271163556401458 0,010327815731606318
университет 1,3470736479666094 0,0017724653262718546
уничтожить 2,995732273553991 0,0009854382478796022
урал 3,912023005428146 0,0025736993456764116
уральский 3,912023005428146 0,007721098037029236
урбанистика 4,605170185988092 0,0030297172276237444
условие 0 0
устройство 1,3470736479666094 0,001329348994703891
уфа 4,605170185988092 0,04696061702816804
уфимский 3,912023005428146 0,006434248364191029
участвовать 1,8971199848858813 0,0006240526266071978
участие 0 0
участник 0 0
учитель 2,995732273553991 0,0009854382478796022
файзуллин 4,605170185988092 0,009089151682871234
фанида 4,605170185988092 0,006059434455247489
фаритович 4,605170185988092 0,004544575841435617
фархутдин 4,605170185988092 0,009089151682871234
фаткуллович 4,605170185988092 0,0030297172276237444
февраль 0 0
федеральный 2,0402208285265546 0,0013422505450832597
федеративный 4,605170185988092 0,0030297172276237444
федерация 1,4271163556401458 0,001877784678473876
федотович 3,2188758248682006 0,002117681463729079
феофилакт 4,605170185988092 0,006059434455247489
философия 0,09431067947124142 6,20464996521325E-05
фк 3,2188758248682006 0,006353044391187238
флаг 0,8675005677047231 0,0005707240577004757
фоломей 4,605170185988092 0,0030297172276237444
форум 0 0
фотография 2,659260036932778 0,0008747565910963085
фронт 2,120263536200091 0,0020923653317764055
фрунза 2,995732273553991 0,0019708764957592044
хабир 4,605170185988092 0,006059434455247489
халифат 3,506557897319982 0,0023069459850789354
харрас 4,605170185988092 0,0030297172276237444
ход 1,6607312068216509 0,0005462931601387009
хоккеист 3,912023005428146 0,0025736993456764116
хотеть 2,302585092994046 0,0007574293069059361
хребет 3,506557897319982 0,0011534729925394677
христианин 2,8134107167600364 0,0037018562062632056
цвет 2,207274913189721 0,0007260772740755662
центр 0,8915981192837835 0,0008798665650826811
центральный 1,2729656758128876 0,0016749548365959047
церковь 1,4271163556401458 0,001877784678473876
цитата 1,4271163556401458 0,0056333540354216284
часть 0,5978370007556204 0,00039331381628659236
человек 1,1394342831883648 0,0011244417268306231
челябинский 3,912023005428146 0,006434248364191029
численность 1,9661128563728327 0,0012934953002452846
читать 0 0
чулпан 4,605170185988092 0,0030297172276237444
шаблон 0 0
шайхия 4,605170185988092 0,0030297172276237444
шанхайский 4,605170185988092 0,0015148586138118722
школа 1,8325814637483102 0,0006028228499172073
штаб 3,506557897319982 0,0011534729925394677
штейн 4,605170185988092 0,004544575841435617
штурман 4,605170185988092 0,0015148586138118722
штурмовой 3,506557897319982 0,003460418977618403
шукшин 4,605170185988092 0,0030297172276237444
шульган 4,605170185988092 0,0030297172276237444
экономика 0,7550225842780328 0,0004967253843934426
экономический 2,120263536200091 0,0013949102211842704
элемент 0,19845093872383823 0,0001305598281077883
энгельсский 4,605170185988092 0,0015148586138118722
энциклопедия 0 0
эпоха 2,120263536200091 0,0006974551105921352
эскадрилья 3,2188758248682006 0,002117681463729079
юдин 4,605170185988092 0,012118868910494978
южный 1,171182981502945 0,0007705151194098323
юлаев 3,912023005428146 0,005147398691352823
юрий 2,120263536200091 0,002789820442368541
юрьевич 2,407945608651872 0,0015841747425341262
являться 0,3424903089467759 0,0004506451433510209
язык 0 0
яй 1,7147984280919266 0,0028203921514669845
январь 0,6733445532637655 0,001993454269530885
