август 0 0
автономный 1,6607312068216509 0,013826624293612264
административный 0,7133498878774648 0,0006598981386470535
александр 1,3470736479666094 0,0024922731692259194
алексеевна 2,659260036932778 0,0049200000683307646
алексей 1,7719568419318754 0,006556732070053193
алфавит 0 0
андреевич 2,407945608651872 0,004455033503518727
ао 4,605170185988092 0,004260101929683712
апрель 0 0
артюгинский 3,912023005428146 0,007237785393946617
архангельск 3,912023005428146 0,014475570787893233
архангельский 3,506557897319982 0,18165332308040608
архив 0,3011050927839216 0,0011141724062309773
архитектура 1,1086626245216111 0,0020511796938420188
астрон 3,912023005428146 0,007237785393946617
атмосфера 3,2188758248682006 0,0029776834642629055
белый 1,6094379124341003 0,005955366928525811
берег 1,6094379124341003 0,0014888417321314528
близкий 2,995732273553991 0,002771260197552258
бой 1,8971199848858813 0,0017549676085900844
бывший 2,8134107167600364 0,02082080086408908
васильевич 1,8325814637483102 0,0016952649988421
введение 1,3470736479666094 0,0024922731692259194
венера 3,912023005428146 0,007237785393946617
версия 0 0
весьма 2,659260036932778 0,0024600000341653823
википедия 0 0
вклад 0 0
владение 2,659260036932778 0,0024600000341653823
владимир 1,2378743560016172 0,0022902393265524833
власов 3,506557897319982 0,006487618681443075
возник 3,506557897319982 0,0032438093407215376
войско 1,7719568419318754 0,0016391830175132983
вологодский 3,2188758248682006 0,014888417321314526
восстание 2,0402208285265546 0,0018873458173233623
восток 0,7985076962177716 0,0022160250588837325
восточный 0,9162907318741551 0,0016952649988421
впоследствие 2,5257286443082556 0,002336474231552503
времный 3,912023005428146 0,0036188926969733083
всемирный 1,6607312068216509 0,003072583176358281
второй 1,2378743560016172 0,0011451196632762417
входить 1,2378743560016172 0,0011451196632762417
выселок 4,605170185988092 0,008520203859367423
гавриила 4,605170185988092 0,008520203859367423
географ 3,912023005428146 0,007237785393946617
география 0,083381608939051 0,0003085350932064792
геолог 3,912023005428146 0,007237785393946617
георгиевский 3,506557897319982 0,0032438093407215376
говорить 3,506557897319982 0,0032438093407215376
год 0,6348782724359695 0,0011746128999740417
гордон 3,506557897319982 0,006487618681443075
город 0,3424903089467759 0,00031682729782310444
государственный 0,7765287894989963 0,002155029018036067
государство 0,6733445532637655 0,0006228904285511245
граничить 1,1394342831883648 0,0021081115322633946
дал 2,407945608651872 0,0022275167517593637
далья 0,3566749439387324 0,0006598981386470535
два 0 0
декабрь 0 0
деревня 1,8325814637483102 0,0016952649988421
деятель 1,5141277326297755 0,0014006732031727803
джизус 4,605170185988092 0,004260101929683712
добавить 1,0498221244986776 0,0019423166040678588
допетровский 4,605170185988092 0,004260101929683712
достопримечательность 1,7147984280919266 0,0031726150380979217
древнейший 2,407945608651872 0,0022275167517593637
евангелие 3,912023005428146 0,0036188926969733083
европа 0,8915981192837835 0,001649580239192939
европейский 1,1086626245216111 0,0010255898469210094
естествознание 3,912023005428146 0,0036188926969733083
естествоиспытатель 3,912023005428146 0,0036188926969733083
жербин 3,912023005428146 0,007237785393946617
журнал 0 0
закон 1,9661128563728327 0,0018187908014549795
заложить 3,506557897319982 0,0032438093407215376
заниматься 0 0
запад 0,9162907318741551 0,00084763249942105
заповедник 2,302585092994046 0,002130050964841856
запрос 0,1165338162559516 0,00032340559552993046
землевладелец 3,912023005428146 0,0036188926969733083
знаете 0,06187540371808745 0,00011447808273466689
знак 0 0
значение 1,9661128563728327 0,0018187908014549795
зоя 3,506557897319982 0,006487618681443075
иванович 1,6094379124341003 0,0029776834642629055
избранный 0,083381608939051 0,0002314013199048594
избрать 0 0
изменение 0 0
изображение 0,06187540371808745 0,00022895616546933379
иметься 1,4271163556401458 0,0026403632851806583
империя 1,2039728043259361 0,002227516751759364
имя 1,4271163556401458 0,0013201816425903292
интервик 0,9675840262617057 0,000895082355468738
ирина 3,2188758248682006 0,005955366928525811
искать 0 0
искусство 0,083381608939051 0,0002314013199048594
использование 0 0
исследование 2,120263536200091 0,001961390875300732
историк 2,207274913189721 0,004083764871766367
история 0 0
источник 0 0
июнь 0 0
камень 2,5257286443082556 0,002336474231552503
карелия 3,912023005428146 0,01809446348486654
катастрофа 2,5257286443082556 0,004672948463105006
категория 0 0
кинетический 4,605170185988092 0,008520203859367423
кировский 4,605170185988092 0,021300509648418557
км 0,8209805520698303 0,0007594639704623778
книга 0 0
код 0 0
козельский 3,912023005428146 0,007237785393946617
колычев 4,605170185988092 0,004260101929683712
коми 3,912023005428146 0,010856678090919924
комплекс 1,8971199848858813 0,0017549676085900844
корел 4,605170185988092 0,008520203859367423
космодром 3,912023005428146 0,007237785393946617
красная 2,207274913189721 0,004083764871766367
крепость 1,9661128563728327 0,003637581602909959
крупнейший 1,2039728043259361 0,001113758375879682
культура 0,3566749439387324 0,0006598981386470535
культурный 1,5141277326297755 0,0028013464063455606
литературный 2,659260036932778 0,0049200000683307646
личность 0,127833371509885 0,00011825473775197503
ломонос 3,912023005428146 0,0036188926969733083
лучший 0 0
май 0 0
малый 1,9661128563728327 0,003637581602909959
март 0 0
марта 0,3566749439387324 0,0016497453466176337
материал 0 0
материя 3,506557897319982 0,0032438093407215376
место 0 0
металлург 4,605170185988092 0,008520203859367423
миро 0 0
мировой 1,2039728043259361 0,001113758375879682
митя 3,912023005428146 0,007237785393946617
михаил 1,5606477482646683 0,0014437074452032085
мишанинский 4,605170185988092 0,004260101929683712
многие 1,5606477482646683 0,0014437074452032085
многое 2,995732273553991 0,002771260197552258
мобильный 0 0
мой 0 0
молекулярный 3,912023005428146 0,007237785393946617
молодой 2,5257286443082556 0,002336474231552503
монастырь 1,8325814637483102 0,0050857949965263
море 1,1394342831883648 0,004216223064526789
морской 1,6607312068216509 0,0015362915881791406
московский 2,207274913189721 0,004083764871766367
моча 0,16251892949777494 0,00015034128538184548
мочь 0,8209805520698303 0,0007594639704623778
мужской 2,8134107167600364 0,002602600108011135
музей 1,3093333199837622 0,00242244832559438
муниципальный 2,659260036932778 0,0049200000683307646
мурманский 3,506557897319982 0,00973142802216461
навигация 0 0
награда 1,3470736479666094 0,0024922731692259194
нажать 0 0
название 0 0
назвать 1,9661128563728327 0,0018187908014549795
найти 0 0
наличие 4,605170185988092 0,004260101929683712
народ 1,4271163556401458 0,0026403632851806583
население 0,5108256237659907 0,0004725491431692791
наследие 1,5606477482646683 0,005774829780812834
наука 0,05129329438755048 0,00023724928023843885
находиться 0 0
начало 1,2039728043259361 0,002227516751759364
начать 0,38566248081198473 0,0053514682813873915
начинать 0,1508228897345837 0,0002790432742545489
небо 2,207274913189721 0,0020418824358831834
недоставать 1,07880966137193 0,0009979737848028955
некоммерческий 0 0
ненецкий 4,605170185988092 0,042601019296837114
непроверенный 1,9661128563728327 0,003637581602909959
нечитаемый 1,5606477482646683 0,004331122335609625
николаевич 1,5606477482646683 0,002887414890406417
никольский 2,995732273553991 0,011085040790209033
никонианский 4,605170185988092 0,004260101929683712
новый 0 0
норвежец 4,605170185988092 0,008520203859367423
ноябрь 0 0
область 0,7765287894989963 0,050284010420841574
образование 0,7339691750802005 0,0020369172296397795
образовать 1,6607312068216509 0,0015362915881791406
обсуждение 0 0
обширный 3,2188758248682006 0,0029776834642629055
общество 0,07257069283483537 0,0001342658516833217
объект 1,6607312068216509 0,003072583176358281
обязательный 0 0
один 0,843970070294529 0,0031229234793507085
округ 1,9661128563728327 0,016369117213094815
октябрь 0 0
описание 0 0
определение 2,5257286443082556 0,002336474231552503
организация 0 0
осипович 3,912023005428146 0,007237785393946617
основа 1,8971199848858813 0,0017549676085900844
основание 2,8134107167600364 0,002602600108011135
основной 0 0
особый 2,207274913189721 0,004083764871766367
оставлять 1,7719568419318754 0,0016391830175132983
остров 1,2039728043259361 0,002227516751759364
ответственность 0 0
отдельный 0 0
отечественный 2,0402208285265546 0,0018873458173233623
отказ 0 0
открытый 2,995732273553991 0,002771260197552258
открыть 2,0402208285265546 0,0018873458173233623
отстроить 4,605170185988092 0,004260101929683712
отсутствовать 0,05129329438755048 0,0001423495681430633
оценивание 0,1508228897345837 0,0002790432742545489
очаг 4,605170185988092 0,004260101929683712
памятник 1,2039728043259361 0,001113758375879682
первый 0 0
перейти 0 0
персоналия 0,07257069283483537 0,0003356646292083042
петербург 2,207274913189721 0,004083764871766367
петровский 3,912023005428146 0,0036188926969733083
печать 0 0
планета 2,659260036932778 0,0049200000683307646
плесецк 4,605170185988092 0,008520203859367423
площадь 1,07880966137193 0,0009979737848028955
пн 0,127833371509885 0,0005912736887598751
поборник 4,605170185988092 0,004260101929683712
подробный 0 0
поиск 0 0
показать 1,2729656758128876 0,0023551631374891537
политик 0 0
получить 0 0
помор 4,605170185988092 0,008520203859367423
помочь 0,127833371509885 0,00011825473775197503
помощь 0,127833371509885 0,00011825473775197503
порт 1,8325814637483102 0,0033905299976842
портал 0 0
последний 0 0
посмотреть 0 0
потенциальный 1,5141277326297755 0,004202019609518341
поэт 1,8971199848858813 0,003509935217180169
править 0 0
правка 0 0
православный 2,5257286443082556 0,004672948463105006
предвосхитить 4,605170185988092 0,004260101929683712
предлагать 0 0
предначертать 4,605170185988092 0,004260101929683712
представление 2,995732273553991 0,002771260197552258
преобразование 4,605170185988092 0,004260101929683712
приборостроитель 4,605170185988092 0,004260101929683712
принимать 2,302585092994046 0,002130050964841856
проверить 1,9661128563728327 0,003637581602909959
программа 2,207274913189721 0,0020418824358831834
проект 0 0
проживать 2,302585092994046 0,002130050964841856
происходить 1,9661128563728327 0,0018187908014549795
просвещение 4,605170185988092 0,004260101929683712
пункт 1,5606477482646683 0,002887414890406417
развитие 0,9416085398584451 0,0008710532283611888
раздел 0,9675840262617057 0,000895082355468738
разработать 2,5257286443082556 0,002336474231552503
разработка 1,07880966137193 0,0029939213544086865
разработчик 0 0
район 1,171182981502945 0,004333702059215338
расположить 0,9162907318741551 0,00084763249942105
религия 0,083381608939051 0,0001542675466032396
республика 0,9416085398584451 0,002613159685083566
родственный 0,21072103131565253 0,00019493157383501623
роман 1,4696759700589417 0,005438208954889701
российский 1,0498221244986776 0,0038846332081357176
россия 0,7765287894989963 0,006465087054108203
русский 0 0
рязань 3,506557897319982 0,006487618681443075
санкт 2,120263536200091 0,003922781750601464
св 3,506557897319982 0,0032438093407215376
сведение 0 0
свежий 0 0
свободный 0 0
свод 3,506557897319982 0,006487618681443075
связать 0 0
север 1,0216512475319812 0,000945098286338558
сельсовет 3,506557897319982 0,0259504747257723
сентябрь 0 0
символика 2,302585092994046 0,004260101929683712
система 0 0
случай 0 0
случайный 0 0
смотреть 0 0
событие 0 0
современный 1,0216512475319812 0,002835294859015674
содержание 0,1392620673335076 0,0001288270743140681
создать 0 0
соловецкий 4,605170185988092 0,008520203859367423
сообщество 0 0
сопротивление 2,995732273553991 0,002771260197552258
состав 1,0498221244986776 0,0009711583020339294
сохранение 0 0
список 0 0
спорт 0,083381608939051 0,0001542675466032396
среди 1,4696759700589417 0,0013595522387224253
ссылаться 0 0
ссылка 0 0
стабильный 1,4271163556401458 0,0026403632851806583
ставропигиальный 4,605170185988092 0,004260101929683712
статистик 0 0
статья 0 0
стекло 3,912023005428146 0,007237785393946617
степанович 2,659260036932778 0,0049200000683307646
стецивый 3,912023005428146 0,007237785393946617
столица 0,7985076962177716 0,0007386750196279109
страница 0 0
строгановы 4,605170185988092 0,004260101929683712
строение 2,407945608651872 0,0022275167517593637
субъект 2,407945608651872 0,00668255025527809
сюд 0 0
тарнянский 4,605170185988092 0,017040407718734846
текст 0 0
теория 1,8971199848858813 0,003509935217180169
тёплый 3,912023005428146 0,0036188926969733083
термодинамика 4,605170185988092 0,008520203859367423
техника 0,06187540371808745 0,00011447808273466689
течь 0 0
труд 2,120263536200091 0,001961390875300732
убийца 4,605170185988092 0,004260101929683712
указатель 0 0
университет 1,3470736479666094 0,0024922731692259194
условие 0 0
утвердить 3,2188758248682006 0,0029776834642629055
участие 0 0
участник 0 0
файл 1,5141277326297755 0,0028013464063455606
февраль 0 0
федерация 1,4271163556401458 0,0026403632851806583
физик 3,912023005428146 0,0036188926969733083
физика 2,659260036932778 0,0024600000341653823
физико 3,912023005428146 0,0036188926969733083
физический 2,120263536200091 0,003922781750601464
филипп 2,659260036932778 0,0049200000683307646
философия 0,09431067947124142 0,00017448784361006738
форум 0 0
фундаментальный 3,912023005428146 0,0036188926969733083
химик 3,912023005428146 0,007237785393946617
химический 3,912023005428146 0,0036188926969733083
химия 3,506557897319982 0,00973142802216461
художник 1,9661128563728327 0,0018187908014549795
царский 3,2188758248682006 0,0029776834642629055
ценный 3,2188758248682006 0,005955366928525811
центр 0,8915981192837835 0,0008247901195964695
церковь 1,4271163556401458 0,0039605449277709875
часть 0,5978370007556204 0,0005530407037517303
честь 1,8325814637483102 0,0016952649988421
числиться 4,605170185988092 0,004260101929683712
число 1,3470736479666094 0,0012461365846129597
чистик 4,605170185988092 0,008520203859367423
читать 0 0
шаблон 0 0
шемякин 3,912023005428146 0,007237785393946617
шенкурский 4,605170185988092 0,017040407718734846
шубин 3,2188758248682006 0,005955366928525811
шульгинский 4,605170185988092 0,025560611578102268
экономика 0,7550225842780328 0,0020953448222332085
энциклопедист 4,605170185988092 0,004260101929683712
энциклопедия 0 0
юг 1,0216512475319812 0,001890196572677116
юго 1,171182981502945 0,0010834255148038346
юнеско 2,0402208285265546 0,0037746916346467247
юрьевна 3,2188758248682006 0,005955366928525811
язык 0 0
якуровская 4,605170185988092 0,017040407718734846
ямало 4,605170185988092 0,008520203859367423
