август 0 0
австрийский 3,2188758248682006 0,025010690169916087
австрия 2,8134107167600364 0,23390438748510015
австро 3,2188758248682006 0,012505345084958043
автор 1,7147984280919266 0,001332399711027138
аллар 4,605170185988092 0,00715644162546712
алтарь 4,605170185988092 0,00357822081273356
алфавит 0 0
альберт 3,2188758248682006 0,012505345084958043
английский 0,37106368139083196 0,0002883167687574452
апрель 0 0
арабский 0,38566248081198473 0,00029966004725095937
армянский 1,8325814637483102 0,0014239172212496584
арсенич 1,5606477482646683 0,002425249026052321
артогня 4,605170185988092 0,00357822081273356
бабенберги 4,605170185988092 0,01073466243820068
барокко 3,912023005428146 0,006079289829725169
барон 3,506557897319982 0,0027245982108158365
баумгартнер 4,605170185988092 0,00715644162546712
белый 1,6094379124341003 0,0012505345084958045
большой 1,1086626245216111 0,0008614317206850125
бомба 2,8134107167600364 0,002186022312944861
борьба 1,8325814637483102 0,0014239172212496584
боснийский 2,659260036932778 0,002066247114943883
булочник 4,605170185988092 0,00357822081273356
быстрый 2,659260036932778 0,002066247114943883
василиск 4,605170185988092 0,00357822081273356
век 0,5108256237659907 0,001190735719734244
великий 1,0216512475319812 0,0007938238131561626
венгрия 2,8134107167600364 0,021860223129448613
вено 4,605170185988092 0,02862576650186848
венский 4,605170185988092 0,0178911040636678
веня 4,605170185988092 0,00715644162546712
версия 0 0
верховный 2,407945608651872 0,0018709756088981133
виандный 3,912023005428146 0,006079289829725169
википедия 0 0
вклад 0 0
владимир 1,2378743560016172 0,0019236586728851861
внести 2,5257286443082556 0,0019624931191206335
вносить 2,659260036932778 0,002066247114943883
военный 1,0498221244986776 0,0008157126064480789
восток 0,7985076962177716 0,0018613233012069268
восточный 0,9162907318741551 0,0007119586106248292
впервый 1,5606477482646683 0,0012126245130261604
выделяться 4,605170185988092 0,00357822081273356
высокий 1,8971199848858813 0,001474063702320032
высота 1,9661128563728327 0,001527671217072908
габсбургский 4,605170185988092 0,00357822081273356
газохранилище 4,605170185988092 0,00357822081273356
гарда 4,605170185988092 0,00715644162546712
гарри 2,995732273553991 0,00465537260847551
гвардия 3,506557897319982 0,0027245982108158365
генерал 1,8325814637483102 0,0014239172212496584
генрих 2,5257286443082556 0,01569994495296507
география 0,083381608939051 0,0003239378746660878
георг 3,506557897319982 0,0027245982108158365
герб 0,7133498878774648 0,0011085468343084146
германий 2,207274913189721 0,001715054322602736
германия 1,9661128563728327 0,013749040953656174
герцогство 3,2188758248682006 0,002501069016991609
главнокомандующий 3,912023005428146 0,0030396449148625843
горица 4,605170185988092 0,04293864975280272
горный 1,8971199848858813 0,001474063702320032
город 0,3424903089467759 0,0005322304723337621
государственный 0,7765287894989963 0,0018100904184125788
государство 0,6733445532637655 0,0010463784821503738
грайдерер 4,605170185988092 0,00715644162546712
граничить 1,1394342831883648 0,0008853413233786829
граф 2,8134107167600364 0,024046245442393477
греческий 1,4271163556401458 0,0011088705172029106
груз 3,2188758248682006 0,005002138033983218
грузинский 1,8325814637483102 0,0014239172212496584
данный 0,1508228897345837 0,00011718950251327404
дворец 1,9661128563728327 0,001527671217072908
декабрь 0 0
дель 3,506557897319982 0,005449196421631673
дементьева 1,9661128563728327 0,006110684868291632
деятель 1,5141277326297755 0,0011764784247317603
династия 2,0402208285265546 0,001585253169018302
длинный 2,995732273553991 0,00465537260847551
добавить 1,0498221244986776 0,0008157126064480789
добавлять 1,7719568419318754 0,0013768118429929102
доля 3,506557897319982 0,0027245982108158365
дом 1,3470736479666094 0,0010466772711473266
дополнять 2,207274913189721 0,001715054322602736
дорога 1,5606477482646683 0,002425249026052321
достоверный 4,605170185988092 0,00357822081273356
доян 3,912023005428146 0,006079289829725169
древний 1,4696759700589417 0,0011419393706751683
древо 4,605170185988092 0,00715644162546712
дунай 3,912023005428146 0,006079289829725169
европа 0,8915981192837835 0,002771089725823725
европарламент 4,605170185988092 0,00357822081273356
единственный 1,3470736479666094 0,0010466772711473266
железный 1,7147984280919266 0,002664799422054276
живописный 4,605170185988092 0,00357822081273356
жилой 3,506557897319982 0,0027245982108158365
журнал 0 0
заморский 4,605170185988092 0,00357822081273356
занести 2,5257286443082556 0,0019624931191206335
заниматься 0 0
запад 0,9162907318741551 0,0021358758318744875
запрос 0,1165338162559516 0,0003621874631109607
заседать 3,912023005428146 0,0030396449148625843
звук 4,605170185988092 0,00715644162546712
здание 1,8325814637483102 0,0014239172212496584
землевладелец 3,912023005428146 0,0030396449148625843
знаете 0,06187540371808745 9,615447353238144E-05
знак 0 0
значительный 2,302585092994046 0,00178911040636678
зоопарк 3,506557897319982 0,005449196421631673
иванович 1,6094379124341003 0,002501069016991609
иврит 1,6607312068216509 0,001290389438089861
избранный 0,083381608939051 0,00025915029973287023
избрать 0 0
изменение 0 0
изображение 0,06187540371808745 0,0002403861838309536
изобразать 4,605170185988092 0,00357822081273356
илла 1,3862943611198906 0,0010771517957419508
иметься 1,4271163556401458 0,0033266115516087315
императорский 4,605170185988092 0,00357822081273356
императрица 3,506557897319982 0,0027245982108158365
империя 1,2039728043259361 0,0018709756088981136
инсбрук 3,912023005428146 0,006079289829725169
информация 1,5606477482646683 0,0012126245130261604
иоганн 4,605170185988092 0,01431288325093424
искать 0 0
искусство 0,083381608939051 0,00038872544959930535
испанский 0,49429632181478017 0,0003840686261187103
использование 0 0
использоваться 1,4696759700589417 0,0011419393706751683
исправлять 2,207274913189721 0,001715054322602736
исторический 1,2378743560016172 0,0019236586728851861
история 0 0
источник 0 0
италия 1,8325814637483102 0,007119586106248291
итальянский 0,7339691750802005 0,0005702946193319352
июнь 0 0
йоханнес 3,506557897319982 0,005449196421631673
к 2,5257286443082556 0,0019624931191206335
канцлер 4,605170185988092 0,00715644162546712
карл 1,9661128563728327 0,004583013651218724
карлскирх 4,605170185988092 0,01431288325093424
карпато 3,912023005428146 0,006079289829725169
картина 2,302585092994046 0,00178911040636678
категория 0 0
километровый 4,605170185988092 0,00357822081273356
кильпинный 4,605170185988092 0,00715644162546712
китайский 1,171182981502945 0,000910010086637875
кладбище 2,5257286443082556 0,0019624931191206335
клостернойбург 4,605170185988092 0,00715644162546712
книга 0 0
код 0 0
колония 1,8325814637483102 0,0028478344424993167
комитет 2,659260036932778 0,004132494229887766
композитор 2,659260036932778 0,002066247114943883
контекст 3,506557897319982 0,0027245982108158365
копршивый 3,912023005428146 0,006079289829725169
крамер 4,605170185988092 0,00715644162546712
красный 0,7765287894989963 0,0006033634728041929
кремс 4,605170185988092 0,00715644162546712
кристина 2,995732273553991 0,00465537260847551
кровь 2,995732273553991 0,002327686304237755
кронпринц 4,605170185988092 0,00357822081273356
культура 0,3566749439387324 0,0011085468343084146
купол 3,912023005428146 0,0030396449148625843
курт 3,912023005428146 0,009118934744587753
ладислав 3,912023005428146 0,006079289829725169
лампартер 4,605170185988092 0,00715644162546712
ландшафт 4,605170185988092 0,00357822081273356
лифт 4,605170185988092 0,00357822081273356
лихтенштейн 4,605170185988092 0,00357822081273356
личность 0,127833371509885 0,00019865325797961927
лукас 3,506557897319982 0,005449196421631673
лучший 0 0
май 0 0
маленький 2,995732273553991 0,002327686304237755
маргарет 3,912023005428146 0,006079289829725169
марита 4,605170185988092 0,00715644162546712
марка 1,3470736479666094 0,002093354542294653
маркс 3,2188758248682006 0,005002138033983218
март 0 0
марта 0,3566749439387324 0,005542734171542073
математика 2,659260036932778 0,002066247114943883
материал 0 0
медведеть 3,2188758248682006 0,005002138033983218
мейнхард 4,605170185988092 0,00715644162546712
местный 1,8971199848858813 0,001474063702320032
место 0 0
метр 2,407945608651872 0,0018709756088981133
миро 0 0
мирьям 4,605170185988092 0,00715644162546712
мобильный 0 0
могила 2,5257286443082556 0,0019624931191206335
мой 0 0
монастырь 1,8325814637483102 0,0028478344424993167
монументальный 4,605170185988092 0,00357822081273356
москва 1,4271163556401458 0,0011088705172029106
моцарт 4,605170185988092 0,00715644162546712
моча 0,16251892949777494 0,00012627733449710563
мочь 0,8209805520698303 0,000637902526860785
музыкальный 2,207274913189721 0,001715054322602736
навигация 0 0
нажать 0 0
название 0 0
найти 0 0
наполнять 3,2188758248682006 0,002501069016991609
население 0,5108256237659907 0,0007938238131561628
наука 0,05129329438755048 0,00023912957756433792
находиться 0 0
национальный 0,7550225842780328 0,0017599594039114984
нацистский 3,2188758248682006 0,012505345084958043
начать 0,38566248081198473 0,005993200945019188
начинать 0,1508228897345837 0,00023437900502654808
недоставать 1,07880966137193 0,0008382359451219347
независимость 1,5141277326297755 0,0011764784247317603
некоммерческий 0 0
немецкий 0,5108256237659907 0,001984559532890407
необычный 3,506557897319982 0,0027245982108158365
непроверенный 1,9661128563728327 0,003055342434145816
никобарский 4,605170185988092 0,00715644162546712
никол 3,2188758248682006 0,005002138033983218
новый 0 0
ноябрь 0 0
обнаружить 2,407945608651872 0,0018709756088981133
обсуждение 0 0
общество 0,07257069283483537 0,000281937423600759
общий 1,3470736479666094 0,002093354542294653
обязательный 0 0
ойос 4,605170185988092 0,00715644162546712
октябрь 0 0
оперетта 4,605170185988092 0,00357822081273356
описание 0 0
оплот 4,605170185988092 0,00357822081273356
организация 0 0
освободительный 3,506557897319982 0,005449196421631673
основать 1,2729656758128876 0,0009890953192019328
основной 0 0
остров 1,2039728043259361 0,0028064634133471707
ответственность 0 0
отдельный 0 0
отдых 3,506557897319982 0,0027245982108158365
отказ 0 0
отсутствовать 0,05129329438755048 0,00011956478878216896
отто 3,506557897319982 0,0027245982108158365
оценивание 0,1508228897345837 0,00023437900502654808
ошибка 1,7147984280919266 0,001332399711027138
падение 2,995732273553991 0,00465537260847551
панель 3,912023005428146 0,0030396449148625843
панно 4,605170185988092 0,00357822081273356
парашютист 3,506557897319982 0,0027245982108158365
парта 4,605170185988092 0,00357822081273356
партия 1,8325814637483102 0,004271751663748975
патриот 4,605170185988092 0,00357822081273356
пейзаж 4,605170185988092 0,00357822081273356
первый 0 0
пережить 3,506557897319982 0,0027245982108158365
перейти 0 0
переулок 3,2188758248682006 0,002501069016991609
период 1,3093333199837622 0,0010173530069803901
персонаж 2,5257286443082556 0,0019624931191206335
персоналия 0,07257069283483537 0,0003383249083209108
петра 2,8134107167600364 0,004372044625889722
печать 0 0
пика 3,2188758248682006 0,002501069016991609
писать 2,0402208285265546 0,004755759507054906
пн 0,127833371509885 0,0005959597739388578
победить 2,5257286443082556 0,0019624931191206335
подборка 1,6094379124341003 0,010004276067966436
подкатегория 2,995732273553991 0,002327686304237755
подняться 3,912023005428146 0,0030396449148625843
подробный 0 0
поздний 2,120263536200091 0,0016474464150738857
поиск 0 0
показать 1,2729656758128876 0,0019781906384038657
политик 0 0
политический 1,2039728043259361 0,0009354878044490568
полоса 2,8134107167600364 0,002186022312944861
получить 0 0
помочь 0,127833371509885 0,00019865325797961927
помощь 0,127833371509885 9,932662898980964E-05
портал 0 0
португальский 0,49429632181478017 0,0003840686261187103
последний 0 0
посмотреть 0 0
поттер 3,506557897319982 0,005449196421631673
похоронный 3,2188758248682006 0,002501069016991609
появиться 1,6607312068216509 0,001290389438089861
править 0 0
правка 0 0
право 0,843970070294529 0,0013115308007684988
прага 3,506557897319982 0,005449196421631673
предлагать 0 0
представитель 2,120263536200091 0,0016474464150738857
представление 2,995732273553991 0,002327686304237755
преодолеть 3,912023005428146 0,0030396449148625843
приблизительно 2,995732273553991 0,002327686304237755
придворный 3,2188758248682006 0,002501069016991609
прикладной 3,912023005428146 0,006079289829725169
природа 1,07880966137193 0,0016764718902438694
приспособить 4,605170185988092 0,00357822081273356
проверить 1,9661128563728327 0,003055342434145816
проект 0 0
произведение 2,5257286443082556 0,003924986238241267
пролить 4,605170185988092 0,00357822081273356
прора 4,605170185988092 0,00715644162546712
простой 3,2188758248682006 0,002501069016991609
просьба 2,207274913189721 0,001715054322602736
протяжение 2,302585092994046 0,00178911040636678
прыжок 2,995732273553991 0,002327686304237755
пухнер 4,605170185988092 0,00715644162546712
пять 2,659260036932778 0,002066247114943883
работа 0,9942522733438669 0,0007725347889229735
работать 1,7147984280919266 0,001332399711027138
рабочий 2,8134107167600364 0,002186022312944861
развитие 0,9416085398584451 0,0007316305671005789
размер 2,8134107167600364 0,004372044625889722
разработка 1,07880966137193 0,0025147078353658044
разработчик 0 0
расположить 0,9162907318741551 0,0007119586106248292
реальный 2,995732273553991 0,002327686304237755
резиденция 2,8134107167600364 0,002186022312944861
река 1,1086626245216111 0,0008614317206850125
рекордный 3,912023005428146 0,0030396449148625843
религия 0,083381608939051 0,00012957514986643512
республика 0,9416085398584451 0,0007316305671005789
решить 2,995732273553991 0,002327686304237755
рива 4,605170185988092 0,00715644162546712
родословный 4,605170185988092 0,00715644162546712
родственный 0,21072103131565253 0,0001637304050626671
роман 1,4696759700589417 0,004567757482700673
русский 0 0
рюген 4,605170185988092 0,00715644162546712
самый 0,5447271754416719 0,001269760315714853
сафроновать 4,605170185988092 0,01431288325093424
сведение 0 0
свежий 0 0
свобода 2,302585092994046 0,00178911040636678
свободный 0 0
свой 1,4696759700589417 0,0011419393706751683
связать 0 0
святой 1,4696759700589417 0,007993575594726179
сгореть 3,912023005428146 0,0030396449148625843
сделать 2,120263536200091 0,0016474464150738857
север 1,0216512475319812 0,0007938238131561626
северо 1,6094379124341003 0,002501069016991609
сентябрь 0 0
сила 0,9416085398584451 0,0014632611342011578
символ 0,9416085398584451 0,0036581528355028948
символизировать 3,506557897319982 0,0027245982108158365
система 0 0
скорость 3,506557897319982 0,005449196421631673
следовать 1,4271163556401458 0,0011088705172029106
словакия 2,8134107167600364 0,004372044625889722
словения 2,8134107167600364 0,004372044625889722
случай 0 0
случайный 0 0
смотреть 0 0
собор 1,9661128563728327 0,006110684868291632
собрание 1,9661128563728327 0,001527671217072908
событие 0 0
совершить 2,407945608651872 0,0018709756088981133
содержание 0,1392620673335076 0,00010820673452486992
создание 0,8675005677047231 0,0020221458454655547
создать 0 0
сообщество 0 0
сохранение 0 0
социалистический 1,9661128563728327 0,003055342434145816
список 0 0
спорт 0,083381608939051 0,00012957514986643512
среди 1,4696759700589417 0,0011419393706751683
средневековый 2,659260036932778 0,002066247114943883
средневековье 2,8134107167600364 0,004372044625889722
ссылаться 0 0
ссылка 0 0
стабильный 1,4271163556401458 0,002217741034405821
ставить 2,407945608651872 0,0018709756088981133
стайкович 3,912023005428146 0,006079289829725169
старейший 2,995732273553991 0,002327686304237755
старинный 3,506557897319982 0,0027245982108158365
статистик 0 0
статья 0 0
стефана 3,2188758248682006 0,010004276067966436
стилистика 2,207274913189721 0,001715054322602736
стоить 2,407945608651872 0,0018709756088981133
столица 0,7985076962177716 0,000620441100402309
страница 0 0
сурувка 3,912023005428146 0,006079289829725169
сюд 0 0
театр 1,9661128563728327 0,003055342434145816
текст 0 0
текущий 3,2188758248682006 0,002501069016991609
тело 2,120263536200091 0,0016474464150738857
территория 0,8675005677047231 0,0006740486151551849
техника 0,06187540371808745 0,00019230894706476288
течь 0 0
тироль 3,912023005428146 0,006079289829725169
трагедия 3,506557897319982 0,0027245982108158365
триптих 4,605170185988092 0,01073466243820068
указатель 0 0
украинский 1,07880966137193 0,0008382359451219347
улучшать 2,0402208285265546 0,001585253169018302
университет 1,3470736479666094 0,002093354542294653
условие 0 0
участие 0 0
участник 0 0
файл 1,5141277326297755 0,0023529568494635206
февраль 0 0
федеральный 2,0402208285265546 0,003170506338036604
феликс 2,995732273553991 0,00465537260847551
фельдмаршал 3,506557897319982 0,0027245982108158365
философия 0,09431067947124142 0,00014655894245725162
флаг 0,8675005677047231 0,0006740486151551849
фон 1,9661128563728327 0,006110684868291632
форум 0 0
фото 2,5257286443082556 0,003924986238241267
французский 0,23572233352106994 0,0003663128726046153
фредерика 2,995732273553991 0,00465537260847551
футболист 1,8971199848858813 0,001474063702320032
ханс 3,506557897319982 0,005449196421631673
хоф 4,605170185988092 0,00715644162546712
цвет 2,207274913189721 0,003430108645205472
целый 1,7719568419318754 0,0013768118429929102
центральный 1,2729656758128876 0,0029672859576057985
церковь 1,4271163556401458 0,0033266115516087315
чехия 3,2188758248682006 0,005002138033983218
чешский 1,3862943611198906 0,0010771517957419508
читать 0 0
шаблон 0 0
шайер 4,605170185988092 0,00715644162546712
швейцария 2,995732273553991 0,011638431521188776
шпринценштейн 4,605170185988092 0,00715644162546712
штромберг 3,912023005428146 0,006079289829725169
шушнига 4,605170185988092 0,00715644162546712
эдварда 2,995732273553991 0,00465537260847551
эйнштейн 4,605170185988092 0,00357822081273356
экономика 0,7550225842780328 0,0011733062692743323
элемент 0,19845093872383823 0,0003083930671699118
энциклопедия 0 0
эрнст 3,912023005428146 0,006079289829725169
юг 1,0216512475319812 0,0007938238131561626
южный 1,171182981502945 0,00182002017327575
язык 0 0
