август 0 0
августа 0,843970070294529 0,0008389364515850188
автор 1,7147984280919266 0,0017045710020794497
авторский 4,605170185988092 0,0045777039622148024
авторство 4,605170185988092 0,0045777039622148024
актриса 3,912023005428146 0,003888690860266546
алл 4,605170185988092 0,22430749414852533
алле 4,605170185988092 0,013733111886644408
алфавит 0 0
альбом 3,2188758248682006 0,009599033274954873
анастасия 3,2188758248682006 0,0031996777583182907
англ 1,0498221244986776 0,0010435607599390434
английский 0,37106368139083196 0,0007377011558465843
андрей 1,2039728043259361 0,001196792052013853
анимационный 4,605170185988092 0,0045777039622148024
анна 1,9661128563728327 0,001954386537149933
апрель 0 0
артистка 4,605170185988092 0,0045777039622148024
арфа 4,605170185988092 0,0045777039622148024
архив 0,3011050927839216 0,0035917108483171562
аршавин 4,605170185988092 0,0045777039622148024
ахмадулина 4,605170185988092 0,0045777039622148024
баск 3,912023005428146 0,003888690860266546
белла 3,912023005428146 0,007777381720533092
большой 1,1086626245216111 0,0011020503225860944
борис 2,5257286443082556 0,0050213293127400705
британский 1,5141277326297755 0,001505097149731387
бронза 2,995732273553991 0,0029778650830556566
бронзовый 2,8134107167600364 0,002796630931172998
версия 0 0
вечер 3,912023005428146 0,003888690860266546
вечерний 4,605170185988092 0,013733111886644408
вид 1,0498221244986776 0,0010435607599390434
википедия 0 0
вклад 0 0
владимир 1,2378743560016172 0,0024609828151125586
вознаграждение 3,912023005428146 0,003888690860266546
войти 2,5257286443082556 0,0025106646563700353
волна 2,995732273553991 0,0029778650830556566
волочковый 4,605170185988092 0,0045777039622148024
вручаться 3,506557897319982 0,003485644033121254
вспоминать 3,912023005428146 0,003888690860266546
встреча 2,995732273553991 0,01786719049833394
второй 1,2378743560016172 0,0012304914075562793
входить 1,2378743560016172 0,0012304914075562793
выбираться 3,912023005428146 0,003888690860266546
выйти 2,659260036932778 0,010573598556392755
выпуск 2,995732273553991 0,0029778650830556566
выпустить 2,5257286443082556 0,0025106646563700353
вырезать 4,605170185988092 0,0045777039622148024
выход 1,8325814637483102 0,0018216515544217794
галкин 4,605170185988092 0,009155407924429605
география 0,083381608939051 0,00016576860624065805
главный 1,9661128563728327 0,001954386537149933
глеб 3,912023005428146 0,015554763441066185
год 0,6348782724359695 0,0012621834442066986
гражданский 1,5141277326297755 0,004515291449194161
грань 3,912023005428146 0,003888690860266546
грязь 3,912023005428146 0,003888690860266546
далья 0,3566749439387324 0,0010636429739723629
дать 2,5257286443082556 0,0025106646563700353
два 0 0
девушка 3,2188758248682006 0,0031996777583182907
декабрь 0 0
дело 2,120263536200091 0,0021076178292247423
денежный 3,506557897319982 0,006971288066242508
день 1,3862943611198906 0,0013780262038965113
деревня 1,8325814637483102 0,0018216515544217794
джахан 4,605170185988092 0,009155407924429605
дива 3,912023005428146 0,003888690860266546
диск 3,2188758248682006 0,0031996777583182907
дискография 3,912023005428146 0,003888690860266546
дмитрия 2,120263536200091 0,0021076178292247423
дно 3,912023005428146 0,003888690860266546
добавить 1,0498221244986776 0,0020871215198780867
документальный 2,8134107167600364 0,002796630931172998
доллар 2,302585092994046 0,0045777039622148024
дом 1,3470736479666094 0,0013390394114976235
дополнять 2,207274913189721 0,0021941102516796433
достояние 4,605170185988092 0,01831081584885921
дочь 2,407945608651872 0,002393584104027705
дрон 4,605170185988092 0,0045777039622148024
единственный 1,3470736479666094 0,0013390394114976235
ельцина 4,605170185988092 0,0045777039622148024
женщина 1,6607312068216509 0,003301652498651393
жизнь 1,5606477482646683 0,0015513397100046403
журнал 0 0
жюри 4,605170185988092 0,0045777039622148024
закат 4,605170185988092 0,009155407924429605
заниматься 0 0
занять 2,8134107167600364 0,002796630931172998
записать 3,912023005428146 0,003888690860266546
заполнять 4,605170185988092 0,0045777039622148024
запрос 0,1165338162559516 0,0002316775671092477
звезда 1,8325814637483102 0,009108257772108897
знаете 0,06187540371808745 0,00012301273104987564
знак 0 0
знаменитый 2,120263536200091 0,0021076178292247423
золотой 1,4696759700589417 0,007304552535084203
иврит 1,6607312068216509 0,0016508262493256966
идиома 4,605170185988092 0,0045777039622148024
избранный 0,083381608939051 0,0003315372124813161
избрать 0 0
издание 2,8134107167600364 0,005593261862345996
изменение 0 0
изображение 0,06187540371808745 0,00012301273104987564
изобразить 3,506557897319982 0,003485644033121254
икс 3,912023005428146 0,007777381720533092
иметь 0,616186139423817 0,0006125110729859014
инициатива 2,659260036932778 0,0026433996390981887
интервик 0,9675840262617057 0,002885439442132323
искать 0 0
искусство 0,083381608939051 0,00016576860624065805
исполнение 4,605170185988092 0,0045777039622148024
исполнитель 3,912023005428146 0,007777381720533092
использование 0 0
исправлять 2,207274913189721 0,0021941102516796433
история 0 0
источник 0 0
июнь 0 0
канал 2,407945608651872 0,007180752312083117
карьер 2,407945608651872 0,00478716820805541
категория 0 0
киноактриса 4,605170185988092 0,0045777039622148024
киркор 4,605170185988092 0,0045777039622148024
книга 0 0
код 0 0
количество 2,120263536200091 0,0021076178292247423
коммерсант 4,605170185988092 0,0045777039622148024
композитор 2,659260036932778 0,005286799278196377
композиция 3,2188758248682006 0,0031996777583182907
конец 1,4271163556401458 0,0028372094545529736
конкурсант 4,605170185988092 0,009155407924429605
контекст 3,506557897319982 0,003485644033121254
концерт 4,605170185988092 0,013733111886644408
концертный 3,506557897319982 0,006971288066242508
кончаться 4,605170185988092 0,0045777039622148024
кормухин 4,605170185988092 0,0045777039622148024
коста 3,912023005428146 0,003888690860266546
который 0,9162907318741551 0,0009108257772108897
кристина 2,995732273553991 0,0029778650830556566
крым 3,506557897319982 0,003485644033121254
летний 1,7147984280919266 0,0017045710020794497
лирический 4,605170185988092 0,0045777039622148024
личность 0,127833371509885 0,0002541418916697515
личный 2,5257286443082556 0,0025106646563700353
лолита 4,605170185988092 0,0045777039622148024
лучший 0 0
любовь 3,506557897319982 0,010456932099363762
май 0 0
максима 2,0402208285265546 0,004056105026891758
мали 3,2188758248682006 0,0031996777583182907
март 0 0
материал 0 0
медведев 4,605170185988092 0,0045777039622148024
международный 0,9942522733438669 0,0009883223393080188
место 0 0
метель 4,605170185988092 0,0045777039622148024
милявская 4,605170185988092 0,0045777039622148024
миро 0 0
михаил 1,5606477482646683 0,006205358840018561
младший 2,5257286443082556 0,0025106646563700353
многие 1,5606477482646683 0,0015513397100046403
мобильный 0 0
моисей 2,995732273553991 0,0029778650830556566
мой 0 0
молодая 3,912023005428146 0,003888690860266546
молодой 2,5257286443082556 0,0025106646563700353
момент 2,0402208285265546 0,002028052513445879
моча 0,16251892949777494 0,00016154963170752975
музыка 1,2729656758128876 0,007592240611210064
музыкальный 2,207274913189721 0,0043882205033592865
музыкант 2,995732273553991 0,0029778650830556566
мультличность 4,605170185988092 0,009155407924429605
мюзик 4,605170185988092 0,0045777039622148024
навигация 0 0
нажать 0 0
назвалить 2,995732273553991 0,0029778650830556566
название 0 0
назвать 1,9661128563728327 0,001954386537149933
найти 0 0
написать 0,9942522733438669 0,003953289357232075
народный 1,8325814637483102 0,0018216515544217794
настоящий 1,6094379124341003 0,0015998388791591454
насчитывать 2,659260036932778 0,0026433996390981887
наука 0,05129329438755048 0,00010197474033310234
находиться 0 0
начало 1,2039728043259361 0,001196792052013853
начинать 0,1508228897345837 0,00044977004891028934
недоставать 1,07880966137193 0,0010723754089184193
неизвестный 3,2188758248682006 0,0031996777583182907
некоммерческий 0 0
немецкий 0,5108256237659907 0,0005077789500655971
немощь 4,605170185988092 0,0045777039622148024
неоднократный 3,506557897319982 0,003485644033121254
николай 1,5141277326297755 0,001505097149731387
новосибирск 3,2188758248682006 0,006399355516636581
новость 1,4271163556401458 0,007093023636382435
новый 0 0
номерной 3,912023005428146 0,003888690860266546
нота 4,605170185988092 0,009155407924429605
нотный 4,605170185988092 0,0045777039622148024
ноябрь 0 0
обновление 4,605170185988092 0,0045777039622148024
образ 1,7147984280919266 0,0017045710020794497
обсуждение 0 0
общество 0,07257069283483537 0,0002164135969229683
общий 1,3470736479666094 0,002678078822995247
обязательный 0 0
один 0,843970070294529 0,0008389364515850188
октябрь 0 0
олимпийский 1,7719568419318754 0,0035227770217333503
ольга 2,659260036932778 0,0026433996390981887
описание 0 0
определение 2,5257286443082556 0,0025106646563700353
орбакать 4,605170185988092 0,0045777039622148024
организация 0 0
осенить 4,605170185988092 0,0045777039622148024
основа 1,8971199848858813 0,0018858051539621084
основной 0 0
оставить 2,302585092994046 0,0022888519811074012
ответственность 0 0
отдельный 0 0
отказ 0 0
открыть 2,0402208285265546 0,002028052513445879
отсутствовать 0,05129329438755048 0,0001529621104996535
оценивание 0,1508228897345837 0,00029984669927352617
очередной 4,605170185988092 0,0045777039622148024
ошибка 1,7147984280919266 0,0017045710020794497
ошибочный 4,605170185988092 0,0045777039622148024
памятник 1,2039728043259361 0,001196792052013853
партия 1,8325814637483102 0,0018216515544217794
парус 3,912023005428146 0,003888690860266546
певица 3,912023005428146 0,03499821774239892
первый 0 0
передний 4,605170185988092 0,0045777039622148024
переиздаваться 3,912023005428146 0,003888690860266546
перейти 0 0
персонаж 2,5257286443082556 0,0025106646563700353
персоналия 0,07257069283483537 0,00014427573128197887
песенный 4,605170185988092 0,0045777039622148024
песня 2,207274913189721 0,019746992265116788
петь 3,2188758248682006 0,006399355516636581
петя 4,605170185988092 0,009155407924429605
печать 0 0
писатель 2,207274913189721 0,0021941102516796433
план 2,5257286443082556 0,0025106646563700353
пластинка 3,912023005428146 0,003888690860266546
платформа 3,2188758248682006 0,006399355516636581
победительница 4,605170185988092 0,0045777039622148024
погибнуть 1,9661128563728327 0,001954386537149933
поддержка 2,659260036932778 0,0026433996390981887
подробный 0 0
позвать 4,605170185988092 0,013733111886644408
позиция 2,995732273553991 0,0029778650830556566
поиск 0 0
поклонник 3,2188758248682006 0,0031996777583182907
политик 0 0
поллыев 4,605170185988092 0,009155407924429605
полность 2,407945608651872 0,002393584104027705
получить 0 0
помимо 2,659260036932778 0,0026433996390981887
помочь 0,127833371509885 0,00012707094583487574
помощь 0,127833371509885 0,00012707094583487574
популярный 2,120263536200091 0,0042152356584494845
портал 0 0
посвятить 2,8134107167600364 0,005593261862345996
посетить 3,2188758248682006 0,006399355516636581
последний 0 0
посмотреть 0 0
поэт 1,8971199848858813 0,0018858051539621084
поэтесса 2,995732273553991 0,005955730166111313
появиться 1,6607312068216509 0,0016508262493256966
пояснение 4,605170185988092 0,0045777039622148024
править 0 0
правка 0 0
праздноваться 4,605170185988092 0,0045777039622148024
практически 3,2188758248682006 0,0031996777583182907
превысить 3,912023005428146 0,007777381720533092
предлагать 0 0
председатель 2,659260036932778 0,0026433996390981887
представление 2,995732273553991 0,0029778650830556566
премия 1,8325814637483102 0,005464954663265339
пресняк 4,605170185988092 0,0045777039622148024
прибалтийский 4,605170185988092 0,009155407924429605
прибалтика 4,605170185988092 0,0045777039622148024
приглашение 4,605170185988092 0,009155407924429605
приз 2,8134107167600364 0,002796630931172998
признать 1,7147984280919266 0,0017045710020794497
прилагаться 4,605170185988092 0,0045777039622148024
принять 1,3862943611198906 0,0027560524077930226
программа 2,207274913189721 0,01316466151007786
продюсер 3,506557897319982 0,003485644033121254
проект 0 0
произведение 2,5257286443082556 0,0025106646563700353
прослушивание 4,605170185988092 0,0045777039622148024
проставлять 4,605170185988092 0,0045777039622148024
проходить 1,5141277326297755 0,001505097149731387
прохоров 4,605170185988092 0,009155407924429605
прямой 3,2188758248682006 0,0031996777583182907
публичный 4,605170185988092 0,0045777039622148024
пугачев 4,605170185988092 0,0045777039622148024
пугачева 4,605170185988092 0,0045777039622148024
пусть 3,912023005428146 0,003888690860266546
путина 3,912023005428146 0,003888690860266546
пятиметровый 4,605170185988092 0,0045777039622148024
радио 2,995732273553991 0,0029778650830556566
радость 3,912023005428146 0,007777381720533092
развитие 0,9416085398584451 0,000935992584352331
разработка 1,07880966137193 0,0032171262267552585
разработчик 0 0
рассказать 4,605170185988092 0,0045777039622148024
расцвет 2,995732273553991 0,0029778650830556566
религия 0,083381608939051 0,00016576860624065805
репертуар 4,605170185988092 0,013733111886644408
республика 0,9416085398584451 0,003743970337409324
ресторан 3,912023005428146 0,003888690860266546
родственник 3,912023005428146 0,007777381720533092
рождение 2,0402208285265546 0,004056105026891758
рождественский 3,2188758248682006 0,019198066549909746
рождество 3,912023005428146 0,023332145161599278
роль 2,120263536200091 0,0021076178292247423
российский 1,0498221244986776 0,004174243039756173
россия 0,7765287894989963 0,003859487025342924
русский 0 0
сайт 2,302585092994046 0,0022888519811074012
самойлов 4,605170185988092 0,0045777039622148024
самый 0,5447271754416719 0,0005414783056080238
сведение 0 0
свежий 0 0
света 2,0402208285265546 0,002028052513445879
свободный 0 0
связать 0 0
севара 4,605170185988092 0,0045777039622148024
сентябрь 0 0
сериал 3,506557897319982 0,003485644033121254
серия 2,207274913189721 0,0021941102516796433
силуэт 4,605170185988092 0,0045777039622148024
сингл 4,605170185988092 0,009155407924429605
система 0 0
скандал 3,506557897319982 0,006971288066242508
скороходов 4,605170185988092 0,009155407924429605
слово 1,5606477482646683 0,0015513397100046403
случай 0 0
случайный 0 0
смить 2,659260036932778 0,0026433996390981887
смотреть 0 0
снежина 4,605170185988092 0,03662163169771842
собственный 1,8325814637483102 0,0018216515544217794
событие 0 0
совет 2,302585092994046 0,0022888519811074012
советский 1,3470736479666094 0,0013390394114976235
содержание 0,1392620673335076 0,0001384314784627312
создать 0 0
сольный 3,912023005428146 0,003888690860266546
сон 2,995732273553991 0,005955730166111313
сообщать 3,506557897319982 0,003485644033121254
сообщество 0 0
соответственно 2,8134107167600364 0,002796630931172998
состояться 2,207274913189721 0,0021941102516796433
сохранение 0 0
спеть 3,912023005428146 0,003888690860266546
специальный 2,407945608651872 0,002393584104027705
список 0 0
спичрайтер 4,605170185988092 0,009155407924429605
спорт 0,083381608939051 0,00016576860624065805
споткомлекс 4,605170185988092 0,0045777039622148024
средство 1,9661128563728327 0,001954386537149933
ссср 1,4271163556401458 0,0014186047272764868
ссылаться 0 0
ссылка 0 0
стан 3,506557897319982 0,003485644033121254
старость 4,605170185988092 0,0045777039622148024
статистик 0 0
стать 0,4620354595965586 0,000459279780911092
статья 0 0
стела 3,912023005428146 0,007777381720533092
стилизовать 4,605170185988092 0,0045777039622148024
стихотворение 3,2188758248682006 0,0031996777583182907
страница 0 0
стрельцовая 4,605170185988092 0,0045777039622148024
счастливый 4,605170185988092 0,009155407924429605
счёт 2,995732273553991 0,0029778650830556566
сша 0,9675840262617057 0,0019236262947548819
съемка 3,912023005428146 0,015554763441066185
сюд 0 0
талант 4,605170185988092 0,027466223773288816
талантливый 4,605170185988092 0,009155407924429605
татьяна 3,2188758248682006 0,025597422066546326
творческий 3,2188758248682006 0,0031996777583182907
текст 0 0
текущий 3,2188758248682006 0,0031996777583182907
телеведущая 4,605170185988092 0,0045777039622148024
телеканал 3,912023005428146 0,011666072580799639
техника 0,06187540371808745 0,00012301273104987564
течь 0 0
тираж 3,2188758248682006 0,006399355516636581
титр 4,605170185988092 0,0045777039622148024
третий 1,7147984280919266 0,0017045710020794497
увековечивать 3,912023005428146 0,003888690860266546
указатель 0 0
указать 2,407945608651872 0,002393584104027705
украинский 1,07880966137193 0,0010723754089184193
улица 1,8971199848858813 0,0018858051539621084
ургант 4,605170185988092 0,013733111886644408
условие 0 0
установить 1,7719568419318754 0,0017613885108666752
участие 0 0
участник 0 0
учредить 3,506557897319982 0,003485644033121254
фактор 3,506557897319982 0,04182772839745505
февраль 0 0
фест 4,605170185988092 0,0045777039622148024
фестиваль 2,995732273553991 0,0029778650830556566
филипп 2,659260036932778 0,0026433996390981887
философия 0,09431067947124142 0,00018749638065853163
фильм 1,6094379124341003 0,0015998388791591454
финальный 3,2188758248682006 0,006399355516636581
финский 1,9661128563728327 0,001954386537149933
форматировать 3,912023005428146 0,003888690860266546
форум 0 0
французский 0,23572233352106994 0,00023431643491160032
характер 2,5257286443082556 0,0025106646563700353
хотеть 2,302585092994046 0,0045777039622148024
цель 1,7719568419318754 0,0017613885108666752
цепляться 4,605170185988092 0,0045777039622148024
цитата 1,4271163556401458 0,007093023636382435
часть 0,5978370007556204 0,0005942713725204974
человек 1,1394342831883648 0,003397915357420571
черта 2,995732273553991 0,0029778650830556566
честь 1,8325814637483102 0,0018216515544217794
читать 0 0
шаблон 0 0
шоу 3,912023005428146 0,007777381720533092
эгида 2,995732273553991 0,0029778650830556566
экземпляр 2,8134107167600364 0,005593261862345996
энциклопедия 0 0
эпизод 4,605170185988092 0,027466223773288816
эстрадный 4,605170185988092 0,009155407924429605
эфир 3,912023005428146 0,023332145161599278
юля 4,605170185988092 0,0045777039622148024
являться 0,3424903089467759 0,0003404476232075307
язык 0 0
ялта 4,605170185988092 0,0045777039622148024
январь 0,6733445532637655 0,0006693285817731267
ярослав 3,2188758248682006 0,0031996777583182907
