август 0 0
августа 0,843970070294529 0,0033032096684717377
авиационный 2,302585092994046 0,01351811209194156
авиация 2,120263536200091 0,012447731132290162
автономия 3,506557897319982 0,003431074263522487
автономный 1,6607312068216509 0,0016249816113714784
ади 4,605170185988092 0,00901207472796104
административный 0,7133498878774648 0,0006979940194495741
аднан 3,506557897319982 0,003431074263522487
адриатический 3,2188758248682006 0,0031495849558397264
академия 2,120263536200091 0,0020746218553816934
алфавит 0 0
английский 0,37106368139083196 0,00036307600918868095
апрель 0 0
арабский 0,38566248081198473 0,0003773605487397111
армия 1,7719568419318754 0,0017338129568805042
армянский 1,8325814637483102 0,0017931325476989335
артиллерийский 3,2188758248682006 0,0031495849558397264
артиллерия 3,2188758248682006 0,0031495849558397264
архив 0,3011050927839216 0,0029462337845784893
балкан 2,659260036932778 0,00780604707514514
баялович 3,912023005428146 0,007655622319820246
библиотека 2,659260036932778 0,002602015691715047
биг 3,912023005428146 0,007655622319820246
бобслейный 4,605170185988092 0,00901207472796104
боевой 1,8971199848858813 0,011137690713615742
большинство 1,7147984280919266 0,0016778849589940573
босна 4,605170185988092 0,00450603736398052
босниец 4,605170185988092 0,00901207472796104
боснийский 2,659260036932778 0,018214109842005326
босния 3,2188758248682006 0,24566762655549865
брчоко 4,605170185988092 0,00901207472796104
вели 3,912023005428146 0,003827811159910123
великий 1,0216512475319812 0,0009996587549236605
великое 2,8134107167600364 0,0027528480594520904
версия 0 0
википедия 0 0
виолончелист 4,605170185988092 0,00450603736398052
вклад 0 0
военачальник 2,407945608651872 0,0023561111630644536
возглавить 2,995732273553991 0,0029312448860606562
война 0,7133498878774648 0,005583952155596593
восстание 2,0402208285265546 0,003992604361108717
восточный 0,9162907318741551 0,0008965662738494668
врхбосный 4,605170185988092 0,00450603736398052
вылет 3,506557897319982 0,003431074263522487
высота 1,9661128563728327 0,0019237894876446503
выход 1,8325814637483102 0,0017931325476989335
галерея 3,2188758248682006 0,0031495849558397264
география 0,083381608939051 0,00032634680602368295
герцеговина 3,506557897319982 0,267623792554754
го 2,0402208285265546 0,003992604361108717
город 0,3424903089467759 0,0003351177191260038
государственный 0,7765287894989963 0,003039251622305269
государство 0,6733445532637655 0,0013176997128449422
градачац 4,605170185988092 0,00901207472796104
градашчевич 4,605170185988092 0,01351811209194156
гражданин 2,659260036932778 0,002602015691715047
гран 3,506557897319982 0,006862148527044974
граница 1,4271163556401458 0,004189186953933891
далья 0,3566749439387324 0,0010469910291743612
данный 0,1508228897345837 0,00014757621304753785
дата 2,302585092994046 0,00225301868199026
два 0 0
движение 1,6094379124341003 0,0015747924779198632
декабрь 0 0
джура 3,912023005428146 0,007655622319820246
доброволец 3,506557897319982 0,006862148527044974
дракон 3,2188758248682006 0,006299169911679453
европа 0,8915981192837835 0,004362026023893266
европейский 1,1086626245216111 0,001084797088573005
житель 1,7147984280919266 0,005033654876982172
журнал 0 0
заниматься 0 0
западнобалканский 4,605170185988092 0,01802414945592208
запрос 0,1165338162559516 0,0003420757815732434
захватить 2,407945608651872 0,0023561111630644536
знаете 0,06187540371808745 0,00012108689573011242
знак 0 0
избранный 0,083381608939051 0,00032634680602368295
избрать 0 0
изменение 0 0
изображение 0,06187540371808745 0,0003027172393252811
иметь 0,616186139423817 0,0012058437170720487
империя 1,2039728043259361 0,001178055581532227
индустриальный 3,2188758248682006 0,0031495849558397264
искать 0 0
искусство 0,083381608939051 0,00024476010451776224
ислам 1,7147984280919266 0,0033557699179881145
испанский 0,49429632181478017 0,0004836558921866733
использование 0 0
использовать 1,4271163556401458 0,0013963956513112971
использоваться 1,4696759700589417 0,001438039109646714
история 0 0
источник 0 0
итальянский 0,7339691750802005 0,0007181694472409007
июнь 0 0
кантон 3,912023005428146 0,003827811159910123
категория 0 0
книга 0 0
код 0 0
командование 2,659260036932778 0,005204031383430094
красный 0,7765287894989963 0,0015196258111526346
крепость 1,9661128563728327 0,0019237894876446503
культура 0,3566749439387324 0,0006979940194495741
культурный 1,5141277326297755 0,0014815339849606414
личность 0,127833371509885 0,00025016315363969664
лучший 0 0
май 0 0
македонский 1,5606477482646683 0,001527052591257014
март 0 0
марта 0,3566749439387324 0,005234955145871805
материал 0 0
место 0 0
миро 0 0
мобильный 0 0
мой 0 0
море 1,1394342831883648 0,003344719030885611
моча 0,16251892949777494 0,00015902047896064082
мочь 0,8209805520698303 0,0008033077808902449
музей 1,3093333199837622 0,0012811480626064209
мусульманин 2,659260036932778 0,005204031383430094
мусульманский 2,407945608651872 0,004712222326128907
навигация 0 0
нажать 0 0
название 0 0
называть 1,6607312068216509 0,0016249816113714784
называться 1,9661128563728327 0,0019237894876446503
найти 0 0
налог 3,506557897319982 0,003431074263522487
написание 1,9661128563728327 0,0019237894876446503
население 0,5108256237659907 0,0019993175098473215
нато 2,995732273553991 0,0058624897721213124
наука 0,05129329438755048 0,0002509456672580747
находиться 0 0
национальный 0,7550225842780328 0,0007387696519354528
начало 1,2039728043259361 0,001178055581532227
начать 0,38566248081198473 0,005660408231095666
начинать 0,1508228897345837 0,0002951524260950757
невич 4,605170185988092 0,00450603736398052
неделя 1,5141277326297755 0,008889203909763848
недоставать 1,07880966137193 0,0010555867528101075
независимость 1,5141277326297755 0,0014815339849606414
некоммерческий 0 0
немецкий 0,5108256237659907 0,0004998293774618304
низкий 2,8134107167600364 0,0027528480594520904
новый 0 0
ноябрь 0 0
область 0,7765287894989963 0,0007598129055763173
обсуждение 0 0
общество 0,07257069283483537 0,00028403402283692903
обязательный 0 0
округ 1,9661128563728327 0,0038475789752893006
октябрь 0 0
олимпийский 1,7719568419318754 0,0017338129568805042
оон 3,2188758248682006 0,006299169911679453
операция 1,9661128563728327 0,0019237894876446503
описание 0 0
организатор 2,8134107167600364 0,0027528480594520904
организация 0 0
осада 2,8134107167600364 0,0027528480594520904
осман 2,995732273553991 0,0029312448860606562
османский 2,407945608651872 0,0023561111630644536
основать 1,2729656758128876 0,0012455632835742538
основной 0 0
основный 1,8325814637483102 0,0017931325476989335
оставлять 1,7719568419318754 0,0017338129568805042
ответственность 0 0
отдельный 0 0
отказ 0 0
отсутствовать 0,05129329438755048 0,0002509456672580747
оценивание 0,1508228897345837 0,0002951524260950757
памятник 1,2039728043259361 0,002356111163064454
первый 0 0
перейти 0 0
переходить 3,912023005428146 0,003827811159910123
персоналия 0,07257069283483537 0,0003550425285461613
печать 0 0
планета 2,659260036932778 0,002602015691715047
пн 0,127833371509885 0,0005003263072793933
погибнуть 1,9661128563728327 0,0019237894876446503
подробный 0 0
поиск 0 0
политик 0 0
получить 0 0
помещать 3,506557897319982 0,003431074263522487
помочь 0,127833371509885 0,00012508157681984832
помощь 0,127833371509885 0,00025016315363969664
портал 0 0
португальский 0,49429632181478017 0,0004836558921866733
последний 0 0
посмотреть 0 0
править 0 0
правка 0 0
право 0,843970070294529 0,0016516048342358688
предлагать 0 0
предприятие 2,995732273553991 0,0029312448860606562
принимать 2,302585092994046 0,00225301868199026
принуждение 3,506557897319982 0,003431074263522487
природа 1,07880966137193 0,002111173505620215
причина 2,407945608651872 0,0023561111630644536
проект 0 0
происходить 1,9661128563728327 0,0019237894876446503
промышленный 2,5257286443082556 0,0024713587517693303
противотанковый 3,506557897319982 0,013724297054089948
разведка 2,995732273553991 0,011724979544242625
разведывательный 3,912023005428146 0,007655622319820246
раздел 0,9675840262617057 0,0009467554073010818
разработчик 0 0
расположить 0,9162907318741551 0,0008965662738494668
религия 0,083381608939051 0,00016317340301184147
республика 0,9416085398584451 0,004606695400481629
родиться 0,8915981192837835 0,000872405204778653
родственный 0,21072103131565253 0,000206184962148388
рота 2,995732273553991 0,0029312448860606562
руина 3,2188758248682006 0,0031495849558397264
русский 0 0
санный 3,912023005428146 0,007655622319820246
сараев 4,605170185988092 0,00450603736398052
сараево 4,605170185988092 0,0450603736398052
сараевский 4,605170185988092 0,00450603736398052
сведение 0 0
свежий 0 0
свободный 0 0
связать 0 0
связь 1,6607312068216509 0,012999852890971827
сентябрь 0 0
серб 3,912023005428146 0,015311244639640492
сербия 2,5257286443082556 0,012356793758846652
сербский 1,7147984280919266 0,011745194712958401
сила 0,9416085398584451 0,0036853563203853032
символ 0,9416085398584451 0,0018426781601926516
система 0 0
следовать 1,4271163556401458 0,0013963956513112971
словенец 3,912023005428146 0,003827811159910123
служить 2,0402208285265546 0,0019963021805543585
случай 0 0
случайный 0 0
смотреть 0 0
событие 0 0
совершить 2,407945608651872 0,0023561111630644536
содержание 0,1392620673335076 0,0001362642537509859
создать 0 0
солдат 2,8134107167600364 0,0027528480594520904
сообщество 0 0
сохранение 0 0
список 0 0
спорт 0,083381608939051 0,00016317340301184147
сражаться 2,8134107167600364 0,005505696118904181
ссылаться 0 0
ссылка 0 0
статистик 0 0
статья 0 0
столица 0,7985076962177716 0,0015626373702891812
страна 0,43078291609245434 0,0012645291079034862
страница 0 0
сюд 0 0
текст 0 0
территория 0,8675005677047231 0,0016976527743732348
техника 0,06187540371808745 0,00024217379146022485
течь 0 0
торговля 2,8134107167600364 0,0027528480594520904
торговый 2,995732273553991 0,0029312448860606562
транспортный 2,207274913189721 0,012958561134186228
трасса 4,605170185988092 0,00901207472796104
турок 3,2188758248682006 0,006299169911679453
указатель 0 0
украинский 1,07880966137193 0,0010555867528101075
улица 1,8971199848858813 0,003712563571205247
университет 1,3470736479666094 0,0013180759764839622
уровень 2,0402208285265546 0,0019963021805543585
условие 0 0
устройство 1,3470736479666094 0,0026361519529679244
участие 0 0
участник 0 0
февраль 0 0
федерация 1,4271163556401458 0,004189186953933891
философия 0,09431067947124142 0,00018456101657777184
форум 0 0
французский 0,23572233352106994 0,0002306480758523189
хорват 3,912023005428146 0,007655622319820246
хорватия 2,8134107167600364 0,013764240297260451
художественный 2,407945608651872 0,0023561111630644536
хусеин 4,605170185988092 0,00450603736398052
хусейн 3,506557897319982 0,01029322279056746
хх 1,2729656758128876 0,0012455632835742538
центр 0,8915981192837835 0,0026172156143359593
центральный 1,2729656758128876 0,0012455632835742538
черногорец 4,605170185988092 0,00450603736398052
черногория 3,506557897319982 0,017155371317612435
чешский 1,3862943611198906 0,001356452408140793
читать 0 0
шаблон 0 0
шведский 1,7147984280919266 0,0016778849589940573
шестимиллиардный 4,605170185988092 0,00450603736398052
экономика 0,7550225842780328 0,0014775393038709056
элемент 0,19845093872383823 0,00038835800141651317
энтитет 4,605170185988092 0,00450603736398052
энциклопедия 0 0
эскадрилья 3,2188758248682006 0,08188920885183289
юго 1,171182981502945 0,0011459716061672652
юный 3,506557897319982 0,003431074263522487
являться 0,3424903089467759 0,0003351177191260038
язык 0 0
