абеди 4,605170185988092 0,017443826462076106
август 0 0
административный 0,7133498878774648 0,0010808331634507042
азия 1,5141277326297755 0,0011470664641134664
айя 4,605170185988092 0,003488765292415221
аккра 3,912023005428146 0,023709230335928158
алфавит 0 0
америка 1,4271163556401458 0,0010811487542728376
англ 1,0498221244986776 0,003976598956434385
английский 0,37106368139083196 0,0014055442476925454
англоязычный 2,995732273553991 0,0022694941466318112
апрель 0 0
арабский 0,38566248081198473 0,0002921685460696854
архив 0,3011050927839216 0,0018248793502055856
архитектура 1,1086626245216111 0,0016797918553357744
атлантический 1,9661128563728327 0,0014894794366460853
африка 1,5606477482646683 0,023646178004010126
африканский 2,120263536200091 0,014456342292273347
ашанти 3,506557897319982 0,013282416277727204
бенин 3,2188758248682006 0,004877084583133637
берег 1,6094379124341003 0,014631253749400911
больший 1,8325814637483102 0,0013883192907184168
большой 1,1086626245216111 0,0008398959276678872
британия 3,912023005428146 0,0029636537919910198
британский 1,5141277326297755 0,01261773110524813
буркина 3,2188758248682006 0,009754169166267274
бусуа 4,605170185988092 0,003488765292415221
быть 1,9661128563728327 0,0014894794366460853
важнейший 2,5257286443082556 0,0019134307911426178
валюта 1,5141277326297755 0,0022941329282269328
варьировать 4,605170185988092 0,003488765292415221
введение 1,3470736479666094 0,002041020678737287
вдоль 3,912023005428146 0,0029636537919910198
ведение 2,8134107167600364 0,00213137175512124
век 0,5108256237659907 0,002321934653481776
величина 2,659260036932778 0,002014590937070286
вернуться 2,659260036932778 0,002014590937070286
версия 0 0
вест 3,506557897319982 0,005312966511090881
видеть 3,2188758248682006 0,0024385422915668186
викиверситет 2,659260036932778 0,002014590937070286
викиновость 1,0216512475319812 0,0007739782178272585
википедия 0 0
викисклад 0,5798184952529422 0,0013177693073930504
викисловар 1,8325814637483102 0,0013883192907184168
викитек 1,1394342831883648 0,0008632077902942158
викиучебник 2,5257286443082556 0,0019134307911426178
викицитатник 0,9675840262617057 0,0007330182017134134
викториаборг 4,605170185988092 0,003488765292415221
вклад 0 0
власть 1,4696759700589417 0,0022267817728165783
вмс 3,2188758248682006 0,0024385422915668186
внешний 1,3862943611198906 0,002100446001696804
военный 1,0498221244986776 0,000795319791286877
возле 3,506557897319982 0,0026564832555454406
война 0,7133498878774648 0,0010808331634507042
волнистый 3,912023005428146 0,0029636537919910198
вольт 3,506557897319982 0,0026564832555454406
восток 0,7985076962177716 0,0006049300728922512
впря 4,605170185988092 0,003488765292415221
всемирный 1,6607312068216509 0,0012581297021376143
всеобщий 3,2188758248682006 0,0024385422915668186
входить 1,2378743560016172 0,0009377836030315282
выбирать 3,912023005428146 0,0029636537919910198
выбор 2,120263536200091 0,0032125205093940772
вынудить 2,302585092994046 0,0017443826462076105
выразить 3,506557897319982 0,0026564832555454406
гана 3,2188758248682006 0,2487313137398155
ганец 4,605170185988092 0,003488765292415221
ганский 4,605170185988092 0,003488765292415221
ганя 4,605170185988092 0,03139888763173699
гвинейский 3,506557897319982 0,005312966511090881
геер 4,605170185988092 0,006977530584830442
география 0,083381608939051 0,00031583942779943563
герб 0,7133498878774648 0,0021616663269014083
гимн 1,2378743560016172 0,0018755672060630565
глава 2,120263536200091 0,0016062602546970386
глубь 4,605170185988092 0,003488765292415221
го 2,0402208285265546 0,0015456218397928445
год 0,6348782724359695 0,0019238735528362713
голландский 2,995732273553991 0,0022694941466318112
город 0,3424903089467759 0,001556774131576254
государственный 0,7765287894989963 0,002353117543936352
государство 0,6733445532637655 0,003060657060289843
граница 1,4271163556401458 0,0010811487542728376
граничить 1,1394342831883648 0,0008632077902942158
д 1,5141277326297755 0,006882398784680797
далья 0,3566749439387324 0,0016212497451760562
даний 2,995732273553991 0,0022694941466318112
данный 0,1508228897345837 0,00034277929485132655
два 0 0
де 1,1394342831883648 0,0017264155805884315
действовать 2,120263536200091 0,0016062602546970386
декабрь 0 0
деление 0,9675840262617057 0,0014660364034268269
демократический 1,9661128563728327 0,0014894794366460853
дерево 1,7147984280919266 0,0025981794365029193
держава 2,8134107167600364 0,00213137175512124
джунгля 4,605170185988092 0,003488765292415221
добавление 3,2188758248682006 0,0024385422915668186
дом 1,3470736479666094 0,0010205103393686435
европа 0,8915981192837835 0,001350906241339066
европейский 1,1086626245216111 0,005039375566007323
житель 1,7147984280919266 0,0012990897182514596
журнал 0 0
заканчивый 4,605170185988092 0,003488765292415221
заключить 2,8134107167600364 0,00213137175512124
законодательный 2,407945608651872 0,0036484024373513208
залив 2,207274913189721 0,003344355929075335
заложить 3,506557897319982 0,005312966511090881
замок 2,5257286443082556 0,0038268615822852356
заниматься 0 0
запад 0,9162907318741551 0,0006941596453592084
западный 0,9942522733438669 0,0022596642575996974
запрос 0,1165338162559516 0,00017656638826659335
заселяться 4,605170185988092 0,003488765292415221
здание 1,8325814637483102 0,0027766385814368337
земля 1,2378743560016172 0,003751134412126113
знаете 0,06187540371808745 9,37506116940719E-05
знак 0 0
золотой 1,4696759700589417 0,017814254182532626
играть 2,120263536200091 0,0016062602546970386
игрок 2,407945608651872 0,0018242012186756604
идея 3,506557897319982 0,0026564832555454406
избирательный 3,2188758248682006 0,0024385422915668186
избирать 3,912023005428146 0,0059273075839820395
избранный 0,083381608939051 0,0002526715422395485
избрать 0 0
известный 0,7765287894989963 0,0017648381579522642
изменение 0 0
изображение 0,06187540371808745 0,00014062591754110783
иллюстрация 1,8325814637483102 0,0013883192907184168
империя 1,2039728043259361 0,0009121006093378304
индский 4,605170185988092 0,006977530584830442
индустриальный 3,2188758248682006 0,0024385422915668186
инициатор 3,506557897319982 0,0026564832555454406
интервик 0,9675840262617057 0,0014660364034268269
интернет 1,6607312068216509 0,0025162594042752286
искать 0 0
исключение 2,659260036932778 0,002014590937070286
искусство 0,083381608939051 0,00012633577111977425
ислам 1,7147984280919266 0,0012990897182514596
испанский 0,49429632181478017 0,00037446691046574257
исповедовать 3,506557897319982 0,0026564832555454406
исполнительный 3,506557897319982 0,0026564832555454406
использование 0 0
исправление 3,2188758248682006 0,0024385422915668186
история 0 0
источник 0 0
июнь 0 0
кабо 3,912023005428146 0,0059273075839820395
какао 4,605170185988092 0,006977530584830442
канарский 3,2188758248682006 0,004877084583133637
капитан 2,8134107167600364 0,00213137175512124
карлофф 4,605170185988092 0,003488765292415221
карлоффер 4,605170185988092 0,003488765292415221
карьер 2,407945608651872 0,0018242012186756604
категория 0 0
качество 1,5606477482646683 0,0011823089002005063
кибить 4,605170185988092 0,006977530584830442
кинематограф 1,5141277326297755 0,0022941329282269328
клуб 1,7719568419318754 0,002684783093836175
книга 0 0
код 0 0
колониализм 4,605170185988092 0,003488765292415221
колониальный 2,659260036932778 0,002014590937070286
колонизатор 3,2188758248682006 0,004877084583133637
колонизация 2,995732273553991 0,0022694941466318112
колония 1,8325814637483102 0,0083299157443105
компания 2,407945608651872 0,014593609749405283
комплекс 1,8971199848858813 0,0014372121097620313
конституция 1,2729656758128876 0,001928735872443769
контракт 3,912023005428146 0,0029636537919910198
кора 3,506557897319982 0,0026564832555454406
королева 2,659260036932778 0,002014590937070286
королевский 2,5257286443082556 0,0019134307911426178
королевство 1,6094379124341003 0,0012192711457834093
король 1,7147984280919266 0,0012990897182514596
корсо 4,605170185988092 0,006977530584830442
кот 2,995732273553991 0,011347470733159056
который 0,9162907318741551 0,0006941596453592084
красный 0,7765287894989963 0,000588279385984088
крепость 1,9661128563728327 0,0014894794366460853
крест 3,912023005428146 0,0029636537919910198
кристина 2,995732273553991 0,0045389882932636225
крона 3,912023005428146 0,0029636537919910198
крупнейший 1,2039728043259361 0,0009121006093378304
кубок 2,302585092994046 0,005233147938622831
культура 0,3566749439387324 0,0008106248725880281
культурный 1,5141277326297755 0,0011470664641134664
купить 3,2188758248682006 0,0024385422915668186
лазоревый 4,605170185988092 0,003488765292415221
лев 2,659260036932778 0,004029181874140572
лежать 2,995732273553991 0,0022694941466318112
леопард 3,912023005428146 0,0029636537919910198
ливия 3,506557897319982 0,0026564832555454406
литература 1,1086626245216111 0,0016797918553357744
личность 0,127833371509885 0,00019368692653012879
луи 2,995732273553991 0,0045389882932636225
лучший 0 0
май 0 0
марк 1,3862943611198906 0,001050223000848402
марка 1,3470736479666094 0,0010205103393686435
марсель 4,605170185988092 0,003488765292415221
март 0 0
материал 0 0
мегаполис 4,605170185988092 0,006977530584830442
медиа 3,506557897319982 0,0026564832555454406
местный 1,8971199848858813 0,0014372121097620313
место 0 0
меч 3,912023005428146 0,0029636537919910198
миро 0 0
мировой 1,2039728043259361 0,0009121006093378304
многие 1,5606477482646683 0,0023646178004010127
многоквартирный 4,605170185988092 0,003488765292415221
многокультурный 4,605170185988092 0,003488765292415221
мобильный 0 0
мой 0 0
момент 2,0402208285265546 0,0015456218397928445
монопольный 4,605170185988092 0,003488765292415221
морской 1,6607312068216509 0,0012581297021376143
моча 0,16251892949777494 0,000123120401134678
мочь 0,8209805520698303 0,0006219549636892654
музыка 1,2729656758128876 0,001928735872443769
муравей 3,912023005428146 0,0029636537919910198
мусульманин 2,659260036932778 0,002014590937070286
навигация 0 0
надлежащий 4,605170185988092 0,003488765292415221
нажать 0 0
название 0 0
найти 0 0
написание 1,9661128563728327 0,0014894794366460853
например 1,9661128563728327 0,0014894794366460853
народ 1,4271163556401458 0,0010811487542728376
население 0,5108256237659907 0,0015479564356545173
наследие 1,5606477482646683 0,0011823089002005063
насчитывать 2,659260036932778 0,002014590937070286
натуральный 3,912023005428146 0,0029636537919910198
наука 0,05129329438755048 0,00015543422541681963
находиться 0 0
нация 1,9661128563728327 0,0029789588732921706
начало 1,2039728043259361 0,0009121006093378304
начинать 0,1508228897345837 0,00045703905980176875
недоставать 1,07880966137193 0,0016345600929877728
независимость 1,5141277326297755 0,0034411993923403987
некоммерческий 0 0
немецкий 0,5108256237659907 0,0003869891089136293
несколький 2,659260036932778 0,002014590937070286
нечитаемый 1,5606477482646683 0,003546926700601519
нидерланд 2,207274913189721 0,0016721779645376676
новость 1,4271163556401458 0,0010811487542728376
новый 0 0
ноябрь 0 0
образование 0,7339691750802005 0,0011120745076972735
обсуждение 0 0
общество 0,07257069283483537 0,00016493339280644403
объект 1,6607312068216509 0,0012581297021376143
объявить 2,207274913189721 0,0016721779645376676
обязательный 0 0
один 0,843970070294529 0,0006393712653746432
одиннадцатый 3,912023005428146 0,0029636537919910198
однопалатный 4,605170185988092 0,003488765292415221
оконечность 3,912023005428146 0,0029636537919910198
округ 1,9661128563728327 0,0029789588732921706
октябрь 0 0
окуямэ 4,605170185988092 0,006977530584830442
олимпик 3,912023005428146 0,0029636537919910198
описание 0 0
определение 2,5257286443082556 0,0019134307911426178
орган 1,9661128563728327 0,0014894794366460853
организация 0 0
оса 4,605170185988092 0,003488765292415221
основание 2,8134107167600364 0,00213137175512124
основать 1,2729656758128876 0,0009643679362218845
основной 0 0
основоположник 2,407945608651872 0,0018242012186756604
оспаривать 3,912023005428146 0,0029636537919910198
оставить 2,302585092994046 0,0017443826462076105
остров 1,2039728043259361 0,0018242012186756608
ответственность 0 0
отдельный 0 0
отказ 0 0
относительный 4,605170185988092 0,003488765292415221
отражать 3,2188758248682006 0,0024385422915668186
отставной 4,605170185988092 0,003488765292415221
отсутствовать 0,05129329438755048 0,0011657566906261474
офицер 2,8134107167600364 0,00213137175512124
официальный 1,07880966137193 0,0008172800464938864
оценивание 0,1508228897345837 0,00022851952990088437
ошибка 1,7147984280919266 0,0012990897182514596
панафриканский 4,605170185988092 0,006977530584830442
парламент 1,4271163556401458 0,003243446262818513
пел 3,912023005428146 0,00889096137597306
первоначальный 2,302585092994046 0,0017443826462076105
первый 0 0
перевод 1,7147984280919266 0,0012990897182514596
перейти 0 0
перепись 3,2188758248682006 0,0024385422915668186
период 1,3093333199837622 0,001983838363611761
персоналия 0,07257069283483537 0,00010995559520429602
печать 0 0
пионер 3,912023005428146 0,0029636537919910198
пляж 2,8134107167600364 0,00213137175512124
пн 0,127833371509885 0,00048421731632532195
побережье 1,8971199848858813 0,0028744242195240625
подробный 0 0
поиск 0 0
политик 0 0
политический 1,2039728043259361 0,0018242012186756608
полузащитник 4,605170185988092 0,006977530584830442
получить 0 0
помочь 0,127833371509885 0,00019368692653012879
помощь 0,127833371509885 9,684346326506439E-05
порт 1,8325814637483102 0,0013883192907184168
портал 0 0
португалия 2,659260036932778 0,002014590937070286
португальский 0,49429632181478017 0,00037446691046574257
поселение 2,0402208285265546 0,0015456218397928445
последний 0 0
посмотреть 0 0
построить 1,4696759700589417 0,003340172659224867
постройка 3,912023005428146 0,0029636537919910198
потенциальный 1,5141277326297755 0,0034411993923403987
похожий 3,2188758248682006 0,0024385422915668186
почта 1,6094379124341003 0,003657813437350228
почтовый 1,5606477482646683 0,0011823089002005063
появиться 1,6607312068216509 0,0012581297021376143
пояс 2,120263536200091 0,0016062602546970386
правительство 1,5606477482646683 0,0023646178004010127
править 0 0
правка 0 0
правление 2,659260036932778 0,002014590937070286
право 0,843970070294529 0,0012787425307492863
праздник 1,4271163556401458 0,0021622975085456753
превратиться 2,8134107167600364 0,00213137175512124
предлагать 0 0
представлять 1,6607312068216509 0,0012581297021376143
президент 1,3093333199837622 0,0009919191818058804
президентский 2,659260036932778 0,006043772811210858
прибрежный 2,8134107167600364 0,00213137175512124
привилегия 3,912023005428146 0,0029636537919910198
пригород 3,506557897319982 0,0026564832555454406
приманить 4,605170185988092 0,003488765292415221
пример 2,8134107167600364 0,00213137175512124
природа 1,07880966137193 0,0008172800464938864
присоединяться 3,2188758248682006 0,0024385422915668186
притяжение 4,605170185988092 0,003488765292415221
проект 0 0
производный 4,605170185988092 0,003488765292415221
промышленник 3,912023005428146 0,0029636537919910198
просмотр 1,2729656758128876 0,0009643679362218845
проставление 3,2188758248682006 0,0024385422915668186
простираться 3,912023005428146 0,0029636537919910198
протяжение 2,302585092994046 0,0017443826462076105
процветание 3,912023005428146 0,0029636537919910198
пруссия 3,912023005428146 0,0029636537919910198
развитый 3,2188758248682006 0,0024385422915668186
разработчик 0 0
растительность 3,912023005428146 0,0029636537919910198
региональный 3,2188758248682006 0,0024385422915668186
резиденция 2,8134107167600364 0,00213137175512124
религия 0,083381608939051 0,0003790073133593227
республика 0,9416085398584451 0,004280038817538387
ресурс 2,407945608651872 0,0018242012186756604
родственный 0,21072103131565253 0,0001596371449361004
рудник 3,506557897319982 0,0026564832555454406
руководство 2,0402208285265546 0,0015456218397928445
русский 0 0
ряд 1,6607312068216509 0,0012581297021376143
саванна 4,605170185988092 0,003488765292415221
самый 0,5447271754416719 0,0008253442052146544
сборная 2,120263536200091 0,0032125205093940772
сведение 0 0
свежий 0 0
свободный 0 0
свыше 2,995732273553991 0,0022694941466318112
связать 0 0
сделать 2,120263536200091 0,0016062602546970386
север 1,0216512475319812 0,001547956435654517
сельский 1,6607312068216509 0,0025162594042752286
сентябрь 0 0
серебряный 3,2188758248682006 0,004877084583133637
сжигать 2,995732273553991 0,0022694941466318112
сила 0,9416085398584451 0,0014266796058461288
сильный 2,407945608651872 0,0018242012186756604
символ 0,9416085398584451 0,0007133398029230644
система 0 0
следствие 4,605170185988092 0,003488765292415221
слово 1,5606477482646683 0,0023646178004010127
сложиться 3,506557897319982 0,0026564832555454406
служить 2,0402208285265546 0,0015456218397928445
случай 0 0
случайный 0 0
смотреть 0 0
событие 0 0
совокупность 3,912023005428146 0,0029636537919910198
современный 1,0216512475319812 0,0023219346534817755
содержание 0,1392620673335076 0,00010550156616174819
создание 0,8675005677047231 0,0006571973997763054
создать 0 0
сообщество 0 0
составлять 1,6094379124341003 0,0012192711457834093
состоять 1,7719568419318754 0,0013423915469180875
состояться 2,207274913189721 0,0016721779645376676
сохранение 0 0
список 0 0
спорт 0,083381608939051 0,0002526715422395485
способствовать 3,506557897319982 0,0026564832555454406
сраз 2,659260036932778 0,002014590937070286
ссылаться 0 0
ссылка 0 0
стабильность 4,605170185988092 0,003488765292415221
статистик 0 0
статус 1,4271163556401458 0,0010811487542728376
стать 0,4620354595965586 0,0007000537266614524
статья 0 0
стилистика 2,207274913189721 0,0016721779645376676
стиль 2,0402208285265546 0,0015456218397928445
стоить 2,407945608651872 0,0018242012186756604
столица 0,7985076962177716 0,003629580437353507
страна 0,43078291609245434 0,0016317534700471756
страница 0 0
строй 1,5606477482646683 0,0023646178004010127
существование 2,5257286443082556 0,0019134307911426178
сформировать 3,506557897319982 0,0026564832555454406
сюд 0 0
текст 0 0
телевидение 1,8325814637483102 0,0027766385814368337
тема 0,7550225842780328 0,001143973612542474
территория 0,8675005677047231 0,001971592199328916
техника 0,06187540371808745 9,37506116940719E-05
течь 0 0
торговля 2,8134107167600364 0,0063941152653637185
торговый 2,995732273553991 0,0022694941466318112
тот 2,995732273553991 0,0022694941466318112
традиционный 1,8971199848858813 0,0028744242195240625
транспорт 0,9162907318741551 0,0013883192907184168
третий 1,7147984280919266 0,0012990897182514596
тропический 3,506557897319982 0,0026564832555454406
туризм 1,4696759700589417 0,0022267817728165783
тысячелетие 2,8134107167600364 0,00213137175512124
тянуться 4,605170185988092 0,003488765292415221
удача 3,912023005428146 0,0029636537919910198
узкий 2,995732273553991 0,0022694941466318112
указатель 0 0
укрепление 2,8134107167600364 0,00426274351024248
улучшение 1,4271163556401458 0,0021622975085456753
управление 2,302585092994046 0,0017443826462076105
управлять 3,506557897319982 0,0026564832555454406
условие 0 0
успех 2,8134107167600364 0,00213137175512124
установить 1,7719568419318754 0,0013423915469180875
устройство 1,3470736479666094 0,0010205103393686435
участие 0 0
участник 0 0
учебный 2,407945608651872 0,0018242012186756604
фактория 3,912023005428146 0,0029636537919910198
фасо 3,2188758248682006 0,009754169166267274
февраль 0 0
фет 4,605170185988092 0,003488765292415221
философия 0,09431067947124142 0,00014289496889582034
финифть 4,605170185988092 0,003488765292415221
флаг 0,8675005677047231 0,003943184398657832
флот 2,8134107167600364 0,00213137175512124
форма 1,6607312068216509 0,0012581297021376143
форман 4,605170185988092 0,003488765292415221
форт 2,8134107167600364 0,00852548702048496
форум 0 0
фото 2,5257286443082556 0,0038268615822852356
франций 1,7147984280919266 0,0012990897182514596
франция 1,3093333199837622 0,001983838363611761
французский 0,23572233352106994 0,00017857752539474994
фут 3,912023005428146 0,0029636537919910198
футбол 1,7719568419318754 0,00536956618767235
футболист 1,8971199848858813 0,004311636329286094
футбольный 1,9661128563728327 0,0029789588732921706
хенрик 4,605170185988092 0,003488765292415221
хозяйство 1,7719568419318754 0,002684783093836175
христианин 2,8134107167600364 0,00213137175512124
христианство 2,120263536200091 0,0016062602546970386
хх 1,2729656758128876 0,001928735872443769
цвет 2,207274913189721 0,003344355929075335
цветок 2,8134107167600364 0,00426274351024248
центр 0,8915981192837835 0,002026359362008599
церемониальный 4,605170185988092 0,003488765292415221
цитата 1,4271163556401458 0,0010811487542728376
цюрих 4,605170185988092 0,003488765292415221
часть 0,5978370007556204 0,0009058136375085158
чемпион 2,5257286443082556 0,0019134307911426178
четверть 3,2188758248682006 0,004877084583133637
численность 1,9661128563728327 0,0014894794366460853
читать 0 0
шаблон 0 0
швед 3,912023005428146 0,0059273075839820395
шведский 1,7147984280919266 0,010392717746011677
швейцарский 4,605170185988092 0,003488765292415221
швеция 2,8134107167600364 0,00213137175512124
шествовать 4,605170185988092 0,003488765292415221
щит 2,995732273553991 0,0045389882932636225
эгида 2,995732273553991 0,0022694941466318112
экономика 0,7550225842780328 0,002287947225084948
экономический 2,120263536200091 0,0016062602546970386
элемент 0,19845093872383823 0,000300683240490664
энциклопедия 0 0
этап 2,407945608651872 0,0018242012186756604
юг 1,0216512475319812 0,0007739782178272585
южный 1,171182981502945 0,0008872598344719281
юнеско 2,0402208285265546 0,0015456218397928445
юный 3,506557897319982 0,0026564832555454406
явиться 3,506557897319982 0,0026564832555454406
являться 0,3424903089467759 0,001556774131576254
язык 0 0
