абрам 3,506557897319982 0,004512944526795343
август 0 0
авиаконструктор 4,605170185988092 0,0029634299781133152
автобус 3,2188758248682006 0,004142697329302703
автономный 1,6607312068216509 0,0010686816002713326
административный 0,7133498878774648 0,00045904111189026044
адмирал 3,2188758248682006 0,004142697329302703
академик 3,506557897319982 0,0022564722633976715
академия 2,120263536200091 0,002728781899871417
александр 1,3470736479666094 0,006067899315164907
александрович 1,6607312068216509 0,002137363200542665
александровна 2,659260036932778 0,0017112355450017876
алексеевич 1,8971199848858813 0,002441595862143991
алфавит 0 0
альбертовна 4,605170185988092 0,0059268599562266305
америка 1,4271163556401458 0,0009183502932047271
американский 1,4271163556401458 0,0009183502932047271
амфилохия 4,605170185988092 0,0059268599562266305
анархизм 3,912023005428146 0,002517389321382333
анастасия 3,2188758248682006 0,008285394658605406
андерсон 3,506557897319982 0,004512944526795343
андраникович 4,605170185988092 0,0059268599562266305
андреевич 2,407945608651872 0,001549514548682028
андрей 1,2039728043259361 0,0015495145486820285
анна 1,9661128563728327 0,0012651948882708062
аполлон 3,912023005428146 0,002517389321382333
апрель 0 0
архив 0,3011050927839216 0,0017438518887099707
архиерейский 4,605170185988092 0,0059268599562266305
архитектура 1,1086626245216111 0,003567125561523845
архитектурный 2,5257286443082556 0,0032506160158407406
асаф 4,605170185988092 0,0059268599562266305
аэропорт 2,120263536200091 0,002728781899871417
бам 4,605170185988092 0,0029634299781133152
барша 4,605170185988092 0,0059268599562266305
баскетбольный 3,912023005428146 0,002517389321382333
бедный 3,506557897319982 0,0022564722633976715
белозерск 3,506557897319982 0,0067694167901930155
беляев 4,605170185988092 0,0059268599562266305
библиотека 2,659260036932778 0,0051337066350053626
благово 4,605170185988092 0,0059268599562266305
благодаря 1,8325814637483102 0,0011792673511893887
богоматерь 2,995732273553991 0,0038555112915752776
боевой 1,8971199848858813 0,0012207979310719956
божий 2,407945608651872 0,001549514548682028
борисовна 3,912023005428146 0,005034778642764666
бурмагины 4,605170185988092 0,0059268599562266305
быть 1,9661128563728327 0,0025303897765416123
вагоноремонтный 3,912023005428146 0,005034778642764666
валерий 2,995732273553991 0,0019277556457876388
васильевич 1,8325814637483102 0,004717069404757555
васильевна 4,605170185988092 0,0059268599562266305
введение 1,3470736479666094 0,0026005282779278174
вгмх 4,605170185988092 0,0059268599562266305
век 0,5108256237659907 0,000986149852830098
великий 1,0216512475319812 0,0019722997056601955
великоустюжский 3,912023005428146 0,005034778642764666
венгрия 2,8134107167600364 0,0072417264266667605
верещагин 4,605170185988092 0,0059268599562266305
версия 0 0
викиверситет 2,659260036932778 0,0017112355450017876
викимедиа 3,506557897319982 0,0022564722633976715
викиновость 1,0216512475319812 0,0006574332352200651
википедия 0 0
викислад 3,912023005428146 0,002517389321382333
викисловар 1,8325814637483102 0,0011792673511893887
викитек 1,1394342831883648 0,0007332266944584072
викиучебник 2,5257286443082556 0,0016253080079203703
викицитатник 0,9675840262617057 0,0006226409435403511
виктор 1,9661128563728327 0,0012651948882708062
вклад 0 0
владимир 1,2378743560016172 0,0015931458893199706
власть 1,4696759700589417 0,0009457374324703614
власьевский 4,605170185988092 0,0059268599562266305
водный 2,5257286443082556 0,0016253080079203703
война 0,7133498878774648 0,0009180822237805209
вологда 3,506557897319982 0,29108492197829966
вологжанин 4,605170185988092 0,008890289934339947
вологодский 3,2188758248682006 0,12220957121442975
вступить 2,8134107167600364 0,0018104316066666901
выдаваться 2,407945608651872 0,001549514548682028
выполнять 3,912023005428146 0,002517389321382333
выставка 2,995732273553991 0,0038555112915752776
выше 3,2188758248682006 0,0020713486646513515
газета 2,8134107167600364 0,0018104316066666901
газоэлектросварщик 4,605170185988092 0,0029634299781133152
генрих 2,5257286443082556 0,0032506160158407406
география 0,083381608939051 0,0002146244760335933
геолог 3,912023005428146 0,002517389321382333
гера 1,9661128563728327 0,0012651948882708062
герасим 4,605170185988092 0,0059268599562266305
герб 0,7133498878774648 0,0009180822237805209
гимназия 3,506557897319982 0,004512944526795343
глава 2,120263536200091 0,0013643909499357085
глушицкий 4,605170185988092 0,011853719912453261
год 0,6348782724359695 0,0004085445768571232
горка 3,912023005428146 0,005034778642764666
горн 3,912023005428146 0,005034778642764666
горний 4,605170185988092 0,0029634299781133152
город 0,3424903089467759 0,0019835346077998603
городской 2,120263536200091 0,012279518549421376
государственный 0,7765287894989963 0,003997574205915039
гражданский 1,5141277326297755 0,0019486843405788616
григорьевич 2,407945608651872 0,003099029097364056
грозный 2,995732273553991 0,007711022583150555
гром 4,605170185988092 0,0059268599562266305
груздев 4,605170185988092 0,0059268599562266305
грязовецкий 3,912023005428146 0,005034778642764666
губернский 4,605170185988092 0,0059268599562266305
гэмпшир 4,605170185988092 0,008890289934339947
далья 0,3566749439387324 0,00022952055594513022
два 0 0
двор 3,506557897319982 0,004512944526795343
дворянин 3,912023005428146 0,005034778642764666
декабрь 0 0
дементьева 1,9661128563728327 0,017712728435791286
дендрологический 4,605170185988092 0,0059268599562266305
день 1,3862943611198906 0,0017841626269239261
депутат 2,995732273553991 0,0038555112915752776
деревянный 3,506557897319982 0,013538833580386031
детство 3,2188758248682006 0,0020713486646513515
деятель 1,5141277326297755 0,0019486843405788616
димитрий 3,912023005428146 0,005034778642764666
динамо 3,2188758248682006 0,008285394658605406
дионисий 4,605170185988092 0,0029634299781133152
дипломатический 2,659260036932778 0,003422471090003575
добавить 1,0498221244986776 0,0013511224253522235
дойти 3,506557897319982 0,0022564722633976715
дом 1,3470736479666094 0,006067899315164907
домик 3,912023005428146 0,002517389321382333
достопримечательность 1,7147984280919266 0,005517369459755233
др 1,8971199848858813 0,0012207979310719956
драматический 4,605170185988092 0,0059268599562266305
древнейший 2,407945608651872 0,003099029097364056
дружба 2,995732273553991 0,0038555112915752776
дружинин 4,605170185988092 0,0059268599562266305
дума 3,506557897319982 0,011282361316988357
духов 3,2188758248682006 0,0020713486646513515
духовная 3,912023005428146 0,005034778642764666
дэвид 2,407945608651872 0,001549514548682028
европейский 1,1086626245216111 0,0007134251123047691
единство 3,2188758248682006 0,004142697329302703
епархия 3,2188758248682006 0,008285394658605406
железнодорожный 2,302585092994046 0,0029634299781133152
журнал 0 0
завод 2,120263536200091 0,005457563799742834
заклад 4,605170185988092 0,0029634299781133152
закон 1,9661128563728327 0,0012651948882708062
законодательный 2,407945608651872 0,003099029097364056
закрыть 3,2188758248682006 0,0020713486646513515
заметный 2,8134107167600364 0,0018104316066666901
заниматься 0 0
запечатлеть 4,605170185988092 0,0029634299781133152
заповедник 2,302585092994046 0,0029634299781133152
запрос 0,1165338162559516 0,00014997917150058121
зволло 4,605170185988092 0,0059268599562266305
здание 1,8325814637483102 0,012971940863083278
знаете 0,06187540371808745 7,963372421890277E-05
знак 0 0
знамя 2,8134107167600364 0,0036208632133333802
зодчество 3,506557897319982 0,009025889053590686
зуб 3,506557897319982 0,004512944526795343
иван 1,7719568419318754 0,00684153220823118
иванович 1,6094379124341003 0,0020713486646513515
игорь 2,5257286443082556 0,0032506160158407406
идеолог 4,605170185988092 0,0029634299781133152
избранный 0,083381608939051 0,000160968357025195
избрать 0 0
известный 0,7765287894989963 0,0004996967757393798
издание 2,8134107167600364 0,0018104316066666901
изменение 0 0
изображение 0,06187540371808745 0,00015926744843780554
изящный 3,506557897319982 0,004512944526795343
икона 2,8134107167600364 0,0036208632133333802
иконография 4,605170185988092 0,0029634299781133152
иметь 0,616186139423817 0,0003965161772354034
император 2,207274913189721 0,0014203828270204124
имущество 3,506557897319982 0,0022564722633976715
инициатива 2,659260036932778 0,0017112355450017876
инициатор 3,506557897319982 0,0022564722633976715
институт 1,9661128563728327 0,0025303897765416123
интервик 0,9675840262617057 0,0006226409435403511
интерьер 3,506557897319982 0,0022564722633976715
иоаким 3,912023005428146 0,002517389321382333
иоанна 2,8134107167600364 0,0036208632133333802
искать 0 0
искусство 0,083381608939051 0,0002682805950419916
использование 0 0
историко 2,995732273553991 0,0038555112915752776
история 0 0
источник 0 0
исцеление 3,912023005428146 0,002517389321382333
июнь 0 0
кадниковский 4,605170185988092 0,0059268599562266305
каменщик 4,605170185988092 0,0029634299781133152
категория 0 0
кладбище 2,5257286443082556 0,0016253080079203703
классический 2,5257286443082556 0,0016253080079203703
клиент 4,605170185988092 0,0029634299781133152
клуб 1,7719568419318754 0,00342076610411559
ключевой 2,8134107167600364 0,0018104316066666901
книга 0 0
код 0 0
комаревец 4,605170185988092 0,0059268599562266305
комиссар 3,912023005428146 0,005034778642764666
константин 2,659260036932778 0,003422471090003575
контузия 4,605170185988092 0,0029634299781133152
конференция 2,659260036932778 0,0017112355450017876
корпус 2,995732273553991 0,0019277556457876388
космонавт 3,506557897319982 0,0022564722633976715
который 0,9162907318741551 0,0005896336755946943
коувол 4,605170185988092 0,0059268599562266305
красный 0,7765287894989963 0,0009993935514787597
крепостной 3,2188758248682006 0,0020713486646513515
крестный 4,605170185988092 0,0029634299781133152
крестьянин 3,912023005428146 0,005034778642764666
кружево 4,605170185988092 0,0029634299781133152
кружок 4,605170185988092 0,0059268599562266305
крупный 1,4271163556401458 0,0009183502932047271
культура 0,3566749439387324 0,0011476027797256512
культурный 1,5141277326297755 0,0009743421702894308
леденцов 4,605170185988092 0,0029634299781133152
ленивый 4,605170185988092 0,0029634299781133152
леон 2,120263536200091 0,002728781899871417
летопись 3,506557897319982 0,0022564722633976715
литературный 2,659260036932778 0,003422471090003575
личность 0,127833371509885 0,00016452171365493565
ломбард 3,912023005428146 0,02517389321382333
лондондерри 4,605170185988092 0,0059268599562266305
лучший 0 0
любитель 3,2188758248682006 0,004142697329302703
магаданский 3,912023005428146 0,005034778642764666
май 0 0
максима 2,0402208285265546 0,0026257668320805077
мария 1,6607312068216509 0,002137363200542665
марковый 4,605170185988092 0,014817149890566575
март 0 0
марта 0,3566749439387324 0,00022952055594513022
масло 2,995732273553991 0,0038555112915752776
материал 0 0
мебель 4,605170185988092 0,0029634299781133152
мелкий 2,659260036932778 0,0017112355450017876
местный 1,8971199848858813 0,0012207979310719956
место 0 0
месяц 1,7147984280919266 0,0022069477839020933
механический 4,605170185988092 0,0059268599562266305
меценат 4,605170185988092 0,0029634299781133152
миро 0 0
михаил 1,5606477482646683 0,0010042778302861443
михайлович 1,7719568419318754 0,00684153220823118
мишкольц 4,605170185988092 0,0059268599562266305
мишнев 4,605170185988092 0,0059268599562266305
мобильный 0 0
можайский 4,605170185988092 0,0059268599562266305
мой 0 0
молиться 3,912023005428146 0,002517389321382333
молодой 2,5257286443082556 0,0032506160158407406
молочнохозяйственный 4,605170185988092 0,0059268599562266305
монастырь 1,8325814637483102 0,014151208214272666
мосин 3,912023005428146 0,005034778642764666
моча 0,16251892949777494 0,00010458103571285388
мужской 2,8134107167600364 0,0036208632133333802
музей 1,3093333199837622 0,00505534100379831
н 1,4696759700589417 0,0037829497298814455
навигация 0 0
нажать 0 0
название 0 0
найти 0 0
наладчик 4,605170185988092 0,0029634299781133152
народ 1,4271163556401458 0,0018367005864094541
народный 1,8325814637483102 0,0035378020535681664
население 0,5108256237659907 0,0003287166176100326
наука 0,05129329438755048 6,601453589131336E-05
научный 1,6094379124341003 0,0010356743323256758
находиться 0 0
национализировать 4,605170185988092 0,0029634299781133152
начинать 0,1508228897345837 0,0001941092531976624
наш 2,5257286443082556 0,0016253080079203703
недоставать 1,07880966137193 0,0006942147113075482
некоммерческий 0 0
нидерланд 2,207274913189721 0,00568153130808165
николаевич 1,5606477482646683 0,0060256669817168665
николай 1,5141277326297755 0,005846053021736585
нина 3,912023005428146 0,005034778642764666
новость 1,4271163556401458 0,0009183502932047271
новый 0 0
ножка 4,605170185988092 0,0029634299781133152
ноябрь 0 0
нью 2,659260036932778 0,0051337066350053626
обзорный 2,8134107167600364 0,0018104316066666901
обладатель 3,2188758248682006 0,0020713486646513515
областной 2,995732273553991 0,0019277556457876388
область 0,7765287894989963 0,006995754860351318
оборудование 3,2188758248682006 0,0020713486646513515
образец 2,407945608651872 0,001549514548682028
образование 0,7339691750802005 0,0014169289094212367
обращаться 3,506557897319982 0,0022564722633976715
обсуждение 0 0
общество 0,07257069283483537 0,0001867971501540164
обязательный 0 0
огонь 2,302585092994046 0,0029634299781133152
один 0,843970070294529 0,0005430952833298127
округ 1,9661128563728327 0,0012651948882708062
октябрь 0 0
описание 0 0
определение 2,5257286443082556 0,0016253080079203703
оптико 4,605170185988092 0,0059268599562266305
организация 0 0
организовать 1,9661128563728327 0,0012651948882708062
основать 1,2729656758128876 0,0016383084630796493
основной 0 0
основный 1,8325814637483102 0,0011792673511893887
особняк 3,912023005428146 0,002517389321382333
отбывать 4,605170185988092 0,0029634299781133152
ответственность 0 0
отдельный 0 0
отказ 0 0
открыть 2,0402208285265546 0,0013128834160402538
относиться 1,7147984280919266 0,0011034738919510467
отпилить 4,605170185988092 0,0029634299781133152
отсутствовать 0,05129329438755048 9,902180383697005E-05
оценивание 0,1508228897345837 0,0001941092531976624
павел 2,407945608651872 0,003099029097364056
павлович 2,407945608651872 0,003099029097364056
памятник 1,2039728043259361 0,0015495145486820285
паровоз 4,605170185988092 0,0029634299781133152
партия 1,8325814637483102 0,0011792673511893887
первозванный 4,605170185988092 0,0059268599562266305
первоначальный 2,302585092994046 0,0029634299781133152
первый 0 0
переехать 3,912023005428146 0,002517389321382333
переиздаваться 3,912023005428146 0,002517389321382333
перейти 0 0
период 1,3093333199837622 0,0008425568339663849
периодика 4,605170185988092 0,0029634299781133152
пермский 3,912023005428146 0,002517389321382333
персоналия 0,07257069283483537 0,0002801957252310246
петра 2,8134107167600364 0,0018104316066666901
петрович 2,407945608651872 0,001549514548682028
петровский 3,912023005428146 0,002517389321382333
печать 0 0
писатель 2,207274913189721 0,00568153130808165
плафон 4,605170185988092 0,0029634299781133152
площадка 3,912023005428146 0,005034778642764666
пн 0,127833371509885 0,00041130428413733907
побратим 3,2188758248682006 0,0020713486646513515
подвал 4,605170185988092 0,0029634299781133152
подробный 0 0
подряд 3,506557897319982 0,0022564722633976715
поиск 0 0
покров 2,995732273553991 0,0019277556457876388
полезный 2,5257286443082556 0,0016253080079203703
политик 0 0
полный 1,6094379124341003 0,0010356743323256758
получить 0 0
помешать 2,995732273553991 0,0019277556457876388
помочь 0,127833371509885 8,226085682746782E-05
помощь 0,127833371509885 8,226085682746782E-05
портал 0 0
порча 4,605170185988092 0,0029634299781133152
последний 0 0
посмотреть 0 0
посол 3,506557897319982 0,0022564722633976715
постановление 4,605170185988092 0,0029634299781133152
построить 1,4696759700589417 0,0018914748649407228
потерять 3,2188758248682006 0,0020713486646513515
поэзия 3,912023005428146 0,002517389321382333
поэт 1,8971199848858813 0,003662393793215987
поэтесса 2,995732273553991 0,0019277556457876388
правило 1,4696759700589417 0,0009457374324703614
править 0 0
правка 0 0
право 0,843970070294529 0,0010861905666596254
православный 2,5257286443082556 0,0016253080079203703
предлагать 0 0
предприниматель 4,605170185988092 0,0059268599562266305
предтеча 4,605170185988092 0,0059268599562266305
предшествовать 3,506557897319982 0,0022564722633976715
преемница 4,605170185988092 0,0029634299781133152
президент 1,3093333199837622 0,0016851136679327699
преимущественный 2,407945608651872 0,001549514548682028
премия 1,8325814637483102 0,0023585347023787773
преподавать 4,605170185988092 0,0029634299781133152
преподобный 4,605170185988092 0,0029634299781133152
престол 2,995732273553991 0,0019277556457876388
придел 3,912023005428146 0,002517389321382333
приказ 3,2188758248682006 0,0020713486646513515
прилуцкий 4,605170185988092 0,017780579868679893
примечательный 2,0402208285265546 0,0013128834160402538
присутственный 4,605170185988092 0,0059268599562266305
проект 0 0
проживать 2,302585092994046 0,0014817149890566576
произведение 2,5257286443082556 0,0016253080079203703
происходить 1,9661128563728327 0,0012651948882708062
промысл 3,506557897319982 0,0022564722633976715
промышленный 2,5257286443082556 0,0016253080079203703
профессиональный 2,5257286443082556 0,0016253080079203703
проходной 4,605170185988092 0,0029634299781133152
процент 4,605170185988092 0,0059268599562266305
публиковаться 4,605170185988092 0,0029634299781133152
пустынь 2,8134107167600364 0,0018104316066666901
путь 2,120263536200091 0,0013643909499357085
ра 3,912023005428146 0,005034778642764666
разведчик 3,2188758248682006 0,0020713486646513515
развитие 0,9416085398584451 0,0006059257013246107
размер 2,8134107167600364 0,0036208632133333802
размещаться 3,912023005428146 0,005034778642764666
разработчик 0 0
рамка 1,8971199848858813 0,0012207979310719956
ранение 2,995732273553991 0,0019277556457876388
ранний 1,8971199848858813 0,0012207979310719956
расписной 4,605170185988092 0,0029634299781133152
рассказывать 3,506557897319982 0,0022564722633976715
ребёнок 2,120263536200091 0,002728781899871417
религиозный 2,120263536200091 0,0013643909499357085
религия 0,083381608939051 0,00010731223801679665
ремесеть 4,605170185988092 0,0029634299781133152
решение 2,407945608651872 0,001549514548682028
родиться 0,8915981192837835 0,0005737439635030781
родственный 0,21072103131565253 0,00013559911925074166
роман 1,4696759700589417 0,01324032405458506
российский 1,0498221244986776 0,004728928488732782
россия 0,7765287894989963 0,004497270981654419
рощенье 4,605170185988092 0,0059268599562266305
рубец 4,605170185988092 0,0059268599562266305
рубль 3,2188758248682006 0,0020713486646513515
руководство 2,0402208285265546 0,0013128834160402538
русский 0 0
рф 3,912023005428146 0,002517389321382333
сад 2,659260036932778 0,003422471090003575
самый 0,5447271754416719 0,0003505322879290038
сведение 0 0
свежий 0 0
сверх 4,605170185988092 0,0029634299781133152
свободный 0 0
свой 1,4696759700589417 0,0018914748649407228
связать 0 0
святой 1,4696759700589417 0,0018914748649407228
север 1,0216512475319812 0,0006574332352200651
северный 1,1086626245216111 0,0014268502246095381
семинар 4,605170185988092 0,0029634299781133152
семинарий 3,912023005428146 0,005034778642764666
семья 2,207274913189721 0,002840765654040825
сентябрь 0 0
сибирский 3,506557897319982 0,004512944526795343
сильный 2,407945608651872 0,001549514548682028
символ 0,9416085398584451 0,0012118514026492214
система 0 0
скоттить 4,605170185988092 0,0029634299781133152
слобода 3,912023005428146 0,002517389321382333
случай 0 0
случайный 0 0
смежный 3,506557897319982 0,0022564722633976715
смотреть 0 0
собор 1,9661128563728327 0,00632597444135403
соборный 3,912023005428146 0,002517389321382333
собрание 1,9661128563728327 0,0025303897765416123
событие 0 0
совершать 3,2188758248682006 0,0020713486646513515
советский 1,3470736479666094 0,0017336855186185448
содержание 0,1392620673335076 8,961522994434208E-05
соединять 3,506557897319982 0,0022564722633976715
создание 0,8675005677047231 0,0011164743471103256
создать 0 0
соковнин 4,605170185988092 0,0059268599562266305
сообщество 0 0
соратник 4,605170185988092 0,0029634299781133152
софийский 3,912023005428146 0,010069557285529333
сохранение 0 0
союз 1,4696759700589417 0,004728687162351807
спасо 3,2188758248682006 0,008285394658605406
список 0 0
спорт 0,083381608939051 0,0002682805950419916
справочный 3,912023005428146 0,002517389321382333
ссср 1,4271163556401458 0,0018367005864094541
ссуда 4,605170185988092 0,0029634299781133152
ссудный 4,605170185988092 0,0029634299781133152
ссылаться 0 0
ссылка 0 0
стадион 2,995732273553991 0,0038555112915752776
станислав 3,2188758248682006 0,004142697329302703
старый 2,207274913189721 0,0014203828270204124
статистик 0 0
стать 0,4620354595965586 0,0005946402311410021
статья 0 0
степан 3,506557897319982 0,0022564722633976715
стол 4,605170185988092 0,0029634299781133152
столица 0,7985076962177716 0,0005138402163563524
страница 0 0
страсбург 4,605170185988092 0,0059268599562266305
страхование 4,605170185988092 0,0029634299781133152
страховой 3,912023005428146 0,005034778642764666
студент 3,2188758248682006 0,0020713486646513515
суток 3,2188758248682006 0,0020713486646513515
сходство 3,506557897319982 0,0022564722633976715
сша 0,9675840262617057 0,0018679228306210534
сюд 0 0
театр 1,9661128563728327 0,0025303897765416123
текст 0 0
техника 0,06187540371808745 7,963372421890277E-05
техникум 3,506557897319982 0,004512944526795343
течение 1,9661128563728327 0,0012651948882708062
течь 0 0
торг 3,506557897319982 0,0022564722633976715
традиция 1,8971199848858813 0,0012207979310719956
транспорт 0,9162907318741551 0,0017689010267840832
троица 3,912023005428146 0,005034778642764666
троицкий 3,506557897319982 0,0022564722633976715
трой 3,506557897319982 0,0022564722633976715
троллейбус 2,995732273553991 0,0038555112915752776
уезд 2,659260036932778 0,008556177725008938
указатель 0 0
улица 1,8971199848858813 0,004883191724287982
умер 2,659260036932778 0,0017112355450017876
универсальный 3,2188758248682006 0,0020713486646513515
университет 1,3470736479666094 0,0017336855186185448
упоминание 2,8134107167600364 0,0018104316066666901
условие 0 0
успение 3,506557897319982 0,004512944526795343
успенский 3,2188758248682006 0,004142697329302703
устав 3,2188758248682006 0,0020713486646513515
устюг 3,506557897319982 0,0067694167901930155
утрата 4,605170185988092 0,0029634299781133152
участие 0 0
участник 0 0
учебный 2,407945608651872 0,001549514548682028
учение 2,659260036932778 0,0017112355450017876
файл 1,5141277326297755 0,0009743421702894308
февраль 0 0
федерация 1,4271163556401458 0,0009183502932047271
философия 0,09431067947124142 0,00012137796585745356
финляндия 2,5257286443082556 0,006501232031681481
флаг 0,8675005677047231 0,005582371735551628
формулировка 3,912023005428146 0,002517389321382333
форум 0 0
фотолетопись 4,605170185988092 0,0029634299781133152
франций 1,7147984280919266 0,0022069477839020933
франция 1,3093333199837622 0,0033702273358655398
фрэнсис 3,506557897319982 0,0022564722633976715
футбольный 1,9661128563728327 0,0025303897765416123
ход 1,6607312068216509 0,0010686816002713326
холера 3,912023005428146 0,002517389321382333
хороший 0,7985076962177716 0,0010276804327127049
храм 1,2729656758128876 0,0032766169261592985
храмовой 3,912023005428146 0,002517389321382333
художественный 2,407945608651872 0,003099029097364056
художник 1,9661128563728327 0,0012651948882708062
хх 1,2729656758128876 0,0008191542315398246
центр 0,8915981192837835 0,0017212318905092346
церковь 1,4271163556401458 0,008265152638842543
цитата 1,4271163556401458 0,0009183502932047271
частный 3,912023005428146 0,002517389321382333
часть 0,5978370007556204 0,0003847084946947364
чевакатый 4,605170185988092 0,0059268599562266305
читать 0 0
член 1,7147984280919266 0,0011034738919510467
чудотворный 3,912023005428146 0,002517389321382333
чукотка 3,912023005428146 0,002517389321382333
шаблон 0 0
шаламовский 4,605170185988092 0,0059268599562266305
швейный 4,605170185988092 0,0029634299781133152
штат 1,7147984280919266 0,0011034738919510467
экономика 0,7550225842780328 0,0024292875942021645
экспозиция 4,605170185988092 0,0029634299781133152
электрик 4,605170185988092 0,0029634299781133152
энциклопедия 0 0
юрист 2,5257286443082556 0,0016253080079203703
являться 0,3424903089467759 0,0008815709367999379
ягубянц 4,605170185988092 0,0059268599562266305
язык 0 0
яковлевич 2,8134107167600364 0,0036208632133333802
январь 0,6733445532637655 0,0008665953066457729
