август 0 0
азербайджанский 1,6607312068216509 0,002223201080082531
азия 1,5141277326297755 0,002026944755863153
александрович 1,6607312068216509 0,004446402160165062
алексеевич 1,8971199848858813 0,012698259604323168
алфавит 0 0
анархизм 3,912023005428146 0,24613799364808953
анархист 3,912023005428146 0,020947914353028892
анархический 4,605170185988092 0,00616488646049276
анархия 4,605170185988092 0,00616488646049276
анархо 4,605170185988092 0,10480306982837692
английский 0,37106368139083196 0,0014902155879149876
апрель 0 0
арабский 0,38566248081198473 0,0005162817681552673
архив 0,3011050927839216 0,0032246864019697093
базовый 3,506557897319982 0,004694187278875477
бакунин 4,605170185988092 0,01232977292098552
безвластие 4,605170185988092 0,00616488646049276
безвластный 4,605170185988092 0,00616488646049276
благодаря 1,8325814637483102 0,002453254971550616
бунт 4,605170185988092 0,00616488646049276
бунтовщик 4,605170185988092 0,00616488646049276
введение 1,3470736479666094 0,0036066228861221135
версия 0 0
взаимопомощь 4,605170185988092 0,00616488646049276
взгляд 2,8134107167600364 0,0037662794066399413
вид 1,0498221244986776 0,002810768740290971
википедия 0 0
вклад 0 0
власть 1,4696759700589417 0,00983718855461139
влиятельный 3,2188758248682006 0,004309070716021687
внешний 1,3862943611198906 0,0018558157444710716
воля 4,605170185988092 0,03698931876295656
впервый 1,5606477482646683 0,0041784410930780945
выполнить 3,2188758248682006 0,004309070716021687
выступать 2,302585092994046 0,00308244323024638
газета 2,8134107167600364 0,0037662794066399413
географ 3,912023005428146 0,005236978588257223
география 0,083381608939051 0,00033486589935361843
геоморфолог 4,605170185988092 0,00616488646049276
геоморфология 3,912023005428146 0,005236978588257223
гимн 1,2378743560016172 0,003314255303886525
греча 1,9661128563728327 0,0026320118559207935
далья 0,3566749439387324 0,001432429493729849
данный 0,1508228897345837 0,00020190480553491791
два 0 0
движение 1,6094379124341003 0,0021545353580108436
декабрь 0 0
дмитр 4,605170185988092 0,01232977292098552
добро 1,8325814637483102 0,002453254971550616
добровольный 3,912023005428146 0,005236978588257223
должный 2,5257286443082556 0,006762325687572304
другой 2,5257286443082556 0,006762325687572304
журнал 0 0
завоевание 2,659260036932778 0,003559919728156329
заголовок 4,605170185988092 0,00616488646049276
заинтересованность 3,912023005428146 0,010473957176514446
заключать 4,605170185988092 0,00616488646049276
заменить 2,995732273553991 0,004010351102481915
заниматься 0 0
знаете 0,06187540371808745 0,00016566373150759693
знак 0 0
идеологический 3,912023005428146 0,005236978588257223
идеология 2,995732273553991 0,004010351102481915
иерархия 4,605170185988092 0,00616488646049276
избранный 0,083381608939051 0,0002232439329024123
избрать 0 0
известный 0,7765287894989963 0,001039529838686742
изменение 0 0
иметь 0,616186139423817 0,0008248810434053775
индивид 4,605170185988092 0,00616488646049276
индивидуализм 4,605170185988092 0,0308244323024638
индивидуалистический 4,605170185988092 0,02465954584197104
институт 1,9661128563728327 0,005264023711841587
интернационал 3,506557897319982 0,004694187278875477
искать 0 0
искусство 0,083381608939051 0,0002232439329024123
испанский 0,49429632181478017 0,0006617085968069346
использование 0 0
исследователь 2,659260036932778 0,003559919728156329
историк 2,207274913189721 0,0029548526280986894
история 0 0
источник 0 0
исходящая 4,605170185988092 0,00616488646049276
итальянский 0,7339691750802005 0,000982555789933334
июнь 0 0
каждый 2,120263536200091 0,0028383715344044054
капитализм 3,506557897319982 0,01877674911550191
каталанский 1,8325814637483102 0,002453254971550616
категория 0 0
китайский 1,171182981502945 0,0015678487034845314
ключевой 2,8134107167600364 0,0037662794066399413
книга 0 0
князь 2,407945608651872 0,00644697619451639
код 0 0
коллектив 3,2188758248682006 0,004309070716021687
коллективизм 4,605170185988092 0,01232977292098552
коммунизм 3,506557897319982 0,028165123673252863
который 0,9162907318741551 0,002453254971550616
кропоткин 4,605170185988092 0,0616488646049276
кропоткины 4,605170185988092 0,00616488646049276
лат 1,8325814637483102 0,002453254971550616
ледниковый 3,2188758248682006 0,008618141432043374
либерализм 4,605170185988092 0,01232977292098552
либертарианство 4,605170185988092 0,01849465938147828
ликвидация 4,605170185988092 0,00616488646049276
ликвидировать 3,912023005428146 0,005236978588257223
личной 4,605170185988092 0,01232977292098552
личность 0,127833371509885 0,0003422580227841633
лучший 0 0
любой 2,8134107167600364 0,011298838219919824
май 0 0
македонский 1,5606477482646683 0,0020892205465390472
макс 4,605170185988092 0,02465954584197104
март 0 0
материал 0 0
международный 0,9942522733438669 0,0013309936724817495
место 0 0
месяц 1,7147984280919266 0,009182320900090638
миро 0 0
михаил 1,5606477482646683 0,0041784410930780945
мнение 2,995732273553991 0,004010351102481915
мобильный 0 0
мой 0 0
москва 1,4271163556401458 0,00382092732433774
моча 0,16251892949777494 0,0002175621546154952
мыслить 3,912023005428146 0,005236978588257223
мышление 4,605170185988092 0,00616488646049276
навигация 0 0
нажать 0 0
название 0 0
найти 0 0
написать 0,9942522733438669 0,002661987344963499
направление 1,8325814637483102 0,004906509943101232
наука 0,05129329438755048 0,00013733144414337478
находиться 0 0
неделимый 4,605170185988092 0,00616488646049276
некоммерческий 0 0
немецкий 0,5108256237659907 0,0006838361763935618
новый 0 0
ноябрь 0 0
обсуждение 0 0
обуславливать 4,605170185988092 0,00616488646049276
общественный 2,302585092994046 0,00308244323024638
общество 0,07257069283483537 0,0004857476093362475
обязательный 0 0
один 0,843970070294529 0,003389438033311361
означать 2,0402208285265546 0,0027312193152965922
октябрь 0 0
описание 0 0
опубликовать 2,995732273553991 0,00802070220496383
организация 0 0
основа 1,8971199848858813 0,0025396519208646337
основной 0 0
основываться 3,912023005428146 0,010473957176514446
ответственность 0 0
отдельный 0 0
отказ 0 0
отношение 1,4696759700589417 0,003934875421844556
отсутствовать 0,05129329438755048 0,00020599716621506214
пацифизм 4,605170185988092 0,01232977292098552
первый 0 0
перевод 1,7147984280919266 0,0022955802250226595
перейти 0 0
период 1,3093333199837622 0,0035055778312818265
персоналия 0,07257069283483537 0,00019429904373449898
песня 2,207274913189721 0,0029548526280986894
печать 0 0
пн 0,127833371509885 0,00017112901139208165
подавление 3,912023005428146 0,005236978588257223
подробный 0 0
подчеркивать 4,605170185988092 0,00616488646049276
пожаловать 1,7719568419318754 0,002372097512626339
поиск 0 0
политик 0 0
политический 1,2039728043259361 0,0032234880972581955
получить 0 0
польский 1,2729656758128876 0,0017041039836852576
помочь 0,127833371509885 0,0003422580227841633
портал 0 0
португальский 0,49429632181478017 0,0006617085968069346
последний 0 0
посмотреть 0 0
править 0 0
правка 0 0
право 0,843970070294529 0,005649063388852269
предисловие 4,605170185988092 0,00616488646049276
предлагать 0 0
привилегия 3,912023005428146 0,005236978588257223
принудительный 3,506557897319982 0,004694187278875477
принуждение 3,506557897319982 0,014082561836626432
принцип 3,506557897319982 0,004694187278875477
приоритетный 3,912023005428146 0,005236978588257223
присущий 3,506557897319982 0,004694187278875477
проект 0 0
пролетарский 3,912023005428146 0,005236978588257223
публицист 4,605170185988092 0,00616488646049276
разработчик 0 0
рамка 1,8971199848858813 0,0025396519208646337
распоряжаться 4,605170185988092 0,00616488646049276
революционер 3,506557897319982 0,009388374557750954
реклю 4,605170185988092 0,01232977292098552
религия 0,083381608939051 0,0002232439329024123
род 2,302585092994046 0,00308244323024638
родственный 0,21072103131565253 0,0002820897340236312
рождение 2,0402208285265546 0,0027312193152965922
россия 0,7765287894989963 0,001039529838686742
русский 0 0
самый 0,5447271754416719 0,0007292197797077268
сведение 0 0
свежий 0 0
свобода 2,302585092994046 0,00308244323024638
свободный 0 0
связать 0 0
сентябрь 0 0
сибирь 2,995732273553991 0,004010351102481915
система 0 0
случай 0 0
случайный 0 0
смотреть 0 0
событие 0 0
согласие 2,8134107167600364 0,0037662794066399413
создатель 2,659260036932778 0,003559919728156329
создать 0 0
сообщество 0 0
соответствовать 2,5257286443082556 0,003381162843786152
составлять 1,6094379124341003 0,0021545353580108436
сотрудничество 2,995732273553991 0,004010351102481915
сохранение 0 0
социальный 2,5257286443082556 0,010143488531358455
социология 3,912023005428146 0,010473957176514446
список 0 0
спорт 0,083381608939051 0,0002232439329024123
средний 1,8971199848858813 0,0025396519208646337
ссылаться 0 0
ссылка 0 0
статистик 0 0
стать 0,4620354595965586 0,0006185213649217652
статья 0 0
страница 0 0
строение 2,407945608651872 0,003223488097258195
существовать 1,4271163556401458 0,00191046366216887
сюд 0 0
такой 1,7147984280919266 0,0022955802250226595
текст 0 0
тектоника 3,912023005428146 0,005236978588257223
тектонический 4,605170185988092 0,00616488646049276
тематика 1,7147984280919266 0,0022955802250226595
теоретик 2,995732273553991 0,004010351102481915
теория 1,8971199848858813 0,005079303841729267
техника 0,06187540371808745 0,00016566373150759693
течь 0 0
тип 2,5257286443082556 0,003381162843786152
традиция 1,8971199848858813 0,010158607683458535
указатель 0 0
украинский 1,07880966137193 0,0014441896403908031
улучшение 1,4271163556401458 0,00191046366216887
уничтожение 2,8134107167600364 0,0037662794066399413
управление 2,302585092994046 0,00308244323024638
условие 0 0
установление 3,912023005428146 0,005236978588257223
участие 0 0
участник 0 0
фактор 3,506557897319982 0,004694187278875477
фашизм 3,2188758248682006 0,008618141432043374
февраль 0 0
феминизм 3,912023005428146 0,03142187152954334
философ 2,5257286443082556 0,003381162843786152
философия 0,09431067947124142 0,0007575154977609752
форум 0 0
франций 1,7147984280919266 0,0022955802250226595
французский 0,23572233352106994 0,0009466760382372286
фрэнк 3,912023005428146 0,010473957176514446
хлеб 4,605170185988092 0,0308244323024638
ходоров 4,605170185988092 0,01232977292098552
хотеть 2,302585092994046 0,00308244323024638
цель 1,7719568419318754 0,004744195025252678
человек 1,1394342831883648 0,01220277679452064
читать 0 0
шаблон 0 0
шведский 1,7147984280919266 0,0022955802250226595
штирнер 4,605170185988092 0,02465954584197104
эгоистический 4,605170185988092 0,01849465938147828
эжен 3,912023005428146 0,005236978588257223
экономика 0,7550225842780328 0,0010107397379893344
эксплуатация 3,506557897319982 0,009388374557750954
элемент 0,19845093872383823 0,0005313278145216553
элиза 3,912023005428146 0,010473957176514446
энциклопедия 0 0
являться 0,3424903089467759 0,0009169753920931081
язык 0 0
январь 0,6733445532637655 0,0009013983310090568
