август 0 0
августа 0,843970070294529 0,0007256836373985632
авиационный 2,302585092994046 0,011879200823701011
агломерация 3,2188758248682006 0,0027677350170835775
административный 0,7133498878774648 0,0012267409937703607
александр 1,3470736479666094 0,008107923934450787
александрович 1,6607312068216509 0,0028559436058841806
алфавит 0 0
апрель 0 0
армия 1,7719568419318754 0,0030472172690144033
архив 0,3011050927839216 0,001035615108457168
белгородский 3,912023005428146 0,010091202937475872
берег 1,6094379124341003 0,0013838675085417888
битва 1,8971199848858813 0,003262459131360071
бла 3,506557897319982 0,006030194148443649
бой 1,8971199848858813 0,0016312295656800355
борьба 1,8325814637483102 0,0015757364262668188
братский 3,506557897319982 0,0030150970742218244
будаков 3,912023005428146 0,006727468624983914
василий 1,8325814637483102 0,0031514728525336376
век 0,5108256237659907 0,0004392309748632766
великий 1,0216512475319812 0,0017569238994531063
версия 0 0
верхний 2,407945608651872 0,002070460540543312
вес 2,5257286443082556 0,0021717357216751985
википедия 0 0
виктор 1,9661128563728327 0,003381105513968758
викторович 2,207274913189721 0,003795829601358076
витязь 4,605170185988092 0,003959733607900337
вклад 0 0
владимир 1,2378743560016172 0,004257521430788022
владимирович 2,0402208285265546 0,007017096572748254
вод 1,8971199848858813 0,0016312295656800355
водохранилище 2,8134107167600364 0,007257293336440335
военачальник 2,407945608651872 0,002070460540543312
военный 1,0498221244986776 0,002708053631552909
воздушный 2,0402208285265546 0,0017542741431870634
воин 2,659260036932778 0,0022865520523927584
воинский 2,659260036932778 0,004573104104785517
война 0,7133498878774648 0,0012267409937703607
войско 1,7719568419318754 0,0030472172690144033
вопь 3,912023005428146 0,006727468624983914
воронеж 3,506557897319982 0,08442271807821108
воронежец 3,912023005428146 0,006727468624983914
воронежский 3,506557897319982 0,22613228056663684
воронежско 3,912023005428146 0,006727468624983914
ворошиловградский 3,912023005428146 0,003363734312491957
впадение 2,659260036932778 0,0022865520523927584
впервый 1,5606477482646683 0,0026838310374284924
входить 1,2378743560016172 0,002128760715394011
высочайший 3,912023005428146 0,003363734312491957
выходить 3,506557897319982 0,0030150970742218244
генерал 1,8325814637483102 0,004727209278800456
география 0,083381608939051 0,0002867811141497885
гера 1,9661128563728327 0,003381105513968758
герб 0,7133498878774648 0,0018401114906555413
героизм 4,605170185988092 0,003959733607900337
год 0,6348782724359695 0,0005458970528254252
голубеть 3,912023005428146 0,006727468624983914
город 0,3424903089467759 0,0038283525505658526
городской 2,120263536200091 0,0036461969668101306
горячештамповочный 4,605170185988092 0,003959733607900337
государство 0,6733445532637655 0,0005789721008286892
гото 3,912023005428146 0,006727468624983914
группировка 3,506557897319982 0,0030150970742218244
далья 0,3566749439387324 0,0003066852484425902
два 0 0
двуглавый 4,605170185988092 0,007919467215800674
девица 3,506557897319982 0,012060388296887298
декабрь 0 0
дементьева 1,9661128563728327 0,006762211027937516
десант 4,605170185988092 0,003959733607900337
дмитрия 2,120263536200091 0,007292393933620261
днепр 3,2188758248682006 0,0027677350170835775
добавить 1,0498221244986776 0,0018053690877019393
добавлять 1,7719568419318754 0,0030472172690144033
дон 3,506557897319982 0,018090582445330947
дополнять 2,207274913189721 0,001897914800679038
древнерусский 4,605170185988092 0,003959733607900337
дума 3,506557897319982 0,006030194148443649
евгенья 2,0402208285265546 0,003508548286374127
европейский 1,1086626245216111 0,0009532782670005255
единственный 1,3470736479666094 0,001158274847778684
ефимович 2,659260036932778 0,004573104104785517
журнал 0 0
журналистский 3,912023005428146 0,003363734312491957
завод 2,120263536200091 0,0018230984834050653
занести 2,5257286443082556 0,0021717357216751985
заниматься 0 0
запад 0,9162907318741551 0,0007878682131334094
запрос 0,1165338162559516 0,0002004020915837517
заслуга 2,0402208285265546 0,003508548286374127
захоронение 3,2188758248682006 0,0027677350170835775
защитник 3,2188758248682006 0,005535470034167155
звание 2,407945608651872 0,002070460540543312
здание 1,8325814637483102 0,0015757364262668188
земля 1,2378743560016172 0,0010643803576970054
знаете 0,06187540371808745 5,320327060884562E-05
знак 0 0
золотой 1,4696759700589417 0,0012636938693542062
избранный 0,083381608939051 0,0002867811141497885
избрать 0 0
известный 0,7765287894989963 0,0006676945739458266
изменение 0 0
изображение 0,06187540371808745 0,00021281308243538248
ил 2,995732273553991 0,01030346439743419
ильич 2,5257286443082556 0,006515207165025595
иметь 0,616186139423817 0,0005298247114564204
иметься 1,4271163556401458 0,001227099187996686
империя 1,2039728043259361 0,0010352302702716562
имя 1,4271163556401458 0,001227099187996686
интервик 0,9675840262617057 0,0008319725075337109
информация 1,5606477482646683 0,0013419155187142462
искать 0 0
искусство 0,083381608939051 0,00014339055707489424
использование 0 0
исправлять 2,207274913189721 0,001897914800679038
исторический 1,2378743560016172 0,004257521430788022
история 0 0
источник 0 0
июль 0,9162907318741551 0,0015757364262668188
июнь 0 0
казанский 2,995732273553991 0,005151732198717095
категория 0 0
километр 2,5257286443082556 0,0021717357216751985
км 0,8209805520698303 0,0021177486295868367
книга 0 0
код 0 0
командовать 2,8134107167600364 0,002419097778813445
константинович 2,995732273553991 0,005151732198717095
контрудар 3,2188758248682006 0,005535470034167155
кривошипный 4,605170185988092 0,003959733607900337
крупин 3,912023005428146 0,006727468624983914
крюк 4,605170185988092 0,007919467215800674
культура 0,3566749439387324 0,0006133704968851804
курский 3,912023005428146 0,010091202937475872
лента 4,605170185988092 0,003959733607900337
лизюки 3,506557897319982 0,009045291222665473
личность 0,127833371509885 0,0001099169144538994
лучший 0 0
май 0 0
майор 2,5257286443082556 0,004343471443350397
мария 1,6607312068216509 0,0028559436058841806
маркин 3,912023005428146 0,006727468624983914
март 0 0
марта 0,3566749439387324 0,0027601672359833115
массовый 2,0402208285265546 0,0017542741431870634
материал 0 0
место 0 0
миллион 2,659260036932778 0,0022865520523927584
миллионер 3,912023005428146 0,003363734312491957
миро 0 0
митрофанович 3,506557897319982 0,006030194148443649
мобильный 0 0
могила 2,5257286443082556 0,0021717357216751985
мой 0 0
молчан 3,912023005428146 0,006727468624983914
морской 1,6607312068216509 0,0028559436058841806
москва 1,4271163556401458 0,0036812975639900583
московский 2,207274913189721 0,001897914800679038
моча 0,16251892949777494 0,00013974112596541266
мужество 3,912023005428146 0,003363734312491957
муниципальный 2,659260036932778 0,004573104104785517
навигация 0 0
награда 1,3470736479666094 0,004633099391114736
нажать 0 0
название 0 0
найти 0 0
наладить 4,605170185988092 0,007919467215800674
наносить 3,912023005428146 0,003363734312491957
население 0,5108256237659907 0,0017569238994531065
наступать 3,2188758248682006 0,0027677350170835775
наука 0,05129329438755048 8,820858880060272E-05
находиться 0 0
начать 0,38566248081198473 0,004974150655356639
начинать 0,1508228897345837 0,00025936868398036746
независимость 1,5141277326297755 0,0013019155052706583
неизвестный 3,2188758248682006 0,0027677350170835775
некоммерческий 0 0
немецкий 0,5108256237659907 0,0004392309748632766
нижний 3,2188758248682006 0,0027677350170835775
никитин 2,995732273553991 0,005151732198717095
новый 0 0
ноябрь 0 0
областной 2,995732273553991 0,005151732198717095
область 0,7765287894989963 0,05208017676777447
оборона 2,302585092994046 0,003959733607900337
оборонительный 2,995732273553991 0,005151732198717095
образование 0,7339691750802005 0,0012621997851766133
образовать 1,6607312068216509 0,0028559436058841806
обсуждение 0 0
общество 0,07257069283483537 0,00012479912783290692
обязательный 0 0
округ 1,9661128563728327 0,003381105513968758
октябрь 0 0
олимпийский 1,7719568419318754 0,0015236086345072016
операция 1,9661128563728327 0,003381105513968758
описание 0 0
организация 0 0
орденский 4,605170185988092 0,003959733607900337
основной 0 0
особый 2,207274913189721 0,001897914800679038
останка 2,995732273553991 0,0025758660993585474
остров 1,2039728043259361 0,0020704605405433125
островок 3,912023005428146 0,003363734312491957
ответственность 0 0
отдельный 0 0
отечественный 2,0402208285265546 0,003508548286374127
отечество 3,912023005428146 0,003363734312491957
отказ 0 0
отсутствовать 0,05129329438755048 0,00017641717760120545
официальный 1,07880966137193 0,0009276093390988221
оценивание 0,1508228897345837 0,00025936868398036746
ошибка 1,7147984280919266 0,0014744612451349326
памятник 1,2039728043259361 0,004140921081086625
панорама 3,506557897319982 0,006030194148443649
пассажирский 4,605170185988092 0,003959733607900337
пензенский 4,605170185988092 0,011879200823701011
первый 0 0
перезахоронить 3,506557897319982 0,0030150970742218244
перейти 0 0
переправа 3,912023005428146 0,003363734312491957
персоналия 0,07257069283483537 0,0003119978195822673
петра 2,8134107167600364 0,00483819555762689
печать 0 0
писать 2,0402208285265546 0,0017542741431870634
плешак 3,912023005428146 0,006727468624983914
плотность 2,995732273553991 0,0025758660993585474
площадь 1,07880966137193 0,0009276093390988221
пн 0,127833371509885 0,0007694184011772957
погибнуть 1,9661128563728327 0,001690552756984379
подробный 0 0
пожаловать 1,7719568419318754 0,0015236086345072016
поиск 0 0
пол 2,659260036932778 0,0022865520523927584
политик 0 0
полк 2,659260036932778 0,01371931231435655
получить 0 0
помочь 0,127833371509885 0,0001099169144538994
помощь 0,127833371509885 0,0001099169144538994
портал 0 0
последний 0 0
посмотреть 0 0
поэт 1,8971199848858813 0,003262459131360071
правительство 1,5606477482646683 0,0026838310374284924
править 0 0
правка 0 0
предестинация 3,912023005428146 0,006727468624983914
предлагать 0 0
представлять 1,6607312068216509 0,0014279718029420903
пресса 4,605170185988092 0,003959733607900337
присвоить 2,8134107167600364 0,002419097778813445
приток 2,8134107167600364 0,012095488894067224
проект 0 0
производство 2,207274913189721 0,003795829601358076
протекать 3,912023005428146 0,003363734312491957
противоречить 3,912023005428146 0,003363734312491957
протяжение 2,302585092994046 0,0019798668039501684
проявить 3,506557897319982 0,006030194148443649
прыжок 2,995732273553991 0,0025758660993585474
пункт 1,5606477482646683 0,0026838310374284924
развитие 0,9416085398584451 0,0008096376095085513
разработчик 0 0
разрушить 3,2188758248682006 0,0027677350170835775
расположить 0,9162907318741551 0,0015757364262668188
расследование 3,506557897319982 0,0030150970742218244
регулярный 2,5257286443082556 0,0021717357216751985
результат 1,4696759700589417 0,0012636938693542062
река 1,1086626245216111 0,004766391335002627
религия 0,083381608939051 0,00014339055707489424
родина 1,6094379124341003 0,0013838675085417888
родственный 0,21072103131565253 0,00018118747318628765
роман 1,4696759700589417 0,005054775477416825
российский 1,0498221244986776 0,004513422719254848
россия 0,7765287894989963 0,010015418609187398
россошка 4,605170185988092 0,007919467215800674
рубеж 3,2188758248682006 0,0027677350170835775
русский 0 0
саутина 3,912023005428146 0,006727468624983914
сведение 0 0
свежий 0 0
сверхзвуковой 4,605170185988092 0,003959733607900337
свобода 2,302585092994046 0,0019798668039501684
свободный 0 0
связать 0 0
сентябрь 0 0
сергеевич 2,302585092994046 0,003959733607900337
серийный 2,995732273553991 0,0025758660993585474
символизировать 3,506557897319982 0,0030150970742218244
символика 2,302585092994046 0,003959733607900337
система 0 0
слава 2,302585092994046 0,007919467215800674
случай 0 0
случайный 0 0
смотреть 0 0
событие 0 0
советский 1,3470736479666094 0,00579137423889342
современный 1,0216512475319812 0,0008784619497265531
согласно 1,8971199848858813 0,0016312295656800355
содержание 0,1392620673335076 0,0001197438240184932
содержимое 3,912023005428146 0,003363734312491957
создать 0 0
сообщество 0 0
соответствовать 2,5257286443082556 0,0021717357216751985
состав 1,0498221244986776 0,0009026845438509696
сохранение 0 0
союз 1,4696759700589417 0,0025273877387084124
список 0 0
спорт 0,083381608939051 0,00014339055707489424
спортсмен 2,207274913189721 0,001897914800679038
ссср 1,4271163556401458 0,001227099187996686
ссылаться 0 0
ссылка 0 0
становление 2,995732273553991 0,0025758660993585474
статистик 0 0
статья 0 0
степан 3,506557897319982 0,006030194148443649
степанович 2,659260036932778 0,004573104104785517
стилистика 2,207274913189721 0,001897914800679038
стойкость 4,605170185988092 0,003959733607900337
страница 0 0
субъект 2,407945608651872 0,008281842162173248
считаться 1,5141277326297755 0,0013019155052706583
сюд 0 0
танковый 3,2188758248682006 0,005535470034167155
текст 0 0
техника 0,06187540371808745 0,00010640654121769124
течь 0 0
тонносить 4,605170185988092 0,003959733607900337
тот 2,995732273553991 0,0025758660993585474
точный 2,8134107167600364 0,002419097778813445
трамвай 2,8134107167600364 0,00483819555762689
троллейбус 2,995732273553991 0,005151732198717095
тульский 3,506557897319982 0,009045291222665473
тыс 1,6607312068216509 0,0014279718029420903
тяжмехпресс 4,605170185988092 0,003959733607900337
угроза 3,912023005428146 0,003363734312491957
удельный 4,605170185988092 0,003959733607900337
указатель 0 0
улучшать 2,0402208285265546 0,0017542741431870634
уничтожение 2,8134107167600364 0,002419097778813445
усилие 4,605170185988092 0,003959733607900337
условие 0 0
установить 1,7719568419318754 0,0015236086345072016
участие 0 0
участник 0 0
участница 1,7147984280919266 0,002948922490269865
факт 2,302585092994046 0,0019798668039501684
февраль 0 0
федеральный 2,0402208285265546 0,003508548286374127
федерация 1,4271163556401458 0,0036812975639900583
философия 0,09431067947124142 0,0001621851753589706
флот 2,8134107167600364 0,00483819555762689
форум 0 0
хованский 3,912023005428146 0,006727468624983914
хороший 0,7985076962177716 0,004806151224010663
ценность 3,2188758248682006 0,0027677350170835775
центр 0,8915981192837835 0,0015332727760684153
центральный 1,2729656758128876 0,0021891069231519994
церковь 1,4271163556401458 0,002454198375993372
часть 0,5978370007556204 0,0010280945842744977
чел 2,0402208285265546 0,0017542741431870634
человек 1,1394342831883648 0,0009797371308584392
численность 1,9661128563728327 0,001690552756984379
читать 0 0
шаблон 0 0
широкофюзеляжный 4,605170185988092 0,003959733607900337
штурмовой 3,506557897319982 0,018090582445330947
щит 2,995732273553991 0,0025758660993585474
щитодержатель 4,605170185988092 0,003959733607900337
эдуарда 2,995732273553991 0,005151732198717095
экономика 0,7550225842780328 0,0012984051320344503
энциклопедия 0 0
юго 1,171182981502945 0,0010070360975949657
юшкевичовый 3,912023005428146 0,006727468624983914
являться 0,3424903089467759 0,0005889773154716697
язык 0 0
яй 1,7147984280919266 0,010321228715944528
яковлевич 2,8134107167600364 0,00483819555762689
