август 0 0
августа 0,843970070294529 0,0009016774255283431
алонсо 3,912023005428146 0,008359023515872107
алфавит 0 0
альба 4,605170185988092 0,009840107235017291
альфонсо 3,912023005428146 0,008359023515872107
апрель 0 0
арагон 3,2188758248682006 0,006877939796726925
арденна 3,912023005428146 0,004179511757936054
арелат 4,605170185988092 0,0049200536175086455
арелатский 4,605170185988092 0,0049200536175086455
арка 3,912023005428146 0,004179511757936054
арль 4,605170185988092 0,0049200536175086455
арсенич 1,5606477482646683 0,006669434821643882
артуа 4,605170185988092 0,009840107235017291
афан 4,605170185988092 0,009840107235017291
баварский 3,506557897319982 0,007492645079743551
белый 1,6094379124341003 0,0034389698983634627
бесстрашный 3,912023005428146 0,004179511757936054
блок 3,2188758248682006 0,0034389698983634627
бонна 4,605170185988092 0,0049200536175086455
брюгге 4,605170185988092 0,009840107235017291
бургундия 4,605170185988092 0,2755230025804841
бургундский 3,912023005428146 0,03343609406348843
валон 4,605170185988092 0,009840107235017291
вдова 4,605170185988092 0,0049200536175086455
век 0,5108256237659907 0,002183015486179448
вероятно 3,912023005428146 0,008359023515872107
версия 0 0
верхний 2,407945608651872 0,005145182924469812
википедия 0 0
викисклад 0,5798184952529422 0,0006194642043300664
викитек 1,1394342831883648 0,001217344319645689
викицитатник 0,9675840262617057 0,0010337436178009677
вклад 0 0
владение 2,659260036932778 0,00284108978304784
внебрачный 4,605170185988092 0,0049200536175086455
возникнуть 2,5257286443082556 0,0026984280387908717
восток 0,7985076962177716 0,0008531065130531749
восточный 0,9162907318741551 0,0009789430896091401
вошло 4,605170185988092 0,0049200536175086455
вторичный 4,605170185988092 0,0049200536175086455
входить 1,2378743560016172 0,0013225153376085655
гаспар 4,605170185988092 0,009840107235017291
география 0,083381608939051 0,00017816583106634832
герб 0,7133498878774648 0,0007621259485870351
германия 1,9661128563728327 0,004201095846950498
герцог 3,506557897319982 0,014985290159487102
герцогство 3,2188758248682006 0,01375587959345385
гий 4,605170185988092 0,0049200536175086455
главный 1,9661128563728327 0,002100547923475249
город 0,3424903089467759 0,0010977253491883843
государственный 0,7765287894989963 0,0008296247751057653
государство 0,6733445532637655 0,002877540825913528
граница 1,4271163556401458 0,0030493939223080043
граничить 1,1394342831883648 0,001217344319645689
граф 2,8134107167600364 0,012023122721196738
графство 2,8134107167600364 0,012023122721196738
гусман 3,912023005428146 0,008359023515872107
д 1,5141277326297755 0,004852973502018511
далья 0,3566749439387324 0,0011431889228805524
данный 0,1508228897345837 0,00016113556595575182
дарси 4,605170185988092 0,0049200536175086455
два 0 0
декабрь 0 0
департамент 2,659260036932778 0,00568217956609568
диего 3,912023005428146 0,008359023515872107
дижон 4,605170185988092 0,034440375322560515
добавлять 1,7719568419318754 0,0037862325682305035
добавляться 4,605170185988092 0,0049200536175086455
добрый 2,8134107167600364 0,02104046476209429
дофин 4,605170185988092 0,009840107235017291
дочь 2,407945608651872 0,005145182924469812
дядя 3,506557897319982 0,0037463225398717756
европа 0,8915981192837835 0,0028576862797557163
жак 2,995732273553991 0,0064011373366538275
жан 2,659260036932778 0,008523269349143518
жена 2,407945608651872 0,002572591462234906
жениться 3,506557897319982 0,0037463225398717756
жержа 4,605170185988092 0,009840107235017291
жозефа 4,605170185988092 0,009840107235017291
жордан 4,605170185988092 0,009840107235017291
журнал 0 0
замысел 4,605170185988092 0,0049200536175086455
заниматься 0 0
западный 0,9942522733438669 0,0010622353347690887
запрос 0,1165338162559516 0,0002490038808887855
знаете 0,06187540371808745 6,610620055351224E-05
знак 0 0
значение 1,9661128563728327 0,006301643770425746
изабелла 3,912023005428146 0,008359023515872107
избранный 0,083381608939051 0,00017816583106634832
избрать 0 0
известность 3,506557897319982 0,0037463225398717756
известный 0,7765287894989963 0,0016592495502115306
изменение 0 0
изображение 0,06187540371808745 6,610620055351224E-05
иметь 0,616186139423817 0,0006583185250254455
империя 1,2039728043259361 0,0038588871933523594
имя 1,4271163556401458 0,0015246969611540022
интересный 2,120263536200091 0,002265238820726593
инф 3,2188758248682006 0,0034389698983634627
инфанта 3,912023005428146 0,008359023515872107
иоанн 3,506557897319982 0,0037463225398717756
иоанна 2,8134107167600364 0,0030057806802991846
искать 0 0
искусство 0,083381608939051 0,00017816583106634832
использование 0 0
исправлять 2,207274913189721 0,002358199693578762
исторический 1,2378743560016172 0,005290061350434262
история 0 0
источник 0 0
италия 1,8325814637483102 0,0039157723584365605
июль 0,9162907318741551 0,0019578861792182802
июнь 0 0
йонна 4,605170185988092 0,009840107235017291
каба 4,605170185988092 0,009840107235017291
камерос 4,605170185988092 0,009840107235017291
карл 1,9661128563728327 0,004201095846950498
кастильский 4,605170185988092 0,019680214470034582
категория 0 0
киньонес 4,605170185988092 0,009840107235017291
клермон 4,605170185988092 0,009840107235017291
км 0,8209805520698303 0,0008771159744335795
книга 0 0
код 0 0
конт 4,605170185988092 0,009840107235017291
королева 2,659260036932778 0,00284108978304784
королевство 1,6094379124341003 0,0275117591869077
король 1,7147984280919266 0,0036640992053246298
кот 2,995732273553991 0,0064011373366538275
крестовый 2,8134107167600364 0,0030057806802991846
ла 2,120263536200091 0,004530477641453186
ланга 3,912023005428146 0,008359023515872107
лара 4,605170185988092 0,009840107235017291
латинский 2,407945608651872 0,002572591462234906
латынь 3,506557897319982 0,0037463225398717756
ледесма 4,605170185988092 0,009840107235017291
лист 2,995732273553991 0,0064011373366538275
личность 0,127833371509885 0,00013657411486098824
лос 2,995732273553991 0,0064011373366538275
лотарингия 4,605170185988092 0,0049200536175086455
луара 4,605170185988092 0,009840107235017291
луи 2,995732273553991 0,0064011373366538275
луис 2,659260036932778 0,00568217956609568
лучший 0 0
май 0 0
маргарит 3,912023005428146 0,004179511757936054
март 0 0
марья 3,506557897319982 0,007492645079743551
материал 0 0
медина 4,605170185988092 0,009840107235017291
мелкий 2,659260036932778 0,00284108978304784
место 0 0
миро 0 0
мишель 3,912023005428146 0,004179511757936054
млн 1,8325814637483102 0,0019578861792182802
мобильный 0 0
мой 0 0
моча 0,16251892949777494 0,00017363133493352025
навигация 0 0
нажать 0 0
название 0 0
найти 0 0
население 0,5108256237659907 0,000545753871544862
наука 0,05129329438755048 0,00010960105638365489
находиться 0 0
начать 0,38566248081198473 0,006180488474551037
начинать 0,1508228897345837 0,00032227113191150364
небольшой 1,9661128563728327 0,002100547923475249
неверский 4,605170185988092 0,0049200536175086455
некоммерческий 0 0
нижний 3,2188758248682006 0,0034389698983634627
ниньо 4,605170185988092 0,009840107235017291
новый 0 0
носить 1,6094379124341003 0,0017194849491817313
ноябрь 0 0
ньевра 4,605170185988092 0,009840107235017291
область 0,7765287894989963 0,005807373425740357
обозначить 3,912023005428146 0,008359023515872107
образование 0,7339691750802005 0,000784155101581411
обручить 4,605170185988092 0,0049200536175086455
обсуждение 0 0
общество 0,07257069283483537 0,0001550655829804175
объединение 2,207274913189721 0,002358199693578762
обязательный 0 0
октябрь 0 0
описание 0 0
организация 0 0
оружие 2,0402208285265546 0,0021797231074001653
османский 2,407945608651872 0,002572591462234906
основной 0 0
оставаться 2,5257286443082556 0,0026984280387908717
ответственность 0 0
отдельный 0 0
отказ 0 0
отсутствовать 0,05129329438755048 5,4800528191827445E-05
оценивание 0,1508228897345837 0,00032227113191150364
педро 2,659260036932778 0,01136435913219136
первый 0 0
перейти 0 0
персоналия 0,07257069283483537 0,0003876639574510437
печать 0 0
площадь 1,07880966137193 0,0023051488490853206
подробный 0 0
поздний 2,120263536200091 0,002265238820726593
поиск 0 0
политик 0 0
получить 0 0
помочь 0,127833371509885 0,00013657411486098824
помощь 0,127833371509885 0,00013657411486098824
порт 1,8325814637483102 0,0019578861792182802
портал 0 0
последний 0 0
посмотреть 0 0
постепенный 3,506557897319982 0,0037463225398717756
поход 2,407945608651872 0,002572591462234906
править 0 0
правка 0 0
предлагать 0 0
присоединить 4,605170185988092 0,0049200536175086455
прованс 3,912023005428146 0,016718047031744215
проект 0 0
произношение 4,605170185988092 0,0049200536175086455
пфальцграфство 4,605170185988092 0,0049200536175086455
разработка 1,07880966137193 0,0034577232736279807
разработчик 0 0
распасться 3,912023005428146 0,004179511757936054
расположить 0,9162907318741551 0,0009789430896091401
ребёнок 2,120263536200091 0,002265238820726593
регион 0,9942522733438669 0,00743564734338362
религия 0,083381608939051 0,00017816583106634832
рибер 4,605170185988092 0,009840107235017291
римский 2,407945608651872 0,005145182924469812
риосеко 4,605170185988092 0,009840107235017291
родиться 0,8915981192837835 0,0009525620932519056
русский 0 0
ряд 1,6607312068216509 0,0017742854773735589
савойя 4,605170185988092 0,02952032170505187
свадьба 4,605170185988092 0,0049200536175086455
сведение 0 0
свежий 0 0
свободный 0 0
своесть 3,912023005428146 0,004179511757936054
связать 0 0
священный 2,659260036932778 0,00568217956609568
север 1,0216512475319812 0,0010915077430897237
сентябрь 0 0
сеньора 3,506557897319982 0,02247793523923065
серда 4,605170185988092 0,009840107235017291
система 0 0
случай 0 0
случайный 0 0
смерть 1,8325814637483102 0,0019578861792182802
смотреть 0 0
событие 0 0
современный 1,0216512475319812 0,004366030972358895
содержание 0,1392620673335076 0,00014878425997169617
создать 0 0
сон 2,995732273553991 0,0064011373366538275
сообщество 0 0
сорить 4,605170185988092 0,009840107235017291
состав 1,0498221244986776 0,0022432096677322175
составлять 1,6094379124341003 0,0017194849491817313
состояться 2,207274913189721 0,002358199693578762
сохранение 0 0
список 0 0
сплошной 3,2188758248682006 0,006877939796726925
спорт 0,083381608939051 0,00017816583106634832
средневековый 2,659260036932778 0,00284108978304784
среднее 2,120263536200091 0,002265238820726593
ссылаться 0 0
ссылка 0 0
старший 2,407945608651872 0,002572591462234906
статистик 0 0
статья 0 0
столица 0,7985076962177716 0,0008531065130531749
страница 0 0
существовать 1,4271163556401458 0,004574090883462006
сын 1,6607312068216509 0,0017742854773735589
сюд 0 0
сюзеренитет 4,605170185988092 0,0049200536175086455
текст 0 0
тельес 3,506557897319982 0,007492645079743551
термин 2,0402208285265546 0,0021797231074001653
территория 0,8675005677047231 0,0018536336916767588
техника 0,06187540371808745 0,00013221240110702448
течь 0 0
титул 2,659260036932778 0,00284108978304784
тоннер 4,605170185988092 0,009840107235017291
триумфальный 3,912023005428146 0,004179511757936054
тыс 1,6607312068216509 0,0017742854773735589
указатель 0 0
условие 0 0
устроить 3,912023005428146 0,004179511757936054
участие 0 0
участник 0 0
фадрик 4,605170185988092 0,009840107235017291
файл 1,5141277326297755 0,0016176578340061705
февраль 0 0
феодальный 3,506557897319982 0,0037463225398717756
фернандес 3,506557897319982 0,007492645079743551
фернандо 3,2188758248682006 0,006877939796726925
филипп 2,659260036932778 0,03409307739657407
философия 0,09431067947124142 0,000201518545878721
флаг 0,8675005677047231 0,0009268168458383794
форум 0 0
фр 2,407945608651872 0,007717774386704717
франций 1,7147984280919266 0,018320496026623147
франция 1,3093333199837622 0,019584045384372514
французский 0,23572233352106994 0,0015110405994940381
франша 4,605170185988092 0,009840107235017291
хайм 3,506557897319982 0,007492645079743551
хирон 4,605170185988092 0,009840107235017291
хотел 3,912023005428146 0,004179511757936054
центр 0,8915981192837835 0,0009525620932519056
часть 0,5978370007556204 0,0012774294887940608
читать 0 0
шаблон 0 0
шампанское 4,605170185988092 0,0049200536175086455
шарол 4,605170185988092 0,0049200536175086455
швейцария 2,995732273553991 0,0064011373366538275
эда 3,912023005428146 0,008359023515872107
элемент 0,19845093872383823 0,0004240404673586287
эль 2,407945608651872 0,005145182924469812
энрикес 3,912023005428146 0,03343609406348843
энциклопедия 0 0
юг 1,0216512475319812 0,0010915077430897237
юго 1,171182981502945 0,001251263869127078
являться 0,3424903089467759 0,0003659084497294615
язык 0 0
январь 0,6733445532637655 0,000719385206478382
