август 0 0
административный 0,7133498878774648 0,0019842834155145055
александр 1,3470736479666094 0,001873537757950778
алексеевна 2,659260036932778 0,003698553597959357
алексей 1,7719568419318754 0,004928948099949584
алфавит 0 0
ансамбль 3,2188758248682006 0,002238439377516134
анхимово 4,605170185988092 0,0032024827440807315
апрель 0 0
аромат 3,912023005428146 0,0027204610607984322
ароматический 4,605170185988092 0,0032024827440807315
архангельск 3,912023005428146 0,0054409221215968645
архив 0,3011050927839216 0,00041878316103466145
архитектура 1,1086626245216111 0,0007709753995282414
ата 4,605170185988092 0,0032024827440807315
атлантический 1,9661128563728327 0,0027345102313947604
бабаево 4,605170185988092 0,006404965488161463
бабаевский 4,605170185988092 0,012809930976322926
бабушкинский 4,605170185988092 0,012809930976322926
балтийский 3,912023005428146 0,0027204610607984322
бассейн 3,506557897319982 0,002438496451543798
бежецкий 4,605170185988092 0,006404965488161463
белозерск 3,506557897319982 0,012192482257718991
белозерский 4,605170185988092 0,009607448232242194
берег 1,6094379124341003 0,001119219688758067
богородица 2,8134107167600364 0,005869424304784499
быстрый 2,659260036932778 0,0018492767989796786
васильевич 1,8325814637483102 0,005097584043806148
васильчик 4,605170185988092 0,006404965488161463
вашкинский 4,605170185988092 0,012809930976322926
вгп 4,605170185988092 0,006404965488161463
вгпсить 4,605170185988092 0,0032024827440807315
век 0,5108256237659907 0,0010657001886634021
великий 1,0216512475319812 0,0049732675470958755
великоустюгский 3,912023005428146 0,008161383182395298
величина 2,659260036932778 0,0018492767989796786
версия 0 0
верховажский 4,605170185988092 0,012809930976322926
вес 2,5257286443082556 0,0017564176942338355
вещество 3,506557897319982 0,002438496451543798
википедия 0 0
викисклад 0,5798184952529422 0,0004032117491327831
викисловарь 1,4271163556401458 0,0009924314016969025
викитек 1,1394342831883648 0,0007923743276692384
викицитатник 0,9675840262617057 0,0006728678903071667
вклад 0 0
вкус 4,605170185988092 0,009607448232242194
власов 3,506557897319982 0,004876992903087596
влиять 4,605170185988092 0,0032024827440807315
вода 2,659260036932778 0,0018492767989796786
водный 2,5257286443082556 0,0017564176942338355
вожегодский 4,605170185988092 0,012809930976322926
возникновение 2,8134107167600364 0,0019564747682614997
война 0,7133498878774648 0,0004960708538786264
вологда 3,506557897319982 0,03170045387006938
вологодский 3,2188758248682006 0,21265174086403274
волость 4,605170185988092 0,006404965488161463
впадать 3,506557897319982 0,002438496451543798
всемирный 1,6607312068216509 0,00230977914717893
всеобщий 3,2188758248682006 0,002238439377516134
второй 1,2378743560016172 0,0008608305674559229
входить 1,2378743560016172 0,0008608305674559229
выбор 2,120263536200091 0,002948906169958402
выдаваться 2,407945608651872 0,001674510159006865
вызвать 3,2188758248682006 0,002238439377516134
выработка 3,912023005428146 0,0027204610607984322
вытегорский 4,605170185988092 0,028822344696726582
вытегра 4,605170185988092 0,006404965488161463
вытекать 3,912023005428146 0,0027204610607984322
география 0,083381608939051 0,00034790657415459386
герб 0,7133498878774648 0,0009921417077572527
германий 2,207274913189721 0,0015349616920651745
германия 1,9661128563728327 0,0013672551156973802
германский 2,5257286443082556 0,0017564176942338355
гимн 1,2378743560016172 0,0017216611349118458
гирс 4,605170185988092 0,006404965488161463
главное 1,7147984280919266 0,0011924884757245665
главый 4,605170185988092 0,0032024827440807315
глубина 3,506557897319982 0,002438496451543798
год 0,6348782724359695 0,0004415008848650692
город 0,3424903089467759 0,002619884143542792
городецкий 4,605170185988092 0,012809930976322926
городской 2,120263536200091 0,005897812339916804
государственный 0,7765287894989963 0,002700030561540321
готовый 3,912023005428146 0,0027204610607984322
грязовец 4,605170185988092 0,006404965488161463
грязовецкий 3,912023005428146 0,010881844243193729
даниил 3,912023005428146 0,0054409221215968645
два 0 0
дед 3,912023005428146 0,0054409221215968645
декабрь 0 0
деление 0,9675840262617057 0,0020186036709215
дементьева 1,9661128563728327 0,0027345102313947604
деревянный 3,506557897319982 0,007315489354631394
деятель 1,5141277326297755 0,0010529400087828757
длина 2,5257286443082556 0,0017564176942338355
дмитрий 4,605170185988092 0,006404965488161463
добавить 1,0498221244986776 0,0014601142204432233
доктор 2,659260036932778 0,0018492767989796786
древний 1,4696759700589417 0,0010220277955903627
европа 0,8915981192837835 0,001240053017084539
европейский 1,1086626245216111 0,0015419507990564827
единство 3,2188758248682006 0,002238439377516134
емкость 4,605170185988092 0,0032024827440807315
ефимович 2,659260036932778 0,003698553597959357
жербин 3,912023005428146 0,0054409221215968645
жизнь 1,5606477482646683 0,0010852905064427456
жирность 4,605170185988092 0,006404965488161463
журнал 0 0
заведовать 3,912023005428146 0,0027204610607984322
закрытый 4,605170185988092 0,0032024827440807315
залт 3,506557897319982 0,009753985806175192
занимать 1,4696759700589417 0,0010220277955903627
заниматься 0 0
запад 0,9162907318741551 0,001274396010951537
западный 0,9942522733438669 0,0013828265275992585
запах 4,605170185988092 0,0032024827440807315
запрос 0,1165338162559516 0,00032415526079541474
здание 1,8325814637483102 0,003823188032854611
знаете 0,06187540371808745 8,605758514337614E-05
знак 0 0
знаменитый 2,120263536200091 0,001474453084979201
зодчество 3,506557897319982 0,004876992903087596
зоя 3,506557897319982 0,004876992903087596
избранный 0,083381608939051 0,00011596885805153129
избрать 0 0
изменение 0 0
изображение 0,06187540371808745 0,00017211517028675228
изучение 2,407945608651872 0,001674510159006865
иловец 4,605170185988092 0,006404965488161463
иметь 0,616186139423817 0,00042850218318763345
институт 1,9661128563728327 0,0013672551156973802
интервик 0,9675840262617057 0,0006728678903071667
искать 0 0
искусство 0,083381608939051 0,00011596885805153129
использование 0 0
исследование 2,120263536200091 0,001474453084979201
историк 2,207274913189721 0,0015349616920651745
историко 2,995732273553991 0,002083263055322664
исторический 1,2378743560016172 0,004304152837279615
история 0 0
источник 0 0
июнь 0 0
кадников 4,605170185988092 0,006404965488161463
кадуйский 4,605170185988092 0,012809930976322926
календарный 4,605170185988092 0,0032024827440807315
каменный 2,995732273553991 0,008333052221290656
кандидат 2,207274913189721 0,0015349616920651745
капитализм 3,506557897319982 0,002438496451543798
карел 4,605170185988092 0,0032024827440807315
карелия 3,912023005428146 0,0054409221215968645
карельский 3,912023005428146 0,0027204610607984322
касательно 4,605170185988092 0,0032024827440807315
катанугин 3,506557897319982 0,004876992903087596
категория 0 0
кафедра 3,506557897319982 0,002438496451543798
кижский 4,605170185988092 0,0032024827440807315
кирилл 3,2188758248682006 0,004476878755032268
кирилловский 4,605170185988092 0,012809930976322926
кислотность 3,912023005428146 0,0027204610607984322
кичменгский 4,605170185988092 0,012809930976322926
клавдиевич 4,605170185988092 0,006404965488161463
км 0,8209805520698303 0,0034255099530034645
книга 0 0
код 0 0
колокольня 3,506557897319982 0,002438496451543798
кондопога 4,605170185988092 0,006404965488161463
корова 4,605170185988092 0,0032024827440807315
красавино 3,912023005428146 0,0054409221215968645
красная 2,207274913189721 0,003069923384130349
крестьянский 2,995732273553991 0,002083263055322664
кубенское 4,605170185988092 0,009607448232242194
кубинский 4,605170185988092 0,012809930976322926
культура 0,3566749439387324 0,0004960708538786264
ладожский 4,605170185988092 0,0032024827440807315
ленинградский 3,506557897319982 0,007315489354631394
лимандровый 4,605170185988092 0,006404965488161463
личность 0,127833371509885 8,889664221827885E-05
луг 4,605170185988092 0,0032024827440807315
лучший 0 0
ляд 4,605170185988092 0,006404965488161463
маг 3,912023005428146 0,0054409221215968645
май 0 0
максима 2,0402208285265546 0,002837581124515375
максимальный 3,912023005428146 0,0027204610607984322
март 0 0
марта 0,3566749439387324 0,003472495977150385
масло 2,995732273553991 0,01041631527661332
масса 2,659260036932778 0,0018492767989796786
мастер 2,5257286443082556 0,0017564176942338355
материал 0 0
медвежьегорск 4,605170185988092 0,006404965488161463
междуреченский 4,605170185988092 0,012809930976322926
место 0 0
миро 0 0
михаил 1,5606477482646683 0,0021705810128854913
множество 2,5257286443082556 0,0017564176942338355
мо 4,605170185988092 0,0032024827440807315
мобильный 0 0
мой 0 0
молодка 4,605170185988092 0,006404965488161463
молоко 3,506557897319982 0,007315489354631394
монастырский 4,605170185988092 0,0032024827440807315
монастырь 1,8325814637483102 0,005097584043806148
море 1,1394342831883648 0,0015847486553384768
мороз 2,659260036932778 0,003698553597959357
мосин 3,912023005428146 0,0054409221215968645
моча 0,16251892949777494 0,00011301733622932888
мочь 0,8209805520698303 0,0005709183255005773
музей 1,3093333199837622 0,0009105238664699319
муниципальный 2,659260036932778 0,003698553597959357
навигация 0 0
награда 1,3470736479666094 0,001873537757950778
нажать 0 0
название 0 0
наибольший 2,659260036932778 0,0018492767989796786
найти 0 0
население 0,5108256237659907 0,0017761669811056703
наследие 1,5606477482646683 0,0021705810128854913
наука 0,05129329438755048 0,00014267953932559243
находиться 0 0
начать 0,38566248081198473 0,004022904876341982
начинать 0,1508228897345837 0,00020976757960303711
небо 2,207274913189721 0,0015349616920651745
недоставать 1,07880966137193 0,0007502153417050973
некоммерческий 0 0
некрас 3,912023005428146 0,0054409221215968645
непосредственный 4,605170185988092 0,0032024827440807315
нечитаемый 1,5606477482646683 0,003255871519328237
николаевич 1,5606477482646683 0,006511743038656474
николай 1,5141277326297755 0,0021058800175657514
никольск 4,605170185988092 0,006404965488161463
никольский 2,995732273553991 0,008333052221290656
новый 0 0
ноябрь 0 0
нужный 2,995732273553991 0,002083263055322664
нын 1,8971199848858813 0,002638553525571462
нюксенский 4,605170185988092 0,012809930976322926
область 0,7765287894989963 0,04860055010772577
образец 2,407945608651872 0,00334902031801373
образование 0,7339691750802005 0,0010208194368292079
образовать 1,6607312068216509 0,001154889573589465
обсуждение 0 0
общество 0,07257069283483537 0,00010093281340032736
обязательный 0 0
один 0,843970070294529 0,0017607164192514513
озеро 1,8325814637483102 0,019115940164273055
океан 1,6607312068216509 0,00230977914717893
окончить 2,407945608651872 0,001674510159006865
округ 1,9661128563728327 0,004101765347092141
октябрь 0 0
онежский 4,605170185988092 0,009607448232242194
описание 0 0
организация 0 0
основной 0 0
особый 2,207274913189721 0,0015349616920651745
оставлять 1,7719568419318754 0,001232237024987396
остаток 4,605170185988092 0,0032024827440807315
остров 1,2039728043259361 0,002511765238510298
ответственность 0 0
отдельный 0 0
отказ 0 0
открытый 2,995732273553991 0,002083263055322664
относиться 1,7147984280919266 0,0011924884757245665
отрок 4,605170185988092 0,006404965488161463
отсутствовать 0,05129329438755048 0,00017834942415699055
охлаждение 4,605170185988092 0,0032024827440807315
оценивание 0,1508228897345837 0,00020976757960303711
памятник 1,2039728043259361 0,0008372550795034326
пастеризация 4,605170185988092 0,0032024827440807315
пачевская 4,605170185988092 0,006404965488161463
педагогический 3,506557897319982 0,002438496451543798
первый 0 0
перейти 0 0
переход 3,506557897319982 0,002438496451543798
персоналия 0,07257069283483537 0,0002523320335008184
петрозаводск 3,912023005428146 0,0054409221215968645
печать 0 0
писатель 2,207274913189721 0,003069923384130349
плотность 2,995732273553991 0,002083263055322664
площадь 1,07880966137193 0,0007502153417050973
пн 0,127833371509885 8,889664221827885E-05
погост 4,605170185988092 0,012809930976322926
подробный 0 0
поиск 0 0
покров 2,995732273553991 0,006249789165967992
политик 0 0
политический 1,2039728043259361 0,0008372550795034326
получить 0 0
помочь 0,127833371509885 8,889664221827885E-05
помощь 0,127833371509885 8,889664221827885E-05
породность 4,605170185988092 0,0032024827440807315
портал 0 0
последний 0 0
посмотреть 0 0
посторонний 3,912023005428146 0,0027204610607984322
построить 1,4696759700589417 0,0010220277955903627
потенциальный 1,5141277326297755 0,003158820026348628
править 0 0
правка 0 0
прединдустриальный 4,605170185988092 0,0032024827440807315
предлагать 0 0
предположение 4,605170185988092 0,0032024827440807315
предшественник 3,912023005428146 0,0027204610607984322
преображенское 3,912023005428146 0,0027204610607984322
пресвятой 2,995732273553991 0,006249789165967992
привкус 4,605170185988092 0,0032024827440807315
приглашать 2,5257286443082556 0,0017564176942338355
принять 1,3862943611198906 0,000964043366564597
проблематика 4,605170185988092 0,0032024827440807315
проект 0 0
промывка 4,605170185988092 0,0032024827440807315
просмотр 1,2729656758128876 0,0008852334324150817
профессор 2,5257286443082556 0,0017564176942338355
пункт 1,5606477482646683 0,003255871519328237
работа 0,9942522733438669 0,0020742397913988877
раздел 0,9675840262617057 0,0006728678903071667
разработчик 0 0
район 1,171182981502945 0,047238256555751604
ранний 1,8971199848858813 0,001319276762785731
располагаться 2,207274913189721 0,0015349616920651745
расположить 0,9162907318741551 0,0019115940164273054
рацион 3,912023005428146 0,0027204610607984322
регион 0,9942522733438669 0,002765653055198517
редкий 2,207274913189721 0,0015349616920651745
режим 3,2188758248682006 0,002238439377516134
река 1,1086626245216111 0,0015419507990564827
религия 0,083381608939051 0,00011596885805153129
реформация 3,912023005428146 0,0027204610607984322
рецензия 3,912023005428146 0,0027204610607984322
родина 1,6094379124341003 0,001119219688758067
роман 1,4696759700589417 0,0020440555911807254
российский 1,0498221244986776 0,0029202284408864467
россия 0,7765287894989963 0,005400061123080642
русский 0 0
рф 3,912023005428146 0,0027204610607984322
ряд 1,6607312068216509 0,001154889573589465
самый 0,5447271754416719 0,0007576177683472488
сбивание 4,605170185988092 0,0032024827440807315
сведение 0 0
свежесть 4,605170185988092 0,0032024827440807315
свежий 0 0
свирь 3,912023005428146 0,0054409221215968645
свободный 0 0
свойство 3,506557897319982 0,002438496451543798
связать 0 0
сгореть 3,912023005428146 0,0027204610607984322
север 1,0216512475319812 0,0007104667924422678
северный 1,1086626245216111 0,002312926198584724
северо 1,6094379124341003 0,004476878755032268
сель 2,995732273553991 0,002083263055322664
сентябрь 0 0
сергей 1,8325814637483102 0,002548792021903074
символика 2,302585092994046 0,0032024827440807315
система 0 0
сладковатый 4,605170185988092 0,0032024827440807315
сливка 4,605170185988092 0,006404965488161463
случай 0 0
случайный 0 0
смотреть 0 0
снимок 3,2188758248682006 0,002238439377516134
событие 0 0
совместный 2,120263536200091 0,002948906169958402
содержание 0,1392620673335076 9,684427491898998E-05
создавать 2,120263536200091 0,001474453084979201
создать 0 0
созревание 4,605170185988092 0,0032024827440807315
сокол 3,506557897319982 0,004876992903087596
сокольский 4,605170185988092 0,012809930976322926
сообщество 0 0
сооружение 2,207274913189721 0,003069923384130349
состав 1,0498221244986776 0,0014601142204432233
составлять 1,6094379124341003 0,001119219688758067
сохранение 0 0
сохранность 4,605170185988092 0,0032024827440807315
социальный 2,5257286443082556 0,0017564176942338355
спаситель 3,2188758248682006 0,002238439377516134
спасо 3,2188758248682006 0,004476878755032268
список 0 0
спорт 0,083381608939051 0,00011596885805153129
средневековый 2,659260036932778 0,0018492767989796786
средний 1,8971199848858813 0,001319276762785731
ссылаться 0 0
ссылка 0 0
стадо 4,605170185988092 0,0032024827440807315
старинный 3,506557897319982 0,004876992903087596
статистик 0 0
статус 1,4271163556401458 0,0009924314016969025
статья 0 0
степанович 2,659260036932778 0,003698553597959357
стилевой 4,605170185988092 0,0032024827440807315
страница 0 0
строительство 2,5257286443082556 0,0017564176942338355
субъект 2,407945608651872 0,00669804063602746
сходство 3,506557897319982 0,002438496451543798
считаться 1,5141277326297755 0,0010529400087828757
сюд 0 0
сямженский 4,605170185988092 0,012809930976322926
тарногский 4,605170185988092 0,012809930976322926
тверской 4,605170185988092 0,006404965488161463
текст 0 0
температура 3,506557897319982 0,002438496451543798
территориальный 2,407945608651872 0,005023530477020595
территория 0,8675005677047231 0,0012065376463208943
техника 0,06187540371808745 8,605758514337614E-05
течь 0 0
ти 3,2188758248682006 0,002238439377516134
тимофеевич 3,506557897319982 0,004876992903087596
торопец 3,506557897319982 0,009753985806175192
тотемский 4,605170185988092 0,012809930976322926
тотьма 4,605170185988092 0,012809930976322926
трава 2,8134107167600364 0,0019564747682614997
требоваться 3,2188758248682006 0,002238439377516134
тыс 1,6607312068216509 0,00461955829435786
уда 3,506557897319982 0,002438496451543798
удержать 4,605170185988092 0,0032024827440807315
уезд 2,659260036932778 0,003698553597959357
указатель 0 0
указать 2,407945608651872 0,001674510159006865
улучшение 1,4271163556401458 0,0009924314016969025
университет 1,3470736479666094 0,001873537757950778
урбанизация 3,912023005428146 0,0027204610607984322
уровень 2,0402208285265546 0,0014187905622576875
условие 0 0
устройство 1,3470736479666094 0,001873537757950778
усть 2,995732273553991 0,008333052221290656
устюг 3,506557897319982 0,017069475160806587
устюженский 4,605170185988092 0,012809930976322926
устюжна 4,605170185988092 0,012809930976322926
участие 0 0
участник 0 0
учиться 2,659260036932778 0,0018492767989796786
фактор 3,506557897319982 0,002438496451543798
факультет 2,5257286443082556 0,003512835388467671
февраль 0 0
федеральный 2,0402208285265546 0,002837581124515375
федерация 1,4271163556401458 0,001984862803393805
ферапонт 4,605170185988092 0,006404965488161463
физический 2,120263536200091 0,001474453084979201
филологический 3,912023005428146 0,0027204610607984322
философия 0,09431067947124142 0,00013116923431327038
фин 3,912023005428146 0,0027204610607984322
финский 1,9661128563728327 0,0013672551156973802
флаг 0,8675005677047231 0,0012065376463208943
форум 0 0
харовск 4,605170185988092 0,006404965488161463
харовский 4,605170185988092 0,012809930976322926
храм 1,2729656758128876 0,0026557002972452453
центр 0,8915981192837835 0,0006200265085422695
церковь 1,4271163556401458 0,0029772942050907076
цивилизация 2,659260036932778 0,003698553597959357
чагодощенский 4,605170185988092 0,012809930976322926
часть 0,5978370007556204 0,0008314840066142147
чел 2,0402208285265546 0,004256371686773062
череповец 4,605170185988092 0,016012413720403657
череповецкий 4,605170185988092 0,019214896464484387
чистота 4,605170185988092 0,0032024827440807315
чистый 3,912023005428146 0,0054409221215968645
читать 0 0
шаблон 0 0
шекснинский 4,605170185988092 0,012809930976322926
ширина 3,912023005428146 0,0027204610607984322
экономика 0,7550225842780328 0,0010501009517079733
экономический 2,120263536200091 0,004423359254937603
энциклопедия 0 0
юг 1,0216512475319812 0,0007104667924422678
юнеско 2,0402208285265546 0,002837581124515375
юрий 2,120263536200091 0,002948906169958402
явление 2,407945608651872 0,001674510159006865
являться 0,3424903089467759 0,0007145138573298524
язык 0 0
яй 1,7147984280919266 0,0011924884757245665
янович 4,605170185988092 0,006404965488161463
яркий 2,8134107167600364 0,0019564747682614997
