аарон 2,995732273553991 0,004477925670484291
август 0 0
августа 0,843970070294529 0,0006307698582171368
автономный 1,6607312068216509 0,0012412041904496644
административный 0,7133498878774648 0,0010662928069917262
айрес 3,912023005428146 0,2689881289233105
алфавит 0 0
альфредо 3,912023005428146 0,0058475680200719676
америка 1,4271163556401458 0,00639962491318451
андрей 1,2039728043259361 0,0017996603951060332
антонио 3,2188758248682006 0,0024057367898865476
анхель 3,506557897319982 0,005241491625291453
апрель 0 0
арабский 0,38566248081198473 0,0002882380275126941
аргентина 2,8134107167600364 0,03154047888744435
аргентинский 3,912023005428146 0,0029237840100359838
архив 0,3011050927839216 0,0009001647018951319
архитектор 2,5257286443082556 0,0018876895697371118
архитектура 1,1086626245216111 0,0016571937586272215
афера 3,912023005428146 0,0058475680200719676
барселона 3,912023005428146 0,0029237840100359838
бартолом 3,912023005428146 0,0029237840100359838
бенджамин 3,2188758248682006 0,004811473579773095
бенигный 3,912023005428146 0,0058475680200719676
берег 1,6094379124341003 0,0012028683949432738
бла 3,506557897319982 0,005241491625291453
бовио 3,506557897319982 0,005241491625291453
бомбардир 3,912023005428146 0,011695136040143935
брайан 3,912023005428146 0,0058475680200719676
буква 3,506557897319982 0,005241491625291453
буэнос 3,912023005428146 0,23390272080287866
валериано 4,605170185988092 0,00688366246037084
вальтер 3,506557897319982 0,005241491625291453
вводить 4,605170185988092 0,00344183123018542
век 0,5108256237659907 0,0011453489322107416
вергифкер 4,605170185988092 0,00688366246037084
версия 0 0
ветер 3,2188758248682006 0,004811473579773095
вики 1,6094379124341003 0,0012028683949432738
викигид 3,912023005428146 0,0029237840100359838
википедия 0 0
викисклад 0,5798184952529422 0,0004333471563923335
виллануэва 3,912023005428146 0,0058475680200719676
вирджинио 3,912023005428146 0,0058475680200719676
вица 2,659260036932778 0,007949955267362564
вклад 0 0
вновь 2,8134107167600364 0,0021026985924962904
воздух 3,912023005428146 0,0029237840100359838
восстановить 3,506557897319982 0,0026207458126457266
восстановление 3,2188758248682006 0,0024057367898865476
восточный 0,9162907318741551 0,0006848211747938379
восьмикратный 4,605170185988092 0,00344183123018542
входить 1,2378743560016172 0,0018503353602415803
выиграть 3,2188758248682006 0,0024057367898865476
выигрывать 3,912023005428146 0,011695136040143935
выступать 2,302585092994046 0,00172091561509271
гарай 4,605170185988092 0,00344183123018542
генейро 3,912023005428146 0,0058475680200719676
география 0,083381608939051 0,00012463618675493423
герб 0,7133498878774648 0,0010662928069917262
гол 3,912023005428146 0,0029237840100359838
голова 2,659260036932778 0,001987488816840641
город 0,3424903089467759 0,005887352096992411
госпожа 4,605170185988092 0,00344183123018542
граничить 1,1394342831883648 0,0008515951294382398
губернатор 2,8134107167600364 0,004205397184992581
далья 0,3566749439387324 0,00026657320174793155
данный 0,1508228897345837 0,00011272263806770082
два 0 0
дважда 2,302585092994046 0,01032549369055626
де 1,1394342831883648 0,011070736682697115
дева 3,2188758248682006 0,004811473579773095
декабрь 0 0
деление 0,9675840262617057 0,001446313940600457
дерево 1,7147984280919266 0,001281613174956597
джанотть 3,912023005428146 0,0058475680200719676
ди 2,659260036932778 0,007949955267362564
длина 2,5257286443082556 0,0018876895697371118
добрый 2,8134107167600364 0,004205397184992581
документ 2,8134107167600364 0,006308095777488871
дом 1,3470736479666094 0,002013563001444857
дополнить 1,5141277326297755 0,001131635076703868
достопримечательность 1,7147984280919266 0,002563226349913194
европа 0,8915981192837835 0,0013327326147739664
европейский 1,1086626245216111 0,002485790637940832
жанейро 3,506557897319982 0,007862237437937179
женщина 1,6607312068216509 0,0024824083808993288
жизл 2,5257286443082556 0,0037753791394742236
житель 1,7147984280919266 0,002563226349913194
журнал 0 0
забить 3,912023005428146 0,0029237840100359838
заблуждение 3,912023005428146 0,0029237840100359838
завершение 3,506557897319982 0,0026207458126457266
залив 2,207274913189721 0,0016496822968533043
заниматься 0 0
западный 0,9942522733438669 0,0007430883956232189
запрос 0,1165338162559516 0,00017419105568901587
знаете 0,06187540371808745 9,248939270267183E-05
знак 0 0
золотой 1,4696759700589417 0,002196825067352678
игра 1,5606477482646683 0,0011664033993009479
игрок 2,407945608651872 0,0017996603951060328
избранный 0,083381608939051 0,00018695428013240135
избрать 0 0
изменение 0 0
изображение 0,06187540371808745 4,6244696351335914E-05
именоваться 2,995732273553991 0,0022389628352421456
империя 1,2039728043259361 0,0017996603951060332
имя 1,4271163556401458 0,0021332083043948367
индеец 2,8134107167600364 0,004205397184992581
иноязычный 4,605170185988092 0,00344183123018542
интервик 0,9675840262617057 0,001446313940600457
инхеньеро 4,605170185988092 0,00688366246037084
искать 0 0
искусство 0,083381608939051 0,00012463618675493423
исп 1,9661128563728327 0,01322497437022085
испания 1,7147984280919266 0,015379358099479162
испанский 0,49429632181478017 0,005172009346342992
испанско 2,5257286443082556 0,0037753791394742236
использование 0 0
использовать 1,4271163556401458 0,0010666041521974184
использоваться 1,4696759700589417 0,002196825067352678
исторический 1,2378743560016172 0,0009251676801207902
история 0 0
источник 0 0
июль 0,9162907318741551 0,0027392846991753515
июнь 0 0
какой 1,8971199848858813 0,0014178774177024524
карлос 2,995732273553991 0,004477925670484291
карьер 2,407945608651872 0,0017996603951060328
категория 0 0
качество 1,5606477482646683 0,0023328067986018958
квартал 3,506557897319982 0,0026207458126457266
клуб 1,7719568419318754 0,003972997403434698
книга 0 0
код 0 0
коломбо 3,912023005428146 0,0058475680200719676
колумбия 2,659260036932778 0,01391242171788449
конститусьон 4,605170185988092 0,00344183123018542
копия 3,912023005428146 0,0029237840100359838
королевство 1,6094379124341003 0,004811473579773095
который 0,9162907318741551 0,0006848211747938379
крупнейший 1,2039728043259361 0,0017996603951060332
кубок 2,302585092994046 0,025813734226390647
культура 0,3566749439387324 0,0010662928069917262
культурный 1,5141277326297755 0,001131635076703868
ла 2,120263536200091 0,009507908234081125
лига 2,8134107167600364 0,004205397184992581
личность 0,127833371509885 9,554063640499626E-05
лола 4,605170185988092 0,00688366246037084
лопес 2,8134107167600364 0,004205397184992581
лучший 0 0
мадеро 4,605170185988092 0,00344183123018542
мадрид 3,2188758248682006 0,00962294715954619
мазелла 4,605170185988092 0,00344183123018542
май 0 0
малый 1,9661128563728327 0,0029388831933824106
мария 1,6607312068216509 0,003723612571348993
март 0 0
марта 0,3566749439387324 0,0007997196052437946
материал 0 0
матиас 3,912023005428146 0,0058475680200719676
матч 2,407945608651872 0,0035993207902120655
матьенсо 4,605170185988092 0,00688366246037084
медиафайл 1,6094379124341003 0,0012028683949432738
международный 0,9942522733438669 0,0007430883956232189
межконтинентальный 3,912023005428146 0,0058475680200719676
мендоса 3,912023005428146 0,0058475680200719676
место 0 0
мигель 2,659260036932778 0,001987488816840641
мильонариос 4,605170185988092 0,00688366246037084
миро 0 0
митра 3,912023005428146 0,0029237840100359838
мобильный 0 0
мой 0 0
момент 2,0402208285265546 0,0015248287208718646
монастырь 1,8325814637483102 0,0027392846991753515
монсеррат 3,912023005428146 0,014618920050179916
монсерратский 4,605170185988092 0,00344183123018542
мора 4,605170185988092 0,00688366246037084
мост 2,302585092994046 0,00344183123018542
моча 0,16251892949777494 0,00012146407286829218
мяч 2,8134107167600364 0,004205397184992581
навигация 0 0
награда 1,3470736479666094 0,0010067815007224286
нажать 0 0
название 0 0
называть 1,6607312068216509 0,003723612571348993
найти 0 0
нападающий 3,506557897319982 0,005241491625291453
нападение 3,2188758248682006 0,0024057367898865476
написать 0,9942522733438669 0,0007430883956232189
население 0,5108256237659907 0,00038178297740358054
настояние 4,605170185988092 0,00344183123018542
наука 0,05129329438755048 7,667159101278099E-05
находиться 0 0
начать 0,38566248081198473 0,005764760550253882
начинать 0,1508228897345837 0,00022544527613540163
наш 2,5257286443082556 0,0018876895697371118
неделя 1,5141277326297755 0,0033949052301116044
независимость 1,5141277326297755 0,002263270153407736
некоммерческий 0 0
немецкий 0,5108256237659907 0,00038178297740358054
нечитаемый 1,5606477482646683 0,003499210197902844
николас 3,506557897319982 0,010482983250582906
новый 0 0
носить 1,6094379124341003 0,0012028683949432738
ноябрь 0 0
обитатель 3,912023005428146 0,0029237840100359838
обладатель 3,2188758248682006 0,004811473579773095
обсуждение 0 0
общество 0,07257069283483537 0,00010847637195042658
обязательный 0 0
ограниченный 4,605170185988092 0,00344183123018542
один 0,843970070294529 0,0006307698582171368
октябрь 0 0
онорио 4,605170185988092 0,00688366246037084
описание 0 0
организация 0 0
оригинальный 2,0402208285265546 0,0015248287208718646
основание 2,8134107167600364 0,0021026985924962904
основать 1,2729656758128876 0,001902788753083539
основной 0 0
ответственность 0 0
отдельный 0 0
отказ 0 0
отсутствовать 0,05129329438755048 0,00015334318202556198
официальный 1,07880966137193 0,00241885574298639
оценивание 0,1508228897345837 0,00022544527613540163
памятник 1,2039728043259361 0,0017996603951060332
парана 3,912023005428146 0,0029237840100359838
паредес 3,912023005428146 0,0058475680200719676
педро 2,659260036932778 0,003974977633681282
первый 0 0
перевести 1,7719568419318754 0,001324332467811566
перейти 0 0
персоналия 0,07257069283483537 0,00027119092987606643
перу 2,995732273553991 0,004477925670484291
перукка 3,912023005428146 0,0058475680200719676
печать 0 0
плат 3,506557897319982 0,010482983250582906
плеить 4,605170185988092 0,00688366246037084
пн 0,127833371509885 0,00038216254561998503
победитель 2,8134107167600364 0,0021026985924962904
побеждать 4,605170185988092 0,00344183123018542
подробный 0 0
поиск 0 0
политик 0 0
полный 1,6094379124341003 0,0012028683949432738
получить 0 0
пользоваться 1,9661128563728327 0,0014694415966912053
помочь 0,127833371509885 9,554063640499626E-05
помощь 0,127833371509885 9,554063640499626E-05
пора 3,506557897319982 0,0026207458126457266
порт 1,8325814637483102 0,0027392846991753515
портал 0 0
последний 0 0
посмотреть 0 0
построить 1,4696759700589417 0,001098412533676339
потенциальный 1,5141277326297755 0,0033949052301116044
появиться 1,6607312068216509 0,0012412041904496644
правило 1,4696759700589417 0,001098412533676339
править 0 0
правка 0 0
практический 1,8971199848858813 0,0014178774177024524
предлагать 0 0
пресвятой 2,995732273553991 0,0022389628352421456
принять 1,3862943611198906 0,001036094440298872
провинция 1,7147984280919266 0,002563226349913194
продолжение 3,506557897319982 0,0026207458126457266
проект 0 0
проспект 2,995732273553991 0,004477925670484291
просторечие 4,605170185988092 0,00344183123018542
путеводитель 3,506557897319982 0,0026207458126457266
пуэйрредон 3,912023005428146 0,0058475680200719676
пуэрто 3,506557897319982 0,0026207458126457266
рабида 4,605170185988092 0,00688366246037084
работать 1,7147984280919266 0,001281613174956597
раз 2,659260036932778 0,003974977633681282
разный 2,0402208285265546 0,0015248287208718646
разработка 1,07880966137193 0,00241885574298639
разработчик 0 0
район 1,171182981502945 0,011379206845693785
расположить 0,9162907318741551 0,0020544635243815138
реал 3,506557897319982 0,005241491625291453
река 1,1086626245216111 0,0016571937586272215
религия 0,083381608939051 0,00024927237350986847
ривадавия 3,912023005428146 0,0029237840100359838
ривер 3,912023005428146 0,0058475680200719676
рио 3,2188758248682006 0,014434420739319285
риос 3,912023005428146 0,0029237840100359838
риус 4,605170185988092 0,00688366246037084
родольфо 3,912023005428146 0,0058475680200719676
родственный 0,21072103131565253 0,00015748956002664615
ромеро 3,912023005428146 0,0058475680200719676
руда 3,912023005428146 0,0058475680200719676
руководство 2,0402208285265546 0,0015248287208718646
русский 0 0
сальседо 4,605170185988092 0,00344183123018542
сан 2,302585092994046 0,00688366246037084
сборная 2,120263536200091 0,00792325686173427
сборный 2,659260036932778 0,001987488816840641
сведение 0 0
свежий 0 0
свободный 0 0
связать 0 0
святой 1,4696759700589417 0,001098412533676339
сентябрь 0 0
сирый 4,605170185988092 0,00688366246037084
система 0 0
скульптура 2,995732273553991 0,0022389628352421456
следовать 1,4271163556401458 0,0010666041521974184
случай 0 0
случайный 0 0
смотреть 0 0
собор 1,9661128563728327 0,0029388831933824106
событие 0 0
совет 2,302585092994046 0,00172091561509271
современный 1,0216512475319812 0,0007635659548071609
содержание 0,1392620673335076 0,00010408226258109686
создание 0,8675005677047231 0,000648356179151512
создать 0 0
сокр 4,605170185988092 0,00344183123018542
сокращение 2,302585092994046 0,00172091561509271
сообщество 0 0
соответствовать 2,5257286443082556 0,0018876895697371118
состав 1,0498221244986776 0,002353861265692102
составлять 1,6094379124341003 0,0012028683949432738
сохранение 0 0
список 0 0
спорт 0,083381608939051 0,00024927237350986847
спортсмен 2,207274913189721 0,0016496822968533043
среди 1,4696759700589417 0,001098412533676339
ссылаться 0 0
ссылка 0 0
становиться 2,5257286443082556 0,005663068709211336
старый 2,207274913189721 0,0032993645937066086
статистик 0 0
стать 0,4620354595965586 0,0003453179817612546
статья 0 0
стефанелли 3,912023005428146 0,0058475680200719676
стефано 4,605170185988092 0,01032549369055626
столица 0,7985076962177716 0,0035807520009765543
страна 0,43078291609245434 0,0006439206518571814
страница 0 0
суперкубок 3,912023005428146 0,0058475680200719676
существенный 2,0402208285265546 0,0015248287208718646
сюд 0 0
тайбо 3,912023005428146 0,0058475680200719676
текст 0 0
тельмо 3,912023005428146 0,0029237840100359838
тема 0,7550225842780328 0,0005642919165007719
термин 2,0402208285265546 0,0015248287208718646
техника 0,06187540371808745 9,248939270267183E-05
течь 0 0
титул 2,659260036932778 0,001987488816840641
транскрипция 2,120263536200091 0,0015846513723468544
транспорт 0,9162907318741551 0,0013696423495876758
тренер 2,8134107167600364 0,006308095777488871
третий 1,7147984280919266 0,001281613174956597
трижда 3,2188758248682006 0,0024057367898865476
троица 3,912023005428146 0,0029237840100359838
трофей 3,2188758248682006 0,0024057367898865476
уефа 3,912023005428146 0,011695136040143935
указатель 0 0
указать 2,407945608651872 0,0017996603951060328
укоротить 4,605170185988092 0,00344183123018542
улица 1,8971199848858813 0,008507264506214715
улучшить 1,6607312068216509 0,0012412041904496644
университет 1,3470736479666094 0,002013563001444857
уракать 4,605170185988092 0,00688366246037084
условие 0 0
устав 3,2188758248682006 0,0024057367898865476
устье 3,912023005428146 0,0029237840100359838
утвердить 3,2188758248682006 0,004811473579773095
участие 0 0
участник 0 0
участница 1,7147984280919266 0,002563226349913194
уэрго 4,605170185988092 0,00688366246037084
февраль 0 0
федеральный 2,0402208285265546 0,0015248287208718646
фигурировать 4,605170185988092 0,00344183123018542
философия 0,09431067947124142 0,00014097261505417253
фильм 1,6094379124341003 0,004811473579773095
фишер 3,912023005428146 0,0058475680200719676
форма 1,6607312068216509 0,0012412041904496644
форум 0 0
франко 2,995732273553991 0,004477925670484291
французский 0,23572233352106994 0,00017617513716073986
франческо 3,2188758248682006 0,004811473579773095
футбол 1,7719568419318754 0,01589198961373879
футболист 1,8971199848858813 0,0056715096708098095
футбольный 1,9661128563728327 0,0029388831933824106
хороший 0,7985076962177716 0,0005967920001627591
хосе 2,407945608651872 0,0035993207902120655
хуан 2,407945608651872 0,008998301975530164
центр 0,8915981192837835 0,0006663663073869832
центральный 1,2729656758128876 0,0009513943765417695
часть 0,5978370007556204 0,0013404417057300906
чемпион 2,5257286443082556 0,013213826988159783
чемпионат 1,4696759700589417 0,01098412533676339
чили 2,659260036932778 0,005962466450521923
читать 0 0
шаблон 0 0
шульц 3,912023005428146 0,0058475680200719676
экономический 2,120263536200091 0,0015846513723468544
элемент 0,19845093872383823 0,00029663817447509453
эльмо 3,506557897319982 0,005241491625291453
энтра 3,912023005428146 0,0029237840100359838
энциклопедия 0 0
эсекьель 4,605170185988092 0,00688366246037084
эспаньола 3,912023005428146 0,0058475680200719676
эстуарий 4,605170185988092 0,00344183123018542
южный 1,171182981502945 0,00525194162108944
юрист 2,5257286443082556 0,0018876895697371118
являться 0,3424903089467759 0,0010238873212160716
язык 0 0
январь 0,6733445532637655 0,0055357175529905985
