абхидхамма 4,605170185988092 0,00402725857978845
абхидхарм 4,605170185988092 0,0080545171595769
абхидхармакош 4,605170185988092 0,00402725857978845
авалокитешвар 4,605170185988092 0,0080545171595769
август 0 0
авьякт 4,605170185988092 0,00402725857978845
агван 3,912023005428146 0,003421095763382725
аджаташатр 4,605170185988092 0,0080545171595769
азия 1,5141277326297755 0,0039723508507995865
акшобхья 4,605170185988092 0,00402725857978845
алаунситх 4,605170185988092 0,00402725857978845
александр 1,3470736479666094 0,0005890134009473587
алексеевич 1,8971199848858813 0,0016590467729653531
алексей 1,7719568419318754 0,0007747952959912005
алмазный 4,605170185988092 0,0080545171595769
алфавит 0 0
алый 3,912023005428146 0,003421095763382725
амидаизм 4,605170185988092 0,00402725857978845
амитабх 4,605170185988092 0,00402725857978845
амогхасиддха 4,605170185988092 0,00402725857978845
ананда 4,605170185988092 0,00402725857978845
анапан 4,605170185988092 0,00402725857978845
ангкор 3,912023005428146 0,00684219152676545
англоязычный 2,995732273553991 0,002619792106299948
ангулимал 4,605170185988092 0,0080545171595769
анурадхапур 4,605170185988092 0,00402725857978845
апрель 0 0
арабский 0,38566248081198473 0,0001686324795854765
арун 4,605170185988092 0,00402725857978845
архат 4,605170185988092 0,00402725857978845
архив 0,3011050927839216 0,00026331883933880334
архитектура 1,1086626245216111 0,00048476721666882865
арьядэв 4,605170185988092 0,00402725857978845
асана 4,605170185988092 0,00402725857978845
асанг 4,605170185988092 0,00402725857978845
атиш 3,912023005428146 0,003421095763382725
атман 4,605170185988092 0,00402725857978845
африка 1,5606477482646683 0,0013647990802489447
ачать 4,605170185988092 0,00402725857978845
ашок 4,605170185988092 0,0080545171595769
ашрам 4,605170185988092 0,00402725857978845
бактрийский 3,912023005428146 0,003421095763382725
бамиан 4,605170185988092 0,00402725857978845
бангладеш 3,2188758248682006 0,002814932946977001
бар 3,912023005428146 0,003421095763382725
бардо 4,605170185988092 0,00402725857978845
бахай 3,2188758248682006 0,004222399420465502
библиотека 2,659260036932778 0,00232554441358354
библия 2,995732273553991 0,003929688159449923
бимбисар 4,605170185988092 0,00402725857978845
благородный 3,912023005428146 0,003421095763382725
богдо 3,912023005428146 0,003421095763382725
боднатх 4,605170185988092 0,00402725857978845
бодонг 4,605170185988092 0,00402725857978845
бодх 4,605170185988092 0,0080545171595769
бодхидхарм 4,605170185988092 0,00402725857978845
бодхисаттво 4,605170185988092 0,010068146449471122
бодхисен 4,605170185988092 0,00402725857978845
бодхичитта 4,605170185988092 0,00402725857978845
болгарский 1,9661128563728327 0,0008596907985889081
бон 3,912023005428146 0,003421095763382725
бонза 4,605170185988092 0,00402725857978845
борободур 4,605170185988092 0,00402725857978845
бразилия 2,659260036932778 0,00232554441358354
брахма 4,605170185988092 0,00402725857978845
брахмачарьё 4,605170185988092 0,00402725857978845
будда 3,2188758248682006 0,032371728890235506
буддапалит 4,605170185988092 0,00402725857978845
буддизм 2,5257286443082556 0,1203779721161346
буддийский 3,2188758248682006 0,04503892715163202
буддик 4,605170185988092 0,00402725857978845
буддхагхош 4,605170185988092 0,00402725857978845
бунъя 4,605170185988092 0,00402725857978845
бурятия 3,912023005428146 0,010263287290148176
бутан 2,995732273553991 0,007859376318899845
бхававивек 4,605170185988092 0,00402725857978845
бхактапур 4,605170185988092 0,00402725857978845
бхархут 4,605170185988092 0,00402725857978845
бхикша 4,605170185988092 0,00402725857978845
бхикшуни 4,605170185988092 0,00402725857978845
бхуметь 4,605170185988092 0,00402725857978845
бытие 3,912023005428146 0,003421095763382725
бьянгтер 4,605170185988092 0,00402725857978845
ваджр 4,605170185988092 0,00402725857978845
ваджраварых 4,605170185988092 0,00402725857978845
ваджрадхар 4,605170185988092 0,00402725857978845
ваджракилая 4,605170185988092 0,00402725857978845
ваджрапань 4,605170185988092 0,00402725857978845
ваджрасаттво 4,605170185988092 0,00402725857978845
ваджраян 4,605170185988092 0,0080545171595769
вайрочан 4,605170185988092 0,00402725857978845
вайшать 4,605170185988092 0,00402725857978845
вайшнавар 4,605170185988092 0,00402725857978845
вайшраван 4,605170185988092 0,00402725857978845
вангпо 4,605170185988092 0,00402725857978845
вангченый 4,605170185988092 0,00402725857978845
вангьял 4,605170185988092 0,00402725857978845
варанаси 4,605170185988092 0,00402725857978845
васубандх 4,605170185988092 0,00402725857978845
вата 4,605170185988092 0,020136292898942244
век 0,5108256237659907 0,0004467211401539053
венгерский 1,9661128563728327 0,0008596907985889081
вера 3,2188758248682006 0,002814932946977001
версия 0 0
виджняный 4,605170185988092 0,00402725857978845
видья 4,605170185988092 0,00402725857978845
википедия 0 0
викторовна 2,995732273553991 0,001309896053149974
вималакирти 4,605170185988092 0,00402725857978845
вималамитр 4,605170185988092 0,00402725857978845
виной 4,605170185988092 0,0080545171595769
випассан 4,605170185988092 0,00402725857978845
вихар 3,912023005428146 0,005131643645074088
вклад 0 0
вопрос 2,8134107167600364 0,00246035043004813
восьмеричный 4,605170185988092 0,00402725857978845
вьентьян 4,605170185988092 0,00402725857978845
вьетнам 3,2188758248682006 0,002814932946977001
вьетнамский 1,6094379124341003 0,0007037332367442503
вэньхуэй 4,605170185988092 0,00402725857978845
вэньянить 4,605170185988092 0,00402725857978845
гай 2,995732273553991 0,005239584212599896
гаккать 4,605170185988092 0,00402725857978845
гампо 4,605170185988092 0,00402725857978845
гампоп 4,605170185988092 0,00402725857978845
гангт 4,605170185988092 0,00402725857978845
ганджур 4,605170185988092 0,00402725857978845
гандный 4,605170185988092 0,00402725857978845
гандхар 4,605170185988092 0,01208177573936535
гар 4,605170185988092 0,00402725857978845
гарчить 4,605170185988092 0,00402725857978845
гаутам 3,912023005428146 0,0017105478816913625
гелуга 4,605170185988092 0,00402725857978845
география 0,083381608939051 7,291789150769654E-05
герасимов 3,912023005428146 0,003421095763382725
геш 4,605170185988092 0,00402725857978845
глупость 4,605170185988092 0,00402725857978845
гоенка 4,605170185988092 0,00402725857978845
гомбожаб 4,605170185988092 0,00402725857978845
гомп 3,912023005428146 0,003421095763382725
город 0,3424903089467759 0,00029951054564650276
греко 3,506557897319982 0,012266052985815415
греческий 1,4271163556401458 0,001248024797236682
гуру 4,605170185988092 0,0080545171595769
гухьясамаджа 4,605170185988092 0,00402725857978845
гэгэн 4,605170185988092 0,00402725857978845
д 1,5141277326297755 0,0006620584751332643
дайсак 4,605170185988092 0,00402725857978845
дакиня 4,605170185988092 0,00402725857978845
далай 4,605170185988092 0,00402725857978845
данджур 4,605170185988092 0,00402725857978845
данный 0,1508228897345837 6,594791855469335E-05
даосизм 3,506557897319982 0,004599769869680781
дас 4,605170185988092 0,00402725857978845
дацан 4,605170185988092 0,0080545171595769
два 0 0
двенадцатичленный 4,605170185988092 0,00402725857978845
движение 1,6094379124341003 0,0014074664734885006
де 1,1394342831883648 0,0004982222488799147
девадатта 4,605170185988092 0,00402725857978845
девадах 4,605170185988092 0,00402725857978845
декабрь 0 0
десять 3,506557897319982 0,0030665132464538537
децэн 4,605170185988092 0,00402725857978845
джамгон 4,605170185988092 0,00402725857978845
джампа 4,605170185988092 0,00402725857978845
джамьянг 4,605170185988092 0,01208177573936535
джатак 4,605170185988092 0,00402725857978845
джетаван 4,605170185988092 0,00402725857978845
дживак 4,605170185988092 0,00402725857978845
джигма 3,912023005428146 0,003421095763382725
джокханг 4,605170185988092 0,00402725857978845
джонанг 4,605170185988092 0,00402725857978845
джузеппе 4,605170185988092 0,00402725857978845
дзадзэн 4,605170185988092 0,00402725857978845
дзогченый 4,605170185988092 0,00402725857978845
дзу 3,912023005428146 0,003421095763382725
дзэн 4,605170185988092 0,00402725857978845
дигнаг 4,605170185988092 0,00402725857978845
дилго 4,605170185988092 0,00402725857978845
дипанкар 4,605170185988092 0,00402725857978845
дмитриевна 3,506557897319982 0,0015332566232269269
дорджа 4,605170185988092 0,00402725857978845
доржий 3,912023005428146 0,003421095763382725
древность 3,506557897319982 0,0015332566232269269
дрепунг 4,605170185988092 0,00402725857978845
дрикунг 4,605170185988092 0,00402725857978845
дромтонп 4,605170185988092 0,00402725857978845
друкп 3,912023005428146 0,003421095763382725
дуджа 4,605170185988092 0,00402725857978845
дукха 4,605170185988092 0,00402725857978845
духов 3,2188758248682006 0,002814932946977001
дхарма 4,605170185988092 0,0080545171595769
дхармакать 4,605170185988092 0,00402725857978845
дхармакирти 4,605170185988092 0,00402725857978845
дхармапал 3,912023005428146 0,003421095763382725
дхармачакр 4,605170185988092 0,00402725857978845
дхьяна 4,605170185988092 0,00402725857978845
дылыков 4,605170185988092 0,00402725857978845
дэвид 2,407945608651872 0,0021057679131192583
евгенья 2,0402208285265546 0,0017841896183004413
европа 0,8915981192837835 0,0007797097676290192
елена 2,407945608651872 0,0010528839565596291
ермаков 4,605170185988092 0,00402725857978845
еше 4,605170185988092 0,00402725857978845
живой 2,659260036932778 0,00232554441358354
журнал 0 0
зай 4,605170185988092 0,00402725857978845
заниматься 0 0
запад 0,9162907318741551 0,0008013036570827767
запрос 0,1165338162559516 0,00015286464747173365
земля 1,2378743560016172 0,0005412655688682192
знак 0 0
зороастризм 3,912023005428146 0,005131643645074088
иволгинский 4,605170185988092 0,00402725857978845
ида 4,605170185988092 0,00402725857978845
избрать 0 0
изумрудный 3,912023005428146 0,003421095763382725
иккю 4,605170185988092 0,00402725857978845
икэда 4,605170185988092 0,00402725857978845
империя 1,2039728043259361 0,0021057679131192587
индия 2,120263536200091 0,010198031875033231
индо 4,605170185988092 0,00402725857978845
индонезия 3,2188758248682006 0,0014074664734885006
индуизм 2,995732273553991 0,00654948026574987
инин 4,605170185988092 0,00402725857978845
интервик 0,9675840262617057 0,00042308002897319883
ипполитович 4,605170185988092 0,00402725857978845
искать 0 0
искусство 0,083381608939051 0,00032813051178463446
ислам 1,7147984280919266 0,002249407645070302
испанский 0,49429632181478017 0,00021613306594437263
использование 0 0
истина 4,605170185988092 0,0080545171595769
история 0 0
источник 0 0
итальянский 0,7339691750802005 0,00032093099041547905
иудаизм 2,995732273553991 0,003929688159449923
ицзин 4,605170185988092 0,00402725857978845
ишань 4,605170185988092 0,00402725857978845
июнь 0 0
йогачар 4,605170185988092 0,00402725857978845
каат 4,605170185988092 0,00402725857978845
кавагутить 4,605170185988092 0,00402725857978845
кагь 3,912023005428146 0,011973835171839538
казахстан 2,5257286443082556 0,0022087701305712774
кайлаш 4,605170185988092 0,00402725857978845
калачакр 4,605170185988092 0,0080545171595769
калмыкия 4,605170185988092 0,002013629289894225
камалашить 4,605170185988092 0,00402725857978845
камбоджа 3,2188758248682006 0,005629865893954002
канада 2,659260036932778 0,00116277220679177
канди 4,605170185988092 0,00402725857978845
канон 3,912023005428146 0,010263287290148176
капилаваст 4,605170185988092 0,00402725857978845
карма 3,912023005428146 0,00684219152676545
кармап 4,605170185988092 0,00402725857978845
карун 4,605170185988092 0,00402725857978845
категория 0 0
катманду 3,912023005428146 0,003421095763382725
кесария 4,605170185988092 0,00402725857978845
кипунад 4,605170185988092 0,00402725857978845
киргизия 3,506557897319982 0,0030665132464538537
киртипур 4,605170185988092 0,00402725857978845
китай 1,8971199848858813 0,004977140318896059
китайский 1,171182981502945 0,001536313486886242
клеш 4,605170185988092 0,00402725857978845
книга 0 0
коан 4,605170185988092 0,00402725857978845
код 0 0
колесо 3,506557897319982 0,0030665132464538537
конгтрул 4,605170185988092 0,00402725857978845
корея 2,995732273553991 0,005239584212599896
косамби 4,605170185988092 0,002013629289894225
красный 0,7765287894989963 0,0006790807079134205
ксения 3,912023005428146 0,0017105478816913625
кубер 4,605170185988092 0,002013629289894225
кукать 4,605170185988092 0,00402725857978845
куккурип 4,605170185988092 0,00402725857978845
культура 0,3566749439387324 0,00031191512368931564
кумбум 3,912023005428146 0,003421095763382725
курукулла 4,605170185988092 0,00402725857978845
куся 4,605170185988092 0,00402725857978845
кушанский 4,605170185988092 0,00402725857978845
кушинагар 4,605170185988092 0,00402725857978845
кхьенец 4,605170185988092 0,0080545171595769
кэгон 4,605170185988092 0,00402725857978845
лабдрон 4,605170185988092 0,00402725857978845
лабранг 4,605170185988092 0,00402725857978845
ладакх 4,605170185988092 0,002013629289894225
лакханг 4,605170185988092 0,00402725857978845
лалитпур 4,605170185988092 0,00402725857978845
лама 3,2188758248682006 0,011259731787908005
ламрим 4,605170185988092 0,00402725857978845
ланка 3,506557897319982 0,0061330264929077075
ланкаватар 4,605170185988092 0,00402725857978845
лаос 3,506557897319982 0,0061330264929077075
лина 4,605170185988092 0,00402725857978845
линг 4,605170185988092 0,00402725857978845
лингп 4,605170185988092 0,0241635514787307
линия 1,8971199848858813 0,0008295233864826766
лоизм 4,605170185988092 0,00402725857978845
лонгченп 4,605170185988092 0,00402725857978845
лотосовый 4,605170185988092 0,00402725857978845
луанг 4,605170185988092 0,00402725857978845
лумбинь 4,605170185988092 0,00402725857978845
лучший 0 0
лхаса 3,912023005428146 0,003421095763382725
льюис 3,506557897319982 0,0030665132464538537
магадх 4,605170185988092 0,00402725857978845
мадхъямак 4,605170185988092 0,00402725857978845
май 0 0
майтрей 4,605170185988092 0,0080545171595769
майтрип 4,605170185988092 0,00402725857978845
македонский 1,5606477482646683 0,0006823995401244724
малайзия 3,912023005428146 0,003421095763382725
мандал 4,605170185988092 0,01208177573936535
манджушри 4,605170185988092 0,00402725857978845
мантра 4,605170185988092 0,00402725857978845
мануха 4,605170185988092 0,00402725857978845
маньчжурия 4,605170185988092 0,002013629289894225
маня 4,605170185988092 0,00402725857978845
мара 3,506557897319982 0,0030665132464538537
марпа 4,605170185988092 0,00402725857978845
март 0 0
материал 0 0
матхур 4,605170185988092 0,00402725857978845
маудгальяняны 4,605170185988092 0,00402725857978845
маудгальяян 4,605170185988092 0,00402725857978845
маурий 4,605170185988092 0,00402725857978845
мах 4,605170185988092 0,00402725857978845
махабодхий 4,605170185988092 0,00402725857978845
махаджанапад 4,605170185988092 0,00402725857978845
махакать 4,605170185988092 0,00402725857978845
махакашьяп 4,605170185988092 0,00402725857978845
махамай 4,605170185988092 0,00402725857978845
махамудр 4,605170185988092 0,00402725857978845
махапраджапати 4,605170185988092 0,00402725857978845
махаяна 4,605170185988092 0,0080545171595769
мачига 4,605170185988092 0,00402725857978845
медитация 4,605170185988092 0,01208177573936535
место 0 0
ми 3,506557897319982 0,0030665132464538537
милареп 3,912023005428146 0,003421095763382725
милинда 4,605170185988092 0,00402725857978845
мип 4,605170185988092 0,0080545171595769
мир 4,605170185988092 0,00402725857978845
миро 0 0
мифология 2,120263536200091 0,004635469034106014
михайлович 1,7719568419318754 0,0007747952959912005
мобильный 0 0
мой 0 0
мона 3,2188758248682006 0,0014074664734885006
монастырь 1,8325814637483102 0,005609125599579437
монголия 2,8134107167600364 0,00738105129014439
мудрость 3,912023005428146 0,003421095763382725
мудрый 3,912023005428146 0,00684219152676545
муласарвастивад 4,605170185988092 0,00402725857978845
мьянма 3,506557897319982 0,004599769869680781
навигация 0 0
нагарджун 4,605170185988092 0,00402725857978845
нажать 0 0
название 0 0
найти 0 0
наланда 4,605170185988092 0,00402725857978845
намгьял 3,912023005428146 0,0017105478816913625
народный 1,8325814637483102 0,0016026073141655534
нароп 4,605170185988092 0,00402725857978845
натха 4,605170185988092 0,00402725857978845
наука 0,05129329438755048 4,485640086362089E-05
находиться 0 0
нацог 4,605170185988092 0,00402725857978845
начать 0,38566248081198473 0,005058974387564295
начинать 0,1508228897345837 0,0001318958371093867
нгаванга 3,912023005428146 0,0017105478816913625
нгор 4,605170185988092 0,00402725857978845
недоставать 1,07880966137193 0,00047171388778833846
некоммерческий 0 0
немецкий 0,5108256237659907 0,00022336057007695266
непал 3,506557897319982 0,0061330264929077075
нетный 4,605170185988092 0,00402725857978845
нигум 4,605170185988092 0,00402725857978845
нидать 4,605170185988092 0,00402725857978845
никать 4,605170185988092 0,01208177573936535
ниппондзан 4,605170185988092 0,00402725857978845
нирвана 4,605170185988092 0,00402725857978845
нирманакай 4,605170185988092 0,00402725857978845
ниродх 4,605170185988092 0,00402725857978845
нитидац 4,605170185988092 0,00402725857978845
нитирэн 4,605170185988092 0,0080545171595769
новый 0 0
норвегия 2,995732273553991 0,002619792106299948
ноябрь 0 0
ньима 4,605170185988092 0,00402725857978845
ньингма 3,912023005428146 0,003421095763382725
ньянапоника 4,605170185988092 0,00402725857978845
нэмбуц 4,605170185988092 0,00402725857978845
обак 4,605170185988092 0,00402725857978845
обзорный 2,8134107167600364 0,001230175215024065
обсуждение 0 0
общество 0,07257069283483537 6,346365792289932E-05
обязательный 0 0
огнев 4,605170185988092 0,00402725857978845
оккультизм 3,506557897319982 0,004599769869680781
октябрь 0 0
ольденбург 4,605170185988092 0,00402725857978845
оля 3,912023005428146 0,003421095763382725
ом 4,605170185988092 0,00402725857978845
описание 0 0
организация 0 0
ореол 4,605170185988092 0,00402725857978845
основной 0 0
ответственность 0 0
отдельный 0 0
отказ 0 0
отсутствовать 0,05129329438755048 0,0013681202263404369
оуян 4,605170185988092 0,00402725857978845
оценивание 0,1508228897345837 0,0001318958371093867
пава 3,912023005428146 0,003421095763382725
паган 4,605170185988092 0,00402725857978845
пагба 4,605170185988092 0,00402725857978845
падма 4,605170185988092 0,00402725857978845
падмасамбхав 3,912023005428146 0,00684219152676545
палийский 4,605170185988092 0,00402725857978845
палмо 4,605170185988092 0,00402725857978845
паломничество 3,2188758248682006 0,007037332367442501
памятник 1,2039728043259361 0,0005264419782798147
панаутить 4,605170185988092 0,00402725857978845
пандит 4,605170185988092 0,0080545171595769
пантеон 4,605170185988092 0,002013629289894225
панчить 4,605170185988092 0,0080545171595769
парамит 4,605170185988092 0,00402725857978845
парикрам 4,605170185988092 0,00402725857978845
парпинг 4,605170185988092 0,00402725857978845
парфионович 4,605170185988092 0,00402725857978845
паталипутр 4,605170185988092 0,00402725857978845
патрула 4,605170185988092 0,00402725857978845
пахарпур 3,912023005428146 0,003421095763382725
пелкор 4,605170185988092 0,00402725857978845
пема 4,605170185988092 0,0080545171595769
первый 0 0
перейти 0 0
перенаправлять 4,605170185988092 0,006040887869682675
перерождение 3,912023005428146 0,0017105478816913625
пересекаться 4,605170185988092 0,002013629289894225
персоналия 0,07257069283483537 0,0002538546316915973
печать 0 0
пн 0,127833371509885 0,0005589565872754044
подробный 0 0
поиск 0 0
политик 0 0
получить 0 0
польский 1,2729656758128876 0,0005566093903860462
помощь 0,127833371509885 5,589565872754044E-05
портал 0 0
португальский 0,49429632181478017 0,00021613306594437263
последний 0 0
посмотреть 0 0
потать 3,912023005428146 0,003421095763382725
похорон 3,912023005428146 0,003421095763382725
почтение 4,605170185988092 0,00402725857978845
прабанг 4,605170185988092 0,00402725857978845
править 0 0
правка 0 0
праджнить 4,605170185988092 0,00402725857978845
праджняпарамит 4,605170185988092 0,01208177573936535
праздник 1,4271163556401458 0,001248024797236682
пракео 4,605170185988092 0,00402725857978845
прасангик 4,605170185988092 0,00402725857978845
пратимокша 4,605170185988092 0,00402725857978845
пратьекабудд 4,605170185988092 0,00402725857978845
предлагать 0 0
пробуждение 4,605170185988092 0,00402725857978845
проект 0 0
прозрение 4,605170185988092 0,00402725857978845
просветление 4,605170185988092 0,00402725857978845
прошлый 3,912023005428146 0,003421095763382725
пудгал 4,605170185988092 0,00402725857978845
пуджа 4,605170185988092 0,00402725857978845
путь 2,120263536200091 0,0037083752272848115
пхо 4,605170185988092 0,00402725857978845
раджгир 4,605170185988092 0,00402725857978845
разработка 1,07880966137193 0,0014151416633650154
разработчик 0 0
ралпачанин 4,605170185988092 0,00402725857978845
рангдрол 4,605170185988092 0,00402725857978845
ранний 1,8971199848858813 0,0008295233864826766
ратнасамбхав 4,605170185988092 0,00402725857978845
рахул 4,605170185988092 0,00402725857978845
регион 0,9942522733438669 0,0004347408278722636
реинкарнация 4,605170185988092 0,00402725857978845
религия 0,083381608939051 0,00032813051178463446
реликвия 3,506557897319982 0,0030665132464538537
республика 0,9416085398584451 0,0008234442849658462
речунг 4,605170185988092 0,00402725857978845
риддх 4,605170185988092 0,00402725857978845
риндзай 4,605170185988092 0,00402725857978845
ринпоч 4,605170185988092 0,0241635514787307
риссю 4,605170185988092 0,00402725857978845
ритрит 4,605170185988092 0,00402725857978845
роберта 2,207274913189721 0,0019302797666722528
россия 0,7765287894989963 0,0006790807079134205
румтека 4,605170185988092 0,00402725857978845
русский 0 0
сазыкин 4,605170185988092 0,00402725857978845
сакья 3,912023005428146 0,010263287290148176
самадхи 4,605170185988092 0,00402725857978845
самантабхадр 4,605170185988092 0,00402725857978845
самбхогакая 4,605170185988092 0,00402725857978845
самья 4,605170185988092 0,00402725857978845
санга 4,605170185988092 0,00402725857978845
сангабхадр 4,605170185988092 0,00402725857978845
сангха 4,605170185988092 0,00402725857978845
сангхамитр 4,605170185988092 0,00402725857978845
сангье 4,605170185988092 0,00402725857978845
санкасия 4,605170185988092 0,00402725857978845
санрон 4,605170185988092 0,00402725857978845
сансар 4,605170185988092 0,00402725857978845
сантан 4,605170185988092 0,00402725857978845
саньлунить 4,605170185988092 0,00402725857978845
сарат 4,605170185988092 0,00402725857978845
сарвастивад 4,605170185988092 0,00402725857978845
саторить 4,605170185988092 0,00402725857978845
саттва 4,605170185988092 0,00402725857978845
саутрантика 4,605170185988092 0,00402725857978845
сваямбунат 4,605170185988092 0,00402725857978845
сваямбх 4,605170185988092 0,00402725857978845
сведение 0 0
свежий 0 0
свободный 0 0
связать 0 0
сентябрь 0 0
сера 4,605170185988092 0,00402725857978845
сергей 1,8325814637483102 0,0016026073141655534
сиддх 4,605170185988092 0,00402725857978845
сикким 4,605170185988092 0,002013629289894225
сингапур 3,2188758248682006 0,007037332367442501
сингасарь 4,605170185988092 0,00402725857978845
сингон 4,605170185988092 0,00402725857978845
синсю 4,605170185988092 0,00402725857978845
система 0 0
ситуп 4,605170185988092 0,00402725857978845
словарь 2,407945608651872 0,0010528839565596291
словник 4,605170185988092 0,002013629289894225
случай 0 0
случайный 0 0
смотреть 0 0
смритить 4,605170185988092 0,00402725857978845
снеллгроувий 4,605170185988092 0,00402725857978845
событие 0 0
содержание 0,1392620673335076 6,089290220092156E-05
создание 0,8675005677047231 0,0003793181319216104
создать 0 0
сок 4,605170185988092 0,00402725857978845
сон 2,995732273553991 0,002619792106299948
сонгцэн 4,605170185988092 0,00402725857978845
сообщество 0 0
сото 3,912023005428146 0,003421095763382725
сохранение 0 0
спенс 4,605170185988092 0,00402725857978845
список 0 0
спорт 0,083381608939051 7,291789150769654E-05
средневековье 2,8134107167600364 0,001230175215024065
среднее 2,120263536200091 0,0009270938068212029
средний 1,8971199848858813 0,0033180935459307063
ссылаться 0 0
ссылка 0 0
статистик 0 0
статуя 2,995732273553991 0,003929688159449923
статья 0 0
страна 0,43078291609245434 0,00037672314481194085
страница 0 0
ступа 2,8134107167600364 0,00492070086009626
стхавир 4,605170185988092 0,00402725857978845
стхавиравад 4,605170185988092 0,00402725857978845
сутра 4,605170185988092 0,04027258579788449
сша 0,9675840262617057 0,0008461600579463977
сыновний 4,605170185988092 0,00402725857978845
сю 4,605170185988092 0,006040887869682675
сюаньин 4,605170185988092 0,00402725857978845
сюаньцзан 4,605170185988092 0,00402725857978845
сюд 0 0
таиланд 3,506557897319982 0,009199539739361561
тайвань 3,506557897319982 0,0030665132464538537
тайский 2,407945608651872 0,0010528839565596291
таксанг 4,605170185988092 0,00402725857978845
таксила 4,605170185988092 0,0080545171595769
талапоин 4,605170185988092 0,00402725857978845
тантр 3,912023005428146 0,010263287290148176
тара 3,912023005428146 0,003421095763382725
таранатх 4,605170185988092 0,00402725857978845
татхагат 4,605170185988092 0,00402725857978845
татхагатагарбх 4,605170185988092 0,0080545171595769
татхатый 4,605170185988092 0,00402725857978845
татьяна 3,2188758248682006 0,0014074664734885006
ташилумпо 4,605170185988092 0,00402725857978845
текст 0 0
тема 0,7550225842780328 0,0003301366787398482
тензин 4,605170185988092 0,00402725857978845
терма 4,605170185988092 0,00402725857978845
тертон 4,605170185988092 0,00402725857978845
техника 0,06187540371808745 5,411054107397241E-05
течение 1,9661128563728327 0,0008596907985889081
течь 0 0
тибет 3,506557897319982 0,013799309609042342
тибетский 3,506557897319982 0,012266052985815415
тилоп 4,605170185988092 0,00402725857978845
тимать 4,605170185988092 0,00402725857978845
тинлей 4,605170185988092 0,00402725857978845
тисонг 4,605170185988092 0,00402725857978845
торчин 4,605170185988092 0,00402725857978845
трактат 3,912023005428146 0,003421095763382725
требовать 1,4696759700589417 0,0006426217621595722
тридзин 4,605170185988092 0,00402725857978845
трикать 4,605170185988092 0,00402725857978845
трилакшан 4,605170185988092 0,00402725857978845
трипитак 4,605170185988092 0,00402725857978845
триратный 4,605170185988092 0,00402725857978845
трунгп 4,605170185988092 0,00402725857978845
тува 3,912023005428146 0,0017105478816913625
тукд 4,605170185988092 0,00402725857978845
тулка 4,605170185988092 0,00402725857978845
турман 4,605170185988092 0,00402725857978845
тучча 4,605170185988092 0,00402725857978845
туэ 4,605170185988092 0,00402725857978845
тхаммать 4,605170185988092 0,00402725857978845
тхер 4,605170185988092 0,00402725857978845
тхеравад 4,605170185988092 0,00402725857978845
тхеравада 4,605170185988092 0,00402725857978845
тхиена 4,605170185988092 0,00402725857978845
тэндай 4,605170185988092 0,00402725857978845
тяньтай 4,605170185988092 0,00402725857978845
уддиян 4,605170185988092 0,00402725857978845
указатель 0 0
украинский 1,07880966137193 0,00047171388778833846
упасак 4,605170185988092 0,00402725857978845
урген 4,605170185988092 0,00402725857978845
уровень 2,0402208285265546 0,0017841896183004413
условие 0 0
участие 0 0
участник 0 0
учение 2,659260036932778 0,00116277220679177
фасян 4,605170185988092 0,00402725857978845
февраль 0 0
философия 0,09431067947124142 0,00024742635628659753
флаг 0,8675005677047231 0,00986227142996187
фонд 3,506557897319982 0,0030665132464538537
формула 2,8134107167600364 0,00246035043004813
форум 0 0
франций 1,7147984280919266 0,0007498025483567673
франция 1,3093333199837622 0,001145022579784663
французский 0,23572233352106994 0,00010307054373461738
фудзия 4,605170185988092 0,00402725857978845
фукэ 4,605170185988092 0,00402725857978845
фунань 4,605170185988092 0,00402725857978845
хакуин 4,605170185988092 0,00402725857978845
ханьшань 4,605170185988092 0,00402725857978845
хаягривый 4,605170185988092 0,00402725857978845
хеваджр 4,605170185988092 0,0080545171595769
херук 4,605170185988092 0,00402725857978845
хинаян 4,605170185988092 0,0080545171595769
хоссо 4,605170185988092 0,00402725857978845
храм 1,2729656758128876 0,003896265732702323
христианство 2,120263536200091 0,002781281420463609
хуайхай 4,605170185988092 0,00402725857978845
хуан 2,407945608651872 0,0021057679131192583
хуаянь 4,605170185988092 0,00402725857978845
хум 4,605170185988092 0,00402725857978845
хурула 4,605170185988092 0,00402725857978845
хуэйнэн 4,605170185988092 0,00402725857978845
цама 4,605170185988092 0,00402725857978845
цанида 4,605170185988092 0,00402725857978845
цар 3,912023005428146 0,003421095763382725
царство 2,659260036932778 0,00465108882716708
цель 1,7719568419318754 0,001549590591982401
цзинъ 4,605170185988092 0,00402725857978845
цзун 4,605170185988092 0,00402725857978845
цзунси 4,605170185988092 0,00402725857978845
цзюйша 4,605170185988092 0,00402725857978845
цогьял 4,605170185988092 0,00402725857978845
цонкап 4,605170185988092 0,00402725857978845
цыбик 4,605170185988092 0,00402725857978845
цэбекович 4,605170185988092 0,00402725857978845
чакра 4,605170185988092 0,00402725857978845
чакравартин 4,605170185988092 0,00402725857978845
чакрасамвар 4,605170185988092 0,00402725857978845
чандра 4,605170185988092 0,00402725857978845
чандракирти 4,605170185988092 0,00402725857978845
чань 4,605170185988092 0,00402725857978845
чатрал 4,605170185988092 0,00402725857978845
чешский 1,3862943611198906 0,0006061628164057239
чи 3,506557897319982 0,0030665132464538537
читать 0 0
чованг 4,605170185988092 0,00402725857978845
чогьюр 4,605170185988092 0,00402725857978845
чод 4,605170185988092 0,00402725857978845
чойджа 4,605170185988092 0,00402725857978845
чокий 4,605170185988092 0,00402725857978845
чоклинг 4,605170185988092 0,00402725857978845
чом 4,605170185988092 0,00402725857978845
чук 4,605170185988092 0,00402725857978845
чунг 3,912023005428146 0,003421095763382725
чхед 4,605170185988092 0,00402725857978845
чэн 4,605170185988092 0,00402725857978845
шабдрунг 3,912023005428146 0,003421095763382725
шаблон 0 0
шакьямунь 3,912023005428146 0,003421095763382725
шаматх 4,605170185988092 0,00402725857978845
шамбал 4,605170185988092 0,00402725857978845
шанг 4,605170185988092 0,00402725857978845
шантаракшит 4,605170185988092 0,00402725857978845
шарипутр 4,605170185988092 0,0080545171595769
шастр 4,605170185988092 0,00402725857978845
шведагон 4,605170185988092 0,00402725857978845
шведский 1,7147984280919266 0,0007498025483567673
шедруб 4,605170185988092 0,00402725857978845
шетить 4,605170185988092 0,00402725857978845
шило 4,605170185988092 0,0080545171595769
школа 1,8325814637483102 0,004006518285413883
шри 3,506557897319982 0,009199539739361561
шривиджай 4,605170185988092 0,00402725857978845
шуддходан 4,605170185988092 0,00402725857978845
шунг 4,605170185988092 0,00402725857978845
шуньят 4,605170185988092 0,00402725857978845
шэп 4,605170185988092 0,00402725857978845
щербатский 4,605170185988092 0,00402725857978845
экай 4,605170185988092 0,00402725857978845
экак 4,605170185988092 0,00402725857978845
элемент 0,19845093872383823 0,00026032042683494307
энциклопедия 0 0
эрдэнь 3,912023005428146 0,003421095763382725
эстония 3,506557897319982 0,0030665132464538537
этика 3,912023005428146 0,010263287290148176
юньмэнь 4,605170185988092 0,00402725857978845
юрий 2,120263536200091 0,0009270938068212029
юя 3,2188758248682006 0,0014074664734885006
язык 0 0
ямантак 4,605170185988092 0,00402725857978845
ян 4,605170185988092 0,00402725857978845
япония 1,8971199848858813 0,004977140318896059
японский 1,4696759700589417 0,0006426217621595722
ярчить 4,605170185988092 0,00402725857978845
яшодхар 4,605170185988092 0,00402725857978845
