август 0 0
августа 0,843970070294529 0,0018817615837113243
автономия 3,506557897319982 0,007818412257123705
автономный 1,6607312068216509 0,016662854917942987
адриан 3,912023005428146 0,008722459320910024
адуа 4,605170185988092 0,010267937984365868
аликанте 4,605170185988092 0,010267937984365868
алфавит 0 0
аль 2,207274913189721 0,004921460230077416
английский 0,37106368139083196 0,0008273437712170166
апрель 0 0
арагон 3,2188758248682006 0,017942451643635456
арсенич 1,5606477482646683 0,0034797051243359383
архив 0,3011050927839216 0,001342720592124511
архитектура 1,1086626245216111 0,004943869005670507
балеарский 3,506557897319982 0,011727618385685557
бартуаль 4,605170185988092 0,010267937984365868
вал 3,506557897319982 0,003909206128561852
валенсийский 4,605170185988092 0,05133968992182934
валенсия 2,995732273553991 0,25047928708645406
вандерль 3,912023005428146 0,008722459320910024
вариант 3,506557897319982 0,003909206128561852
вергар 4,605170185988092 0,010267937984365868
версия 0 0
вики 1,6094379124341003 0,0017942451643635454
википедия 0 0
вильяр 3,506557897319982 0,007818412257123705
вклад 0 0
восток 0,7985076962177716 0,0008901981005772258
вручить 2,120263536200091 0,00236372746510601
вывести 2,995732273553991 0,003339723827819388
гарсия 2,995732273553991 0,006679447655638776
география 0,083381608939051 0,00037182434309498773
герб 0,7133498878774648 0,0015905237187903338
гомес 3,2188758248682006 0,007176980657454182
гонсало 3,506557897319982 0,007818412257123705
горан 3,506557897319982 0,007818412257123705
город 0,3424903089467759 0,0015272700510447087
граница 1,4271163556401458 0,003181976266756178
далья 0,3566749439387324 0,00039763092969758346
данный 0,1508228897345837 0,00016814146012774102
дань 3,912023005428146 0,008722459320910024
два 0 0
де 1,1394342831883648 0,007621634001259966
действие 1,8325814637483102 0,0020430116652712486
декабрь 0 0
декларировать 4,605170185988092 0,005133968992182934
департамент 2,659260036932778 0,0059292308515781
дерево 1,7147984280919266 0,0019117039332128502
диалект 3,506557897319982 0,003909206128561852
длина 2,5257286443082556 0,00281575099699917
доменный 4,605170185988092 0,010267937984365868
дополнить 1,5141277326297755 0,0016879907833107866
европейский 1,1086626245216111 0,0012359672514176267
журнал 0 0
закон 1,9661128563728327 0,004383752188122258
заниматься 0 0
запрос 0,1165338162559516 0,00025983013657960224
заслуга 2,0402208285265546 0,004548987354574258
звезда 1,8325814637483102 0,0020430116652712486
земля 1,2378743560016172 0,004140048013383335
знаете 0,06187540371808745 0,00013796076637254728
знак 0 0
избранный 0,083381608939051 0,0002788682573212408
избрать 0 0
изменение 0 0
изображение 0,06187540371808745 6,898038318627364E-05
иметь 0,616186139423817 0,0013738821391835383
интервик 0,9675840262617057 0,0010786889924879661
искать 0 0
искусство 0,083381608939051 0,00018591217154749387
исп 1,9661128563728327 0,002191876094061129
испания 1,7147984280919266 0,022940447198554204
испанский 0,49429632181478017 0,004408439882406066
испанско 2,5257286443082556 0,00563150199399834
использование 0 0
использоваться 1,4696759700589417 0,0016384347492295894
исса 4,605170185988092 0,010267937984365868
исторический 1,2378743560016172 0,0013800160044611118
история 0 0
источник 0 0
июнь 0 0
какой 1,8971199848858813 0,002114960964198307
кастельон 4,605170185988092 0,02566984496091467
кастилия 2,995732273553991 0,010019171483458163
каталанский 1,8325814637483102 0,006129034995813747
каталония 2,995732273553991 0,010019171483458163
категория 0 0
каэтано 4,605170185988092 0,010267937984365868
кик 4,605170185988092 0,010267937984365868
кинтилья 4,605170185988092 0,010267937984365868
км 0,8209805520698303 0,001830502903165731
книга 0 0
код 0 0
компания 2,407945608651872 0,005368886529881542
королевство 1,6094379124341003 0,003588490328727091
крупнейший 1,2039728043259361 0,0013422216324703857
культура 0,3566749439387324 0,0007952618593951669
ла 2,120263536200091 0,00709118239531803
леон 2,120263536200091 0,00472745493021202
личность 0,127833371509885 0,00014251211985494424
лонг 3,912023005428146 0,008722459320910024
лучший 0 0
май 0 0
манча 3,506557897319982 0,011727618385685557
март 0 0
марта 0,3566749439387324 0,0007952618593951669
мартинес 3,506557897319982 0,007818412257123705
мартиросович 4,605170185988092 0,010267937984365868
материал 0 0
машадо 3,912023005428146 0,008722459320910024
место 0 0
метрополитен 3,912023005428146 0,008722459320910024
милоевич 3,506557897319982 0,007818412257123705
миро 0 0
мобильный 0 0
мой 0 0
море 1,1394342831883648 0,002540544667086655
моча 0,16251892949777494 0,0001811805234088907
муниципалитет 3,2188758248682006 0,007176980657454182
мурсия 3,912023005428146 0,013083688981365036
мус 3,2188758248682006 0,007176980657454182
навигация 0 0
награда 1,3470736479666094 0,0015017543455592079
нажать 0 0
название 0 0
найти 0 0
написать 0,9942522733438669 0,001108419479759049
население 0,5108256237659907 0,0005694823007424645
настоящий 1,6094379124341003 0,0017942451643635454
наука 0,05129329438755048 0,00011436631970468335
находиться 0 0
национальный 0,7550225842780328 0,0016834394298283898
начать 0,38566248081198473 0,008598940486331879
начинать 0,1508228897345837 0,00033628292025548204
неделя 1,5141277326297755 0,00506397234993236
независимый 2,207274913189721 0,002460730115038708
некоммерческий 0 0
нечитаемый 1,5606477482646683 0,005219557686503907
новый 0 0
ноябрь 0 0
нынешний 3,506557897319982 0,003909206128561852
обсуждение 0 0
общество 0,07257069283483537 0,00016180756484913126
обязательный 0 0
октябрь 0 0
описание 0 0
организация 0 0
орден 1,5141277326297755 0,003375981566621573
оскар 2,5257286443082556 0,00563150199399834
основной 0 0
остров 1,2039728043259361 0,004026664897411158
ответственность 0 0
отдельный 0 0
отказ 0 0
отсутствовать 0,05129329438755048 0,000171549479557025
официальный 1,07880966137193 0,003608059068133545
оценивание 0,1508228897345837 0,00033628292025548204
первый 0 0
перевести 1,7719568419318754 0,0019754256877724365
перевод 1,7147984280919266 0,0019117039332128502
переводить 3,2188758248682006 0,003588490328727091
перейти 0 0
перельос 4,605170185988092 0,010267937984365868
персоналия 0,07257069283483537 0,0004045189121228282
печать 0 0
печь 3,912023005428146 0,008722459320910024
площадь 1,07880966137193 0,001202686356044515
пн 0,127833371509885 0,0008550727191296656
побережье 1,8971199848858813 0,002114960964198307
повторять 4,605170185988092 0,005133968992182934
подельный 4,605170185988092 0,005133968992182934
подробный 0 0
поиск 0 0
покрывать 3,912023005428146 0,004361229660455012
политик 0 0
получить 0 0
пользоваться 1,9661128563728327 0,002191876094061129
помочь 0,127833371509885 0,00014251211985494424
помощь 0,127833371509885 0,00014251211985494424
портал 0 0
порту 3,912023005428146 0,004361229660455012
последний 0 0
посмотреть 0 0
потенциальный 1,5141277326297755 0,00506397234993236
правило 1,4696759700589417 0,0016384347492295894
правительство 1,5606477482646683 0,0017398525621679691
править 0 0
правка 0 0
практический 1,8971199848858813 0,002114960964198307
предлагать 0 0
пример 2,8134107167600364 0,0031364667968339314
примерно 2,407945608651872 0,002684443264940771
провинция 1,7147984280919266 0,009558519666064252
проект 0 0
публикация 3,506557897319982 0,003909206128561852
пункт 1,5606477482646683 0,006959410248671877
развитие 0,9416085398584451 0,001049730813666048
раздел 0,9675840262617057 0,0010786889924879661
разработка 1,07880966137193 0,003608059068133545
разработчик 0 0
раймундо 4,605170185988092 0,010267937984365868
район 1,171182981502945 0,0026113332920912934
регион 0,9942522733438669 0,007758936358313343
редактор 2,207274913189721 0,002460730115038708
религия 0,083381608939051 0,00018591217154749387
рикардо 4,605170185988092 0,010267937984365868
риполь 4,605170185988092 0,010267937984365868
родственный 0,21072103131565253 0,00023491753769860928
рокафуль 4,605170185988092 0,010267937984365868
русский 0 0
сагунто 4,605170185988092 0,010267937984365868
самый 0,5447271754416719 0,0006072766727331906
сардинеро 4,605170185988092 0,010267937984365868
сведение 0 0
свежий 0 0
свободный 0 0
связать 0 0
севикян 4,605170185988092 0,010267937984365868
сентябрь 0 0
система 0 0
случай 0 0
случайный 0 0
смотреть 0 0
событие 0 0
содержание 0,1392620673335076 0,00015525314084003077
создать 0 0
сообщество 0 0
сохранение 0 0
список 0 0
спорт 0,083381608939051 0,0005577365146424816
средиземный 2,659260036932778 0,00296461542578905
ссылаться 0 0
ссылка 0 0
статистик 0 0
стать 0,4620354595965586 0,0005150896985468881
статья 0 0
столица 0,7985076962177716 0,0008901981005772258
страна 0,43078291609245434 0,00048024851292358345
страница 0 0
существенный 2,0402208285265546 0,002274493677287129
считать 1,8325814637483102 0,0020430116652712486
сюд 0 0
текст 0 0
тельес 3,506557897319982 0,007818412257123705
тема 0,7550225842780328 0,0008417197149141949
тематика 1,7147984280919266 0,0019117039332128502
техника 0,06187540371808745 0,00013796076637254728
течь 0 0
тоня 2,995732273553991 0,006679447655638776
тормо 4,605170185988092 0,010267937984365868
транскрипция 2,120263536200091 0,00236372746510601
туризм 1,4696759700589417 0,0016384347492295894
указатель 0 0
указываться 4,605170185988092 0,005133968992182934
улучшить 1,6607312068216509 0,0018514283242158872
условие 0 0
участие 0 0
участник 0 0
февраль 0 0
философия 0,09431067947124142 0,00021028022178649143
форум 0 0
франсиско 2,659260036932778 0,0059292308515781
французский 0,23572233352106994 0,000262789669477224
хавьер 4,605170185988092 0,010267937984365868
херардо 3,912023005428146 0,008722459320910024
химено 4,605170185988092 0,010267937984365868
хорхе 3,506557897319982 0,007818412257123705
хосе 2,407945608651872 0,005368886529881542
хуан 2,407945608651872 0,005368886529881542
хуанес 4,605170185988092 0,010267937984365868
целый 1,7719568419318754 0,0019754256877724365
частый 4,605170185988092 0,005133968992182934
чел 2,0402208285265546 0,002274493677287129
число 1,3470736479666094 0,0015017543455592079
читать 0 0
шаблон 0 0
эдгар 4,605170185988092 0,010267937984365868
эксплуатация 3,506557897319982 0,003909206128561852
элемент 0,19845093872383823 0,0004424770094176995
энциклопедия 0 0
эрнандес 3,2188758248682006 0,007176980657454182
юнус 4,605170185988092 0,010267937984365868
язык 0 0
январь 0,6733445532637655 0,0022519884724540654
