август 0 0
августовский 3,912023005428146 0,0020589594765411294
авиакомпания 3,2188758248682006 0,0033882903419665267
авиация 2,120263536200091 0,0011159281769474163
аграрный 3,912023005428146 0,0020589594765411294
административный 0,7133498878774648 0,001501789237636768
азербайджан 2,8134107167600364 0,0029614849650105644
азербайджанский 1,6607312068216509 0,0008740690562219215
азия 1,5141277326297755 0,004781455997778238
александр 1,3470736479666094 0,0007089861305087418
алфавит 0 0
американец 3,506557897319982 0,0018455567880631483
американский 1,4271163556401458 0,0007511138713895504
ан 2,995732273553991 0,0015767011966073636
англ 1,0498221244986776 0,0005525379602624619
английский 0,37106368139083196 0,001171780046497364
анна 1,9661128563728327 0,0010347962401962276
антонов 3,912023005428146 0,004117918953082259
апрель 0 0
арабский 0,38566248081198473 0,00020298025305893932
армения 2,8134107167600364 0,0029614849650105644
ас 2,995732273553991 0,006306804786429455
атеизм 3,912023005428146 0,0020589594765411294
атеист 3,506557897319982 0,0018455567880631483
ау 4,605170185988092 0,007271321346296987
афганистан 3,2188758248682006 0,0033882903419665267
аэропорт 2,120263536200091 0,004463712707789665
баклий 4,605170185988092 0,004847547564197991
банг 4,605170185988092 0,004847547564197991
бангладеш 3,2188758248682006 0,0033882903419665267
бао 4,605170185988092 0,007271321346296987
бассейн 3,506557897319982 0,0018455567880631483
башмак 4,605170185988092 0,0024237737820989955
бизнес 3,506557897319982 0,0018455567880631483
биня 4,605170185988092 0,004847547564197991
благодаря 1,8325814637483102 0,0009645165598675317
близ 2,5257286443082556 0,0013293308654253977
бог 2,0402208285265546 0,0010738004360666077
боевой 1,8971199848858813 0,001996968405143033
бой 1,8971199848858813 0,0009984842025715164
больший 1,8325814637483102 0,0009645165598675317
большинство 1,7147984280919266 0,0009025254884694351
большой 1,1086626245216111 0,0005835066444850584
бонсай 4,605170185988092 0,0024237737820989955
борьба 1,8325814637483102 0,0009645165598675317
брюки 3,912023005428146 0,004117918953082259
буддийский 3,2188758248682006 0,0033882903419665267
бутан 2,995732273553991 0,0031534023932147273
бухта 3,2188758248682006 0,0016941451709832633
валюта 1,5141277326297755 0,0007969093329630397
ван 2,8134107167600364 0,0014807424825052822
ванланг 4,605170185988092 0,004847547564197991
введение 1,3470736479666094 0,0014179722610174837
ввп 4,605170185988092 0,0024237737820989955
ввс 3,2188758248682006 0,0016941451709832633
век 0,5108256237659907 0,002150844731646277
версия 0 0
вестись 3,2188758248682006 0,0016941451709832633
ветроэлектростанция 4,605170185988092 0,0024237737820989955
визит 4,605170185988092 0,0024237737820989955
викиновость 1,0216512475319812 0,0005377111829115691
википедия 0 0
викисклад 0,5798184952529422 0,0003051676290804959
викитек 1,1394342831883648 0,0005997022543096657
викицитатник 0,9675840262617057 0,0005092547506640557
викрантаварман 4,605170185988092 0,004847547564197991
виньфук 4,605170185988092 0,004847547564197991
виталия 3,506557897319982 0,0036911135761262966
вклад 0 0
власть 1,4696759700589417 0,0007735136684520746
вместо 2,8134107167600364 0,0014807424825052822
вмешаться 4,605170185988092 0,0024237737820989955
внешний 1,3862943611198906 0,0014592572222314637
внутренний 2,120263536200091 0,0011159281769474163
вод 1,8971199848858813 0,0009984842025715164
вода 2,659260036932778 0,0013996105457540935
военный 1,0498221244986776 0,0022101518410498474
воздушный 2,0402208285265546 0,003221401308199823
возникнуть 2,5257286443082556 0,0013293308654253977
возраст 2,120263536200091 0,0011159281769474163
война 0,7133498878774648 0,009010735425820607
восемь 3,506557897319982 0,0018455567880631483
воссоединение 4,605170185988092 0,0024237737820989955
восточный 0,9162907318741551 0,0014467748398012976
впервый 1,5606477482646683 0,001642787103436493
впоследствие 2,5257286443082556 0,0013293308654253977
всемирный 1,6607312068216509 0,001748138112443843
второй 1,2378743560016172 0,003909076913689318
вулкан 2,8134107167600364 0,0029614849650105644
входить 1,2378743560016172 0,0006515128189482196
выгравировать 4,605170185988092 0,0024237737820989955
выпускник 3,506557897319982 0,0018455567880631483
вырос 3,506557897319982 0,0018455567880631483
высота 1,9661128563728327 0,0010347962401962276
вьенна 4,605170185988092 0,012118868910494978
вьет 4,605170185988092 0,012118868910494978
вьета 4,605170185988092 0,01696641647469297
вьетконг 4,605170185988092 0,0024237737820989955
вьетминя 4,605170185988092 0,0024237737820989955
вьетнам 3,2188758248682006 0,379488518300251
вьетнамец 4,605170185988092 0,004847547564197991
вьетнамовед 4,605170185988092 0,004847547564197991
вьетнамоведение 4,605170185988092 0,007271321346296987
вьетнамский 1,6094379124341003 0,030494613077698744
география 0,083381608939051 0,0002633103440180558
герб 0,7133498878774648 0,0022526838564551517
гимн 1,2378743560016172 0,0013030256378964392
год 0,6348782724359695 0,0006682929183536521
гонконг 3,506557897319982 0,0036911135761262966
гор 1,5141277326297755 0,0007969093329630397
город 0,3424903089467759 0,0010815483440424502
государственный 0,7765287894989963 0,0012260980886826256
государство 0,6733445532637655 0,0017719593506941198
гражданский 1,5141277326297755 0,0015938186659260794
граница 1,4271163556401458 0,0007511138713895504
граничить 1,1394342831883648 0,0005997022543096657
грузия 2,8134107167600364 0,0029614849650105644
группа 1,4696759700589417 0,0007735136684520746
грязный 4,605170185988092 0,0024237737820989955
дальнейший 4,605170185988092 0,0024237737820989955
далья 0,3566749439387324 0,0005631709641137879
данный 0,1508228897345837 0,00015876093656271966
дарить 4,605170185988092 0,0024237737820989955
дать 2,5257286443082556 0,0013293308654253977
два 0 0
движение 1,6094379124341003 0,0008470725854916317
де 1,1394342831883648 0,0005997022543096657
действие 1,8325814637483102 0,0019290331197350634
декабрь 0 0
деление 0,9675840262617057 0,0020370190026562226
дельта 3,2188758248682006 0,0016941451709832633
деревня 1,8325814637483102 0,0019290331197350634
дерево 1,7147984280919266 0,0009025254884694351
деятель 1,5141277326297755 0,0007969093329630397
джайя 4,605170185988092 0,019390190256791964
ди 2,659260036932778 0,0013996105457540935
династия 2,0402208285265546 0,005369002180333039
дипломатический 2,659260036932778 0,002799221091508187
документ 2,8134107167600364 0,0014807424825052822
должность 2,5257286443082556 0,0013293308654253977
дочерний 2,995732273553991 0,0015767011966073636
дракон 3,2188758248682006 0,0033882903419665267
дрв 3,912023005428146 0,004117918953082259
древний 1,4696759700589417 0,0023205410053562235
дружба 2,995732273553991 0,006306804786429455
дух 2,995732273553991 0,0015767011966073636
евгенья 2,0402208285265546 0,0021476008721332154
едва 3,506557897319982 0,0018455567880631483
единственный 1,3470736479666094 0,0007089861305087418
единый 2,407945608651872 0,0012673397940273009
елиферинович 4,605170185988092 0,004847547564197991
жанр 2,659260036932778 0,0013996105457540935
жена 2,407945608651872 0,0025346795880546017
женщина 1,6607312068216509 0,001748138112443843
журнал 0 0
завоевание 2,659260036932778 0,0013996105457540935
заметный 2,8134107167600364 0,0014807424825052822
занимать 1,4696759700589417 0,0007735136684520746
заниматься 0 0
запад 0,9162907318741551 0,00048225827993376584
запрещать 3,912023005428146 0,0020589594765411294
запрос 0,1165338162559516 0,00012266717500626485
звание 2,407945608651872 0,0025346795880546017
земля 1,2378743560016172 0,0006515128189482196
знаете 0,06187540371808745 3,2566001956888136E-05
знак 0 0
значение 1,9661128563728327 0,0010347962401962276
зя 4,605170185988092 0,004847547564197991
игра 1,5606477482646683 0,001642787103436493
избрать 0 0
известный 0,7765287894989963 0,0008173987257884171
изменение 0 0
изменить 2,5257286443082556 0,0013293308654253977
изначальный 3,506557897319982 0,0018455567880631483
изображение 0,06187540371808745 0,00013026400782755254
израиль 2,5257286443082556 0,0026586617308507953
илла 1,3862943611198906 0,0036481430555786593
император 2,207274913189721 0,0034851709155627173
индия 2,120263536200091 0,0022318563538948327
индокитай 3,2188758248682006 0,01016487102589958
индокитайский 4,605170185988092 0,009695095128395982
индонезия 3,2188758248682006 0,0033882903419665267
индраварман 4,605170185988092 0,009695095128395982
интернет 1,6607312068216509 0,001748138112443843
инф 3,2188758248682006 0,0016941451709832633
иран 2,407945608651872 0,0025346795880546017
искать 0 0
исконный 4,605170185988092 0,0024237737820989955
искусство 0,083381608939051 8,777011467268526E-05
исповедовать 3,506557897319982 0,0018455567880631483
использование 0 0
использовать 1,4271163556401458 0,0007511138713895504
историография 2,995732273553991 0,0015767011966073636
исторически 3,912023005428146 0,0020589594765411294
исторический 1,2378743560016172 0,003257564094741098
история 0 0
источник 0 0
истребительный 3,912023005428146 0,0020589594765411294
итальянский 0,7339691750802005 0,0003862995658316845
июнь 0 0
к 2,5257286443082556 0,003987992596276193
казахстан 2,5257286443082556 0,0026586617308507953
камбоджа 3,2188758248682006 0,01016487102589958
кампания 2,659260036932778 0,002799221091508187
каракатица 4,605170185988092 0,0024237737820989955
карстовый 3,912023005428146 0,0020589594765411294
карта 1,7147984280919266 0,0009025254884694351
катастрофа 2,5257286443082556 0,0026586617308507953
категория 0 0
католический 2,995732273553991 0,0015767011966073636
кебанг 4,605170185988092 0,007271321346296987
кимлийный 4,605170185988092 0,004847547564197991
кинематограф 1,5141277326297755 0,0015938186659260794
киргизия 3,506557897319982 0,0036911135761262966
китай 1,8971199848858813 0,007987873620572131
китайский 1,171182981502945 0,002465648382111463
классик 4,605170185988092 0,0024237737820989955
климат 2,302585092994046 0,0036356606731484933
книга 0 0
книжный 3,506557897319982 0,0018455567880631483
код 0 0
коллекция 2,120263536200091 0,0011159281769474163
компьютерный 3,2188758248682006 0,0033882903419665267
конг 4,605170185988092 0,0024237737820989955
конец 1,4271163556401458 0,0015022277427791009
конко 4,605170185988092 0,004847547564197991
конституция 1,2729656758128876 0,0013399638692767237
конфликт 2,659260036932778 0,0013996105457540935
конфуцианский 4,605170185988092 0,0024237737820989955
корея 2,995732273553991 0,0031534023932147273
королева 2,659260036932778 0,0013996105457540935
король 1,7147984280919266 0,0018050509769388702
космонавт 3,506557897319982 0,0018455567880631483
костюм 2,8134107167600364 0,0014807424825052822
красивый 4,605170185988092 0,0024237737820989955
крупнейший 1,2039728043259361 0,001267339794027301
крючок 3,912023005428146 0,0020589594765411294
куан 4,605170185988092 0,0024237737820989955
куангминь 4,605170185988092 0,004847547564197991
культ 2,5257286443082556 0,0026586617308507953
культура 0,3566749439387324 0,00093861827352298
кунг 4,605170185988092 0,0024237737820989955
кхить 4,605170185988092 0,004847547564197991
лак 4,605170185988092 0,007271321346296987
лама 3,2188758248682006 0,0016941451709832633
лаос 3,506557897319982 0,007382227152252593
лапша 4,605170185988092 0,0024237737820989955
латиница 4,605170185988092 0,0024237737820989955
ленинизм 4,605170185988092 0,0024237737820989955
летопись 3,506557897319982 0,0018455567880631483
либо 2,8134107167600364 0,0029614849650105644
ливан 2,995732273553991 0,0031534023932147273
лидер 2,407945608651872 0,0012673397940273009
литература 1,1086626245216111 0,0023340265779402338
личность 0,127833371509885 6,728072184730789E-05
лоан 4,605170185988092 0,0024237737820989955
лодка 2,5257286443082556 0,0026586617308507953
лонг 3,912023005428146 0,010294797382705646
лучший 0 0
любовный 3,912023005428146 0,0020589594765411294
май 0 0
марк 1,3862943611198906 0,0007296286111157319
марка 1,3470736479666094 0,0007089861305087418
марксизм 3,2188758248682006 0,0016941451709832633
марксист 4,605170185988092 0,0024237737820989955
март 0 0
математический 3,506557897319982 0,0018455567880631483
материал 0 0
мать 2,207274913189721 0,0011617236385209058
мга 4,605170185988092 0,0024237737820989955
медаль 2,407945608651872 0,0050693591761092035
медиафайл 1,6094379124341003 0,0008470725854916317
менять 4,605170185988092 0,0024237737820989955
меря 3,2188758248682006 0,0016941451709832633
место 0 0
метр 2,407945608651872 0,0012673397940273009
миллиардер 4,605170185988092 0,0024237737820989955
мин 3,912023005428146 0,008235837906164518
мина 4,605170185988092 0,0024237737820989955
министр 2,120263536200091 0,003347784530842249
миной 4,605170185988092 0,0024237737820989955
мирный 2,8134107167600364 0,0014807424825052822
миро 0 0
мировой 1,2039728043259361 0,0006336698970136505
миссионер 4,605170185988092 0,0024237737820989955
миссия 4,605170185988092 0,004847547564197991
мистификация 4,605170185988092 0,004847547564197991
митрофанович 3,506557897319982 0,0036911135761262966
миф 3,506557897319982 0,0018455567880631483
множество 2,5257286443082556 0,0013293308654253977
мобильный 0 0
мой 0 0
молочный 3,912023005428146 0,0020589594765411294
момент 2,0402208285265546 0,0010738004360666077
монарх 2,995732273553991 0,0015767011966073636
монголия 2,8134107167600364 0,0029614849650105644
монголоидный 4,605170185988092 0,0024237737820989955
море 1,1394342831883648 0,0011994045086193314
мужской 2,8134107167600364 0,0029614849650105644
музыка 1,2729656758128876 0,0020099458039150855
музыкальный 2,207274913189721 0,0011617236385209058
мыонг 4,605170185988092 0,004847547564197991
мыонгский 4,605170185988092 0,0024237737820989955
н 1,4696759700589417 0,0023205410053562235
навигация 0 0
надеть 3,912023005428146 0,0020589594765411294
нажать 0 0
название 0 0
назвать 1,9661128563728327 0,0010347962401962276
называться 1,9661128563728327 0,0010347962401962276
найти 0 0
намдать 4,605170185988092 0,004847547564197991
написать 0,9942522733438669 0,0005232906701809826
народ 1,4271163556401458 0,0060089109711164036
население 0,5108256237659907 0,0016131335487347075
наследие 1,5606477482646683 0,001642787103436493
наука 0,05129329438755048 0,00016197882438173837
находиться 0 0
националистический 4,605170185988092 0,0024237737820989955
национальный 0,7550225842780328 0,0007947606150295082
нация 1,9661128563728327 0,0010347962401962276
начало 1,2039728043259361 0,0006336698970136505
начальник 2,995732273553991 0,0015767011966073636
начаться 2,207274913189721 0,0011617236385209058
начинать 0,1508228897345837 0,00015876093656271966
нгеана 4,605170185988092 0,004847547564197991
нгуйня 4,605170185988092 0,019390190256791964
нгя 4,605170185988092 0,0024237737820989955
небесный 2,995732273553991 0,0015767011966073636
неграмотный 4,605170185988092 0,0024237737820989955
независимость 1,5141277326297755 0,0007969093329630397
независимый 2,207274913189721 0,0011617236385209058
некоммерческий 0 0
немецкий 0,5108256237659907 0,0002688555914557846
неолит 3,506557897319982 0,0018455567880631483
несмотря 2,302585092994046 0,0012118868910494978
новейший 3,912023005428146 0,0020589594765411294
новость 1,4271163556401458 0,0007511138713895504
новый 0 0
ном 4,605170185988092 0,009695095128395982
носить 1,6094379124341003 0,0008470725854916317
ноябрь 0 0
нынешний 3,506557897319982 0,0018455567880631483
оба 3,912023005428146 0,0020589594765411294
обернуться 4,605170185988092 0,0024237737820989955
обитатель 3,912023005428146 0,0020589594765411294
обнаружить 2,407945608651872 0,0012673397940273009
образ 1,7147984280919266 0,0009025254884694351
образование 0,7339691750802005 0,0011588986974950535
образовать 1,6607312068216509 0,001748138112443843
обсуждение 0 0
общество 0,07257069283483537 0,00015278040596807446
объект 1,6607312068216509 0,001748138112443843
объявить 2,207274913189721 0,0011617236385209058
обязательный 0 0
один 0,843970070294529 0,0013325843215176772
означать 2,0402208285265546 0,0010738004360666077
оказаться 2,407945608651872 0,0025346795880546017
океан 1,6607312068216509 0,0008740690562219215
оккупация 3,2188758248682006 0,0016941451709832633
окончание 2,659260036932778 0,0013996105457540935
октябрь 0 0
омываться 2,302585092994046 0,0012118868910494978
операция 1,9661128563728327 0,0010347962401962276
описание 0 0
опрос 3,2188758248682006 0,0016941451709832633
организация 0 0
орден 1,5141277326297755 0,002390727998889119
оригинальный 2,0402208285265546 0,0010738004360666077
освобождение 2,659260036932778 0,0013996105457540935
основать 1,2729656758128876 0,0013399638692767237
основной 0 0
основный 1,8325814637483102 0,0009645165598675317
оставить 2,302585092994046 0,0012118868910494978
ответственность 0 0
отдельный 0 0
отец 1,7719568419318754 0,0009326088641746713
отказ 0 0
отправиться 2,995732273553991 0,0015767011966073636
отражать 3,2188758248682006 0,0016941451709832633
отрицать 3,912023005428146 0,0020589594765411294
отстоять 3,912023005428146 0,0020589594765411294
отсутствие 3,2188758248682006 0,0016941451709832633
отсутствовать 0,05129329438755048 0,00018897529511202808
официальный 1,07880966137193 0,003974561910317637
оценивание 0,1508228897345837 0,00015876093656271966
пагода 4,605170185988092 0,004847547564197991
пакистан 2,995732273553991 0,006306804786429455
параллельный 3,912023005428146 0,0020589594765411294
парамешвараварман 4,605170185988092 0,004847547564197991
парк 1,6094379124341003 0,0008470725854916317
парламент 1,4271163556401458 0,0015022277427791009
партизан 3,2188758248682006 0,0016941451709832633
партия 1,8325814637483102 0,0019290331197350634
патриотический 4,605170185988092 0,0024237737820989955
певица 3,912023005428146 0,0020589594765411294
первый 0 0
перевести 1,7719568419318754 0,0009326088641746713
перейти 0 0
переодевать 3,912023005428146 0,0020589594765411294
переплести 4,605170185988092 0,0024237737820989955
период 1,3093333199837622 0,0006891227999914537
периодически 3,506557897319982 0,0018455567880631483
персоналия 0,07257069283483537 0,0001909755074600931
петь 3,2188758248682006 0,0016941451709832633
печать 0 0
пещера 2,5257286443082556 0,003987992596276193
писать 2,0402208285265546 0,0010738004360666077
письменность 4,605170185988092 0,0024237737820989955
пить 4,605170185988092 0,0024237737820989955
платье 4,605170185988092 0,0024237737820989955
племный 4,605170185988092 0,0024237737820989955
побережье 1,8971199848858813 0,001996968405143033
подарок 3,912023005428146 0,0020589594765411294
подвергаться 2,995732273553991 0,0015767011966073636
поддержка 2,659260036932778 0,0013996105457540935
подробный 0 0
поздний 2,120263536200091 0,0011159281769474163
поиграть 4,605170185988092 0,0024237737820989955
поиск 0 0
политик 0 0
политический 1,2039728043259361 0,0006336698970136505
полный 1,6094379124341003 0,0016941451709832633
половина 2,207274913189721 0,0011617236385209058
полуостров 1,9661128563728327 0,0010347962401962276
получать 3,2188758248682006 0,0016941451709832633
получить 0 0
помешать 2,995732273553991 0,0015767011966073636
помочь 0,127833371509885 6,728072184730789E-05
помощь 0,127833371509885 6,728072184730789E-05
портал 0 0
португальский 0,49429632181478017 0,0002601559588498843
последний 0 0
последователь 3,2188758248682006 0,0016941451709832633
посмотреть 0 0
посол 3,506557897319982 0,0036911135761262966
поступление 3,912023005428146 0,0020589594765411294
потеря 2,8134107167600364 0,0014807424825052822
потерять 3,2188758248682006 0,0016941451709832633
почта 1,6094379124341003 0,002541217756474895
почтовый 1,5606477482646683 0,0008213935517182465
поэт 1,8971199848858813 0,0009984842025715164
появиться 1,6607312068216509 0,0008740690562219215
появляться 3,912023005428146 0,0020589594765411294
правительство 1,5606477482646683 0,001642787103436493
править 0 0
правка 0 0
право 0,843970070294529 0,0008883895476784515
праздник 1,4271163556401458 0,004506683228337302
предлагать 0 0
предок 3,2188758248682006 0,0033882903419665267
предпочитать 3,912023005428146 0,0020589594765411294
президент 1,3093333199837622 0,0020673683999743613
премьер 2,0402208285265546 0,004295201744266431
престол 2,995732273553991 0,0015767011966073636
приглашаться 4,605170185988092 0,0024237737820989955
придумать 3,506557897319982 0,0018455567880631483
применять 4,605170185988092 0,0024237737820989955
природа 1,07880966137193 0,0011355891172336106
провинция 1,7147984280919266 0,002707576465408305
продукт 2,8134107167600364 0,0014807424825052822
продюсер 3,506557897319982 0,0036911135761262966
проект 0 0
производить 3,2188758248682006 0,0016941451709832633
происходить 1,9661128563728327 0,0020695924803924553
происхождение 1,7147984280919266 0,0009025254884694351
пророчество 3,506557897319982 0,0018455567880631483
просмотр 1,2729656758128876 0,0006699819346383619
простолюдин 4,605170185988092 0,0024237737820989955
протомалайский 4,605170185988092 0,0024237737820989955
проходить 1,5141277326297755 0,0007969093329630397
пруд 3,912023005428146 0,0020589594765411294
птица 2,659260036932778 0,004198831637262281
пушкин 3,2188758248682006 0,0016941451709832633
пьер 3,2188758248682006 0,0016941451709832633
разбогатеть 4,605170185988092 0,0024237737820989955
развитие 0,9416085398584451 0,0004955834420307606
раздел 0,9675840262617057 0,0010185095013281113
разделение 3,912023005428146 0,0020589594765411294
разделить 2,8134107167600364 0,0014807424825052822
разработчик 0 0
расположить 0,9162907318741551 0,00048225827993376584
ребёнок 2,120263536200091 0,0022318563538948327
революция 2,120263536200091 0,0011159281769474163
регион 0,9942522733438669 0,0005232906701809826
регулярный 2,5257286443082556 0,0013293308654253977
река 1,1086626245216111 0,0005835066444850584
религия 0,083381608939051 0,00021942528668171315
рельеф 2,8134107167600364 0,0014807424825052822
ресторан 3,912023005428146 0,0020589594765411294
рисоводческий 4,605170185988092 0,0024237737820989955
род 2,302585092994046 0,0012118868910494978
родиться 0,8915981192837835 0,00046926216804409656
родной 2,407945608651872 0,0012673397940273009
рождение 2,0402208285265546 0,0010738004360666077
россия 0,7765287894989963 0,002452196177365251
руководитель 2,5257286443082556 0,0013293308654253977
русский 0 0
русскоязычный 2,659260036932778 0,002799221091508187
ряд 1,6607312068216509 0,0008740690562219215
са 4,605170185988092 0,0024237737820989955
самый 0,5447271754416719 0,0014334925669517683
сатир 3,912023005428146 0,0020589594765411294
сбить 3,506557897319982 0,0018455567880631483
сборная 2,120263536200091 0,0022318563538948327
сведение 0 0
свежий 0 0
свирель 4,605170185988092 0,0024237737820989955
свободный 0 0
свой 1,4696759700589417 0,0007735136684520746
связать 0 0
север 1,0216512475319812 0,0005377111829115691
северный 1,1086626245216111 0,0023340265779402338
сельский 1,6607312068216509 0,001748138112443843
сенг 4,605170185988092 0,004847547564197991
сентябрь 0 0
сергеевич 2,302585092994046 0,0012118868910494978
середина 2,120263536200091 0,0011159281769474163
сила 0,9416085398584451 0,003469084094215324
сингапур 3,2188758248682006 0,0033882903419665267
синоним 4,605170185988092 0,0024237737820989955
синхаварман 4,605170185988092 0,004847547564197991
система 0 0
след 2,995732273553991 0,0015767011966073636
слепой 3,912023005428146 0,0020589594765411294
слово 1,5606477482646683 0,003285574206872986
случай 0 0
случайный 0 0
смешение 3,506557897319982 0,0018455567880631483
смирн 3,506557897319982 0,0036911135761262966
смотреть 0 0
собрадж 4,605170185988092 0,004847547564197991
собрание 1,9661128563728327 0,0010347962401962276
собственный 1,8325814637483102 0,0009645165598675317
событие 0 0
совершенный 3,912023005428146 0,0020589594765411294
советский 1,3470736479666094 0,0007089861305087418
современный 1,0216512475319812 0,0010754223658231382
согласно 1,8971199848858813 0,001996968405143033
содержание 0,1392620673335076 7,329582491237241E-05
создание 0,8675005677047231 0,0004565792461603805
создатель 2,659260036932778 0,0013996105457540935
создать 0 0
сообщество 0 0
сосед 3,912023005428146 0,0020589594765411294
состав 1,0498221244986776 0,0005525379602624619
состоять 1,7719568419318754 0,0009326088641746713
сотня 2,659260036932778 0,0013996105457540935
сохранение 0 0
спасение 3,506557897319982 0,0018455567880631483
специальный 2,407945608651872 0,0012673397940273009
список 0 0
спорт 0,083381608939051 0,0001755402293453705
спусковой 3,912023005428146 0,0020589594765411294
сравнивать 3,506557897319982 0,0018455567880631483
ссср 1,4271163556401458 0,002253341614168651
ссылаться 0 0
ссылка 0 0
старейший 2,995732273553991 0,0015767011966073636
старший 2,407945608651872 0,0012673397940273009
статистик 0 0
статус 1,4271163556401458 0,0007511138713895504
стать 0,4620354595965586 0,00024317655768239926
статья 0 0
стела 3,912023005428146 0,0020589594765411294
сто 2,5257286443082556 0,0013293308654253977
стоить 2,407945608651872 0,0012673397940273009
столб 3,506557897319982 0,0036911135761262966
столица 0,7985076962177716 0,001681068834142677
сторона 1,7719568419318754 0,0018652177283493426
сторонник 3,506557897319982 0,0018455567880631483
страна 0,43078291609245434 0,0013603671034498558
страница 0 0
строй 1,5606477482646683 0,001642787103436493
существенный 2,0402208285265546 0,0010738004360666077
существование 2,5257286443082556 0,0013293308654253977
существовать 1,4271163556401458 0,0007511138713895504
счёт 2,995732273553991 0,0015767011966073636
считаться 1,5141277326297755 0,0015938186659260794
сша 0,9675840262617057 0,003055528503984334
сын 1,6607312068216509 0,0008740690562219215
сюд 0 0
таджикистан 3,506557897319982 0,0036911135761262966
таиланд 3,506557897319982 0,0036911135761262966
тайвань 3,506557897319982 0,0036911135761262966
такой 1,7147984280919266 0,0009025254884694351
тата 3,912023005428146 0,0020589594765411294
текст 0 0
телевидение 1,8325814637483102 0,0019290331197350634
тема 0,7550225842780328 0,0015895212300590163
территория 0,8675005677047231 0,0013697377384811417
техника 0,06187540371808745 0,00013026400782755254
технология 3,506557897319982 0,0018455567880631483
течь 0 0
титульный 4,605170185988092 0,0024237737820989955
трава 2,8134107167600364 0,005922969930021129
традиция 1,8971199848858813 0,0009984842025715164
трамвай 2,8134107167600364 0,0029614849650105644
транспорт 0,9162907318741551 0,0009645165598675317
требовать 1,4696759700589417 0,0007735136684520746
третий 1,7147984280919266 0,0009025254884694351
треугольник 3,912023005428146 0,0020589594765411294
триумфатор 4,605170185988092 0,0024237737820989955
туризм 1,4696759700589417 0,0015470273369041492
туркмения 3,2188758248682006 0,0033882903419665267
турция 2,302585092994046 0,0024237737820989955
тханить 4,605170185988092 0,004847547564197991
тхи 4,605170185988092 0,004847547564197991
тысячелетие 2,8134107167600364 0,0014807424825052822
тысячелетний 4,605170185988092 0,0024237737820989955
ть 4,605170185988092 0,009695095128395982
тю 4,605170185988092 0,0024237737820989955
убить 2,8134107167600364 0,0014807424825052822
угрожать 3,912023005428146 0,0020589594765411294
удостоиться 3,912023005428146 0,0020589594765411294
уезд 2,659260036932778 0,006998052728770468
узбекистан 2,8134107167600364 0,0029614849650105644
указатель 0 0
украина 1,9661128563728327 0,0010347962401962276
умереть 2,8134107167600364 0,0014807424825052822
употребить 4,605170185988092 0,0024237737820989955
услать 4,605170185988092 0,0024237737820989955
условие 0 0
утверждать 3,506557897319982 0,0018455567880631483
уходить 3,2188758248682006 0,0016941451709832633
участие 0 0
участник 0 0
учить 3,912023005428146 0,0020589594765411294
файл 1,5141277326297755 0,0007969093329630397
фана 3,912023005428146 0,0020589594765411294
февраль 0 0
фея 4,605170185988092 0,004847547564197991
филиппина 3,912023005428146 0,004117918953082259
философ 2,5257286443082556 0,0013293308654253977
философия 0,09431067947124142 9,927439944341202E-05
фильм 1,6094379124341003 0,0033882903419665267
флаг 0,8675005677047231 0,0027394754769622834
фобанг 4,605170185988092 0,0024237737820989955
фон 1,9661128563728327 0,020695924803924553
фонгня 4,605170185988092 0,007271321346296987
фонгтиу 4,605170185988092 0,004847547564197991
формула 2,8134107167600364 0,0029614849650105644
форум 0 0
фотографироваться 4,605170185988092 0,0024237737820989955
франция 1,3093333199837622 0,002756491199965815
француз 2,8134107167600364 0,0014807424825052822
французский 0,23572233352106994 0,0006203219303186051
фронт 2,120263536200091 0,0011159281769474163
футбол 1,7719568419318754 0,0018652177283493426
ха 3,2188758248682006 0,0016941451709832633
хайфон 4,605170185988092 0,0024237737820989955
хайха 4,605170185988092 0,004847547564197991
ханой 4,605170185988092 0,007271321346296987
хариварман 4,605170185988092 0,004847547564197991
хо 4,605170185988092 0,01696641647469297
хоа 4,605170185988092 0,0024237737820989955
хоанг 4,605170185988092 0,0024237737820989955
ход 1,6607312068216509 0,0008740690562219215
хозяйство 1,7719568419318754 0,0018652177283493426
хой 4,605170185988092 0,0024237737820989955
хоккей 2,995732273553991 0,006306804786429455
хонг 4,605170185988092 0,004847547564197991
хонгха 4,605170185988092 0,004847547564197991
храм 1,2729656758128876 0,0013399638692767237
хранилище 2,302585092994046 0,0012118868910494978
хунгвыонг 4,605170185988092 0,004847547564197991
хх 1,2729656758128876 0,0006699819346383619
центральный 1,2729656758128876 0,0020099458039150855
цивилизация 2,659260036932778 0,0013996105457540935
цитата 1,4271163556401458 0,0007511138713895504
чай 3,912023005428146 0,004117918953082259
чанг 3,912023005428146 0,0020589594765411294
чарльз 3,2188758248682006 0,0033882903419665267
частность 2,659260036932778 0,0013996105457540935
часть 0,5978370007556204 0,0003146510530292739
чау 4,605170185988092 0,004847547564197991
человек 1,1394342831883648 0,0011994045086193314
чешский 1,3862943611198906 0,0007296286111157319
чинить 4,605170185988092 0,0024237737820989955
читать 0 0
ша 3,2188758248682006 0,01016487102589958
шаблон 0 0
шак 4,605170185988092 0,0024237737820989955
шахматист 4,605170185988092 0,004847547564197991
шеть 4,605170185988092 0,0024237737820989955
шинь 4,605170185988092 0,004847547564197991
школа 1,8325814637483102 0,0009645165598675317
э 2,0402208285265546 0,003221401308199823
эда 3,912023005428146 0,004117918953082259
экономика 0,7550225842780328 0,0015895212300590163
экономфак 4,605170185988092 0,0024237737820989955
элемент 0,19845093872383823 0,00020889572497246128
энциклопедия 0 0
эпоха 2,120263536200091 0,0011159281769474163
эротика 4,605170185988092 0,0024237737820989955
этнический 3,506557897319982 0,0018455567880631483
юг 1,0216512475319812 0,0037639782803809835
юго 1,171182981502945 0,0018492362865835975
южный 1,171182981502945 0,004931296764222926
юнеско 2,0402208285265546 0,0021476008721332154
юэ 4,605170185988092 0,004847547564197991
юэский 4,605170185988092 0,0024237737820989955
язык 0 0
яй 1,7147984280919266 0,0009025254884694351
япония 1,8971199848858813 0,001996968405143033
японский 1,4696759700589417 0,0007735136684520746
