август 0 0
алфавит 0 0
античность 2,659260036932778 0,08619450299782112
античный 2,8134107167600364 0,06417143291529495
апрель 0 0
арабский 0,38566248081198473 0,0009259603380839969
армянский 1,8325814637483102 0,002199977747597011
аспект 4,605170185988092 0,005528415589421479
атропатен 3,912023005428146 0,014088918386896084
африка 1,5606477482646683 0,0018735267086010424
белый 1,6094379124341003 0,001932098334254622
битва 1,8971199848858813 0,004554909927697194
благодаря 1,8325814637483102 0,002199977747597011
бог 2,0402208285265546 0,004898489384217418
быстрый 2,659260036932778 0,003192388999919301
быть 1,9661128563728327 0,0023602795394631845
вавилон 3,506557897319982 0,008419106596206438
васко 3,912023005428146 0,009392612257930722
везувий 3,506557897319982 0,004209553298103219
великий 1,0216512475319812 0,006132360429363633
венгерский 1,9661128563728327 0,0023602795394631845
версия 0 0
вид 1,0498221244986776 0,0012602906656646788
византия 2,995732273553991 0,010788951765500567
википедия 0 0
вклад 0 0
возможно 2,407945608651872 0,00289069100678496
война 0,7133498878774648 0,001712724820834249
восстание 2,0402208285265546 0,007347734076326127
восстать 3,2188758248682006 0,003864196668509244
восток 0,7985076962177716 0,004792963362651691
вулкан 2,8134107167600364 0,0033774438376471022
вырубить 4,605170185988092 0,005528415589421479
вьетнамский 1,6094379124341003 0,001932098334254622
гам 3,912023005428146 0,009392612257930722
гексер 4,605170185988092 0,005528415589421479
география 0,083381608939051 0,00020019593982965425
герас 3,912023005428146 0,004696306128965361
город 0,3424903089467759 0,0008223056637377572
городской 2,120263536200091 0,0025453343771909853
гость 3,506557897319982 0,004209553298103219
государство 0,6733445532637655 0,000808336798635973
греция 2,0402208285265546 0,034289425689521924
греческий 1,4271163556401458 0,0017132249167348687
грузинский 1,8325814637483102 0,002199977747597011
данный 0,1508228897345837 0,00018105989163815569
два 0 0
декабрь 0 0
джераш 3,506557897319982 0,004209553298103219
дияла 4,605170185988092 0,005528415589421479
доисторический 2,659260036932778 0,009577166999757903
доллар 2,302585092994046 0,005528415589421479
дополнить 1,5141277326297755 0,005453041053888747
доспех 3,912023005428146 0,004696306128965361
древний 1,4696759700589417 0,07939426008721774
европа 0,8915981192837835 0,0032110376444794125
египет 2,302585092994046 0,03317049353652887
египетский 2,659260036932778 0,006384777999838602
едва 3,506557897319982 0,004209553298103219
жизнь 1,5606477482646683 0,0018735267086010424
житель 1,7147984280919266 0,002058581546328843
журнал 0 0
заниматься 0 0
запрос 0,1165338162559516 0,0006994826906119544
земля 1,2378743560016172 0,0014860436446598045
знаете 0,06187540371808745 0,00014856039308064215
знак 0 0
избрать 0 0
изменение 0 0
изображение 0,06187540371808745 0,0005199613757822474
иметь 0,616186139423817 0,0007397192550105845
индекс 2,659260036932778 0,006384777999838602
информация 1,5606477482646683 0,0018735267086010424
искать 0 0
искусство 0,083381608939051 0,0013012736088927526
исландский 3,506557897319982 0,004209553298103219
испанский 0,49429632181478017 0,0005933929433550782
использование 0 0
история 0 0
источник 0 0
италия 1,8325814637483102 0,002199977747597011
июнь 0 0
камень 2,5257286443082556 0,003032087208053128
канал 2,407945608651872 0,00289069100678496
карточка 3,506557897319982 0,004209553298103219
карфаген 3,506557897319982 0,008419106596206438
каталанский 1,8325814637483102 0,002199977747597011
категория 0 0
кира 3,506557897319982 0,008419106596206438
книга 0 0
код 0 0
колонна 3,2188758248682006 0,007728393337018488
красный 0,7765287894989963 0,0018644148607418877
красс 4,605170185988092 0,005528415589421479
латынь 3,506557897319982 0,004209553298103219
лёгкий 3,912023005428146 0,004696306128965361
литература 1,1086626245216111 0,005323710081736427
лициния 4,605170185988092 0,005528415589421479
лицо 2,8134107167600364 0,0033774438376471022
лошадь 3,506557897319982 0,004209553298103219
лупанарий 4,605170185988092 0,011056831178842957
лучший 0 0
май 0 0
марк 1,3862943611198906 0,003328437841824467
марка 1,3470736479666094 0,0016171352316525923
март 0 0
материал 0 0
машина 3,2188758248682006 0,003864196668509244
место 0 0
миллиард 3,506557897319982 0,004209553298103219
миро 0 0
мифология 2,120263536200091 0,027998678149100842
мобильный 0 0
мой 0 0
монета 2,5257286443082556 0,006064174416106256
мостовый 4,605170185988092 0,005528415589421479
моча 0,16251892949777494 0,00019510075569960977
мочь 0,8209805520698303 0,001971141781680265
н 1,4696759700589417 0,0017643168908270607
навигация 0 0
нажать 0 0
название 0 0
найти 0 0
наказать 4,605170185988092 0,005528415589421479
нападение 3,2188758248682006 0,003864196668509244
направление 1,8325814637483102 0,002199977747597011
наследие 1,5606477482646683 0,0018735267086010424
наступление 3,506557897319982 0,004209553298103219
наука 0,05129329438755048 0,00024630633559448006
находиться 0 0
начинать 0,1508228897345837 0,00036211978327631137
недоставать 1,07880966137193 0,0012950896294981152
некоммерческий 0 0
немецкий 0,5108256237659907 0,0006132360429363634
никакой 3,506557897319982 0,004209553298103219
новый 0 0
ноябрь 0 0
обсуждение 0 0
общество 0,07257069283483537 0,0001742393585470237
обязательный 0 0
озеро 1,8325814637483102 0,004399955495194022
оказать 2,995732273553991 0,0035963172551668554
октябрь 0 0
опередить 4,605170185988092 0,005528415589421479
описание 0 0
организация 0 0
ориентироваться 3,912023005428146 0,004696306128965361
оружие 2,0402208285265546 0,007347734076326127
осада 2,8134107167600364 0,0067548876752942045
основной 0 0
остановить 3,912023005428146 0,004696306128965361
ответственность 0 0
отдельный 0 0
отказ 0 0
отношение 1,4696759700589417 0,0017643168908270607
отразить 3,912023005428146 0,004696306128965361
отсутствовать 0,05129329438755048 0,00030788291949310014
оценивание 0,1508228897345837 0,00036211978327631137
первый 0 0
перевод 1,7147984280919266 0,002058581546328843
перейти 0 0
переход 3,506557897319982 0,004209553298103219
персидский 1,5606477482646683 0,0018735267086010424
персоналия 0,07257069283483537 0,0007840771134616067
печать 0 0
пн 0,127833371509885 0,0009207685823040936
поддержка 2,659260036932778 0,003192388999919301
подробный 0 0
подсчитать 4,605170185988092 0,005528415589421479
подумать 3,912023005428146 0,004696306128965361
поиск 0 0
политик 0 0
полководец 2,995732273553991 0,0035963172551668554
полуостров 1,9661128563728327 0,0023602795394631845
получить 0 0
помочь 0,127833371509885 0,0001534614303840156
помощь 0,127833371509885 0,0003069228607680312
помпеев 3,912023005428146 0,009392612257930722
помпей 2,995732273553991 0,007192634510333711
помпеть 3,506557897319982 0,004209553298103219
помпея 3,912023005428146 0,009392612257930722
портал 0 0
последний 0 0
посмотреть 0 0
поход 2,407945608651872 0,00289069100678496
править 0 0
правка 0 0
право 0,843970070294529 0,0010131693520942723
предлагать 0 0
предложить 2,407945608651872 0,00289069100678496
приказать 3,912023005428146 0,004696306128965361
проблема 2,407945608651872 0,00867207302035488
проект 0 0
противник 2,407945608651872 0,00289069100678496
прочее 2,995732273553991 0,0035963172551668554
прямо 3,2188758248682006 0,003864196668509244
пунический 4,605170185988092 0,005528415589421479
раб 3,506557897319982 0,004209553298103219
раздел 0,9675840262617057 0,006969392746182754
различный 1,8971199848858813 0,002277454963848597
разработчик 0 0
редактировать 3,2188758248682006 0,023185180011055465
река 1,1086626245216111 0,0013309275204341068
религия 0,083381608939051 0,0005004898495741357
рим 2,5257286443082556 0,03941713370469066
рима 3,506557897319982 0,025257319788619316
римский 2,407945608651872 0,00867207302035488
родственный 0,21072103131565253 0,0002529664241484424
русский 0 0
ряд 1,6607312068216509 0,001993674918153242
сагунт 4,605170185988092 0,011056831178842957
сведение 0 0
свежий 0 0
свободный 0 0
связать 0 0
священный 2,659260036932778 0,003192388999919301
сделать 2,120263536200091 0,007636003131572957
сентябрь 0 0
символ 0,9416085398584451 0,0011303824007904502
сиракуза 3,912023005428146 0,009392612257930722
система 0 0
скорпион 4,605170185988092 0,005528415589421479
случай 0 0
случайный 0 0
смотреть 0 0
собрать 2,995732273553991 0,0035963172551668554
событие 0 0
современный 1,0216512475319812 0,0012264720858727264
содержание 0,1392620673335076 0,00016718135334154572
создание 0,8675005677047231 0,002082834496289851
создать 0 0
сообщество 0 0
сооружение 2,207274913189721 0,0026497898117523663
составить 2,407945608651872 0,00289069100678496
состояние 1,7147984280919266 0,002058581546328843
сохранение 0 0
сохранить 3,506557897319982 0,004209553298103219
союз 1,4696759700589417 0,0017643168908270607
список 0 0
спорт 0,083381608939051 0,00020019593982965425
ссылаться 0 0
ссылка 0 0
статистик 0 0
статья 0 0
стереть 4,605170185988092 0,005528415589421479
страница 0 0
стрелка 4,605170185988092 0,005528415589421479
сша 0,9675840262617057 0,0011615654576971257
сюд 0 0
текст 0 0
тема 0,7550225842780328 0,0009063896569964379
техника 0,06187540371808745 0,00014856039308064215
течь 0 0
тразименский 4,605170185988092 0,011056831178842957
убежище 3,506557897319982 0,004209553298103219
указатель 0 0
условие 0 0
утонуть 3,912023005428146 0,004696306128965361
участие 0 0
участник 0 0
фаллический 4,605170185988092 0,005528415589421479
фараон 3,912023005428146 0,009392612257930722
февраль 0 0
философия 0,09431067947124142 0,001018962923458791
философский 2,8134107167600364 0,0033774438376471022
форум 0 0
французский 0,23572233352106994 0,0002829799922221728
холодное 3,912023005428146 0,004696306128965361
царь 2,120263536200091 0,0050906687543819705
чешский 1,3862943611198906 0,0016642189209122335
читать 0 0
шаблон 0 0
шесть 3,506557897319982 0,004209553298103219
школа 1,8325814637483102 0,004399955495194022
э 2,0402208285265546 0,002449244692108709
эквивалент 4,605170185988092 0,005528415589421479
элемент 0,19845093872383823 0,00047647284207404133
энциклопедия 0 0
южный 1,171182981502945 0,0014059819705917707
язык 0 0
