август 0 0
августа 0,843970070294529 0,000966746930463378
академия 2,120263536200091 0,0072861289903783195
алфавит 0 0
американка 3,506557897319982 0,004016675712852213
американский 1,4271163556401458 0,0016347266387630537
анатом 4,605170185988092 0,026375545166025725
анатомический 4,605170185988092 0,01055021806641029
анатомия 3,506557897319982 0,18075040707834958
ангиология 4,605170185988092 0,01055021806641029
англ 1,0498221244986776 0,001202545388887374
английский 0,37106368139083196 0,000850088617161127
анна 1,9661128563728327 0,004504267712194348
апрель 0 0
арабский 0,38566248081198473 0,00044176687378234223
арсенич 1,5606477482646683 0,0071507342417625125
архив 0,3011050927839216 0,0006898169365038296
барри 4,605170185988092 0,01055021806641029
беллинген 3,912023005428146 0,008962252017017516
бигсби 4,605170185988092 0,01055021806641029
биологический 2,407945608651872 0,005516484784998561
биология 2,8134107167600364 0,029004234193402437
бить 3,506557897319982 0,008033351425704426
близкий 2,995732273553991 0,003431537541298959
боков 4,605170185988092 0,005275109033205145
бывать 2,8134107167600364 0,0032226926881558267
важный 2,659260036932778 0,0060922337615871205
ван 2,8134107167600364 0,006445385376311653
версия 0 0
верхний 2,407945608651872 0,0027582423924992806
вид 1,0498221244986776 0,001202545388887374
википедия 0 0
вклад 0 0
влагалище 4,605170185988092 0,036925763232436015
внимание 2,5257286443082556 0,005786319918231972
внутренний 2,120263536200091 0,00242870966345944
вп 3,912023005428146 0,004481126008508758
вплоть 2,659260036932778 0,0030461168807935602
вызывать 4,605170185988092 0,005275109033205145
выше 3,2188758248682006 0,003687142983812372
география 0,083381608939051 0,0001910231590814456
геологический 3,2188758248682006 0,007374285967624744
гиперстимуляция 4,605170185988092 0,01055021806641029
граница 1,4271163556401458 0,0016347266387630537
греческий 1,4271163556401458 0,0016347266387630537
грибов 4,605170185988092 0,01055021806641029
группа 1,4696759700589417 0,0016834776289334956
данный 0,1508228897345837 0,0003455278115339833
два 0 0
девственный 3,912023005428146 0,004481126008508758
декабрь 0 0
детский 2,659260036932778 0,0030461168807935602
доктор 2,659260036932778 0,0060922337615871205
доротея 3,912023005428146 0,008962252017017516
дупликатура 4,605170185988092 0,005275109033205145
дыхательный 4,605170185988092 0,02110043613282058
европейский 1,1086626245216111 0,0012699457325562556
желудочный 4,605170185988092 0,01055021806641029
женщина 1,6607312068216509 0,007609306789560829
животное 2,407945608651872 0,005516484784998561
жидкость 3,912023005428146 0,008962252017017516
жизнь 1,5606477482646683 0,0017876835604406281
жительство 4,605170185988092 0,005275109033205145
жить 1,7719568419318754 0,002029732923175115
жорданиа 3,912023005428146 0,008962252017017516
журнал 0 0
задний 3,912023005428146 0,008962252017017516
заниматься 0 0
запрос 0,1165338162559516 0,0008009196993536193
знаете 0,06187540371808745 0,0001417535022178407
знак 0 0
золотой 1,4696759700589417 0,0016834776289334956
зуб 3,506557897319982 0,008033351425704426
зульфия 3,506557897319982 0,008033351425704426
ибрагимовна 3,506557897319982 0,008033351425704426
избранный 0,083381608939051 9,55115795407228E-05
избрать 0 0
известный 0,7765287894989963 0,0008894946042371091
изменение 0 0
изображение 0,06187540371808745 7,087675110892034E-05
изучать 2,5257286443082556 0,002893159959115986
изучение 2,407945608651872 0,0027582423924992806
илла 1,3862943611198906 0,0031759320987855455
иметь 0,616186139423817 0,0021174781423498865
интересный 2,120263536200091 0,00242870966345944
иосиф 2,302585092994046 0,005275109033205145
искать 0 0
искусство 0,083381608939051 0,0001910231590814456
использование 0 0
история 0 0
источник 0 0
итальянский 0,7339691750802005 0,0008407436140666673
июль 0,9162907318741551 0,0020991769344195993
июнь 0 0
канал 2,407945608651872 0,005516484784998561
картина 2,302585092994046 0,0026375545166025726
категория 0 0
кишечный 4,605170185988092 0,01055021806641029
кишка 3,912023005428146 0,004481126008508758
клетка 4,605170185988092 0,015825327099615434
клеточный 4,605170185988092 0,005275109033205145
книга 0 0
код 0 0
копа 4,605170185988092 0,01055021806641029
который 0,9162907318741551 0,0010495884672097997
кпередить 4,605170185988092 0,005275109033205145
край 1,9661128563728327 0,002252133856097174
кровообращение 4,605170185988092 0,01055021806641029
кровь 2,995732273553991 0,006863075082597918
лат 1,8325814637483102 0,0020991769344195993
леопард 3,912023005428146 0,008962252017017516
литр 4,605170185988092 0,01055021806641029
лондонский 2,995732273553991 0,003431537541298959
лучший 0 0
май 0 0
македонский 1,5606477482646683 0,0017876835604406281
малый 1,9661128563728327 0,002252133856097174
март 0 0
марта 0,3566749439387324 0,006128435462864818
маршалл 3,506557897319982 0,008033351425704426
материал 0 0
матка 4,605170185988092 0,015825327099615434
медаль 2,407945608651872 0,0027582423924992806
медицина 2,659260036932778 0,00913835064238068
меполизумаб 4,605170185988092 0,01055021806641029
место 0 0
миология 4,605170185988092 0,02110043613282058
миро 0 0
многие 1,5606477482646683 0,0017876835604406281
мобильный 0 0
мой 0 0
молоко 3,506557897319982 0,008033351425704426
момент 2,0402208285265546 0,002337022713088837
монтить 3,912023005428146 0,008962252017017516
морфология 3,912023005428146 0,008962252017017516
моча 0,16251892949777494 0,00018616143126892892
мочевой 4,605170185988092 0,005275109033205145
мочеиспускательный 4,605170185988092 0,005275109033205145
мочь 0,8209805520698303 0,0009404130035164151
мышечный 4,605170185988092 0,005275109033205145
мышца 4,605170185988092 0,01055021806641029
навигация 0 0
нажать 0 0
название 0 0
называться 1,9661128563728327 0,002252133856097174
найти 0 0
направление 1,8325814637483102 0,0020991769344195993
натуралист 4,605170185988092 0,005275109033205145
наука 0,05129329438755048 0,0004112864383881481
находиться 0 0
национальный 0,7550225842780328 0,0008648597758053068
начать 0,38566248081198473 0,0066265031067351335
начинать 0,1508228897345837 0,0003455278115339833
неврология 4,605170185988092 0,01055021806641029
нейроанатомия 4,605170185988092 0,015825327099615434
нейронауки 3,912023005428146 0,013443378025526274
некоммерческий 0 0
нервный 3,912023005428146 0,008962252017017516
новый 0 0
ножный 4,605170185988092 0,005275109033205145
ноябрь 0 0
область 0,7765287894989963 0,0008894946042371091
оболочка 4,605170185988092 0,005275109033205145
образование 0,7339691750802005 0,0008407436140666673
образовать 1,6607312068216509 0,0019023266973902072
обсуждение 0 0
общество 0,07257069283483537 0,000332511765566256
обязательный 0 0
октябрь 0 0
описание 0 0
орган 1,9661128563728327 0,011260669280485868
организация 0 0
организм 3,912023005428146 0,017924504034035033
основной 0 0
особый 2,207274913189721 0,005056758105818376
оставлять 1,7719568419318754 0,002029732923175115
остеология 4,605170185988092 0,02110043613282058
отверстие 4,605170185988092 0,005275109033205145
ответственность 0 0
отдельный 0 0
отказ 0 0
открываться 4,605170185988092 0,005275109033205145
открытый 2,995732273553991 0,003431537541298959
относительно 3,2188758248682006 0,003687142983812372
отсутствовать 0,05129329438755048 5,875520548402117E-05
охватывать 2,995732273553991 0,003431537541298959
оценивание 0,1508228897345837 0,0003455278115339833
палеонтолог 4,605170185988092 0,005275109033205145
палеонтология 3,912023005428146 0,004481126008508758
палец 3,506557897319982 0,004016675712852213
пегги 4,605170185988092 0,01055021806641029
первый 0 0
передняя 3,912023005428146 0,004481126008508758
перейти 0 0
перенаправление 2,995732273553991 0,003431537541298959
персоналия 0,07257069283483537 0,000166255882783128
печать 0 0
плева 4,605170185988092 0,005275109033205145
пн 0,127833371509885 0,0007321498941001431
позвоночный 4,605170185988092 0,005275109033205145
поиск 0 0
показать 1,2729656758128876 0,0014581508314007877
покровный 4,605170185988092 0,01055021806641029
политик 0 0
половой 4,605170185988092 0,01055021806641029
полость 4,605170185988092 0,01055021806641029
полулунный 4,605170185988092 0,005275109033205145
получение 2,5257286443082556 0,002893159959115986
получить 0 0
помочь 0,127833371509885 0,00014642997882002864
помощь 0,127833371509885 0,00014642997882002864
портал 0 0
португальский 0,49429632181478017 0,0005662042632471709
порядок 3,912023005428146 0,004481126008508758
последний 0 0
посмотреть 0 0
править 0 0
правка 0 0
преддверие 4,605170185988092 0,01055021806641029
предлагать 0 0
препарат 4,605170185988092 0,005275109033205145
привести 2,5257286443082556 0,002893159959115986
примечательный 2,0402208285265546 0,004674045426177674
проект 0 0
прямой 3,2188758248682006 0,003687142983812372
пухлый 4,605170185988092 0,005275109033205145
работа 0,9942522733438669 0,0011388914929483013
развитие 0,9416085398584451 0,001078589392735905
раздел 0,9675840262617057 0,005541718363469105
раздеть 2,995732273553991 0,003431537541298959
разработчик 0 0
райан 3,912023005428146 0,008962252017017516
располагаться 2,207274913189721 0,005056758105818376
расположить 0,9162907318741551 0,0010495884672097997
растение 2,8134107167600364 0,006445385376311653
результат 1,4696759700589417 0,0016834776289334956
религия 0,083381608939051 0,0001910231590814456
рембрандт 4,605170185988092 0,005275109033205145
репродуктивный 4,605170185988092 0,01055021806641029
родственный 0,21072103131565253 0,00024137575179341642
рождение 2,0402208285265546 0,002337022713088837
рот 3,506557897319982 0,004016675712852213
русский 0 0
сборная 2,120263536200091 0,00242870966345944
сведение 0 0
свежий 0 0
свобода 2,302585092994046 0,007912663549807717
свободный 0 0
связать 0 0
североамериканский 3,912023005428146 0,004481126008508758
сентябрь 0 0
сзади 3,912023005428146 0,004481126008508758
синдесмология 4,605170185988092 0,02110043613282058
синдром 4,605170185988092 0,01055021806641029
система 0 0
скелет 3,912023005428146 0,008962252017017516
складка 3,912023005428146 0,004481126008508758
слизистый 4,605170185988092 0,005275109033205145
случай 0 0
случайный 0 0
смотреть 0 0
событие 0 0
содержание 0,1392620673335076 0,00015952126842326187
создать 0 0
сообщество 0 0
соприкосновение 4,605170185988092 0,005275109033205145
сор 3,912023005428146 0,004481126008508758
сохранение 0 0
спереди 4,605170185988092 0,005275109033205145
список 0 0
спланхнология 4,605170185988092 0,02110043613282058
спор 2,8134107167600364 0,0032226926881558267
спорт 0,083381608939051 0,0001910231590814456
сравнительный 3,506557897319982 0,016066702851408852
ссылаться 0 0
ссылка 0 0
стаб 4,605170185988092 0,005275109033205145
статистик 0 0
статус 1,4271163556401458 0,0016347266387630537
статуя 2,995732273553991 0,010294612623896875
стать 0,4620354595965586 0,000529250240087696
статья 0 0
стенка 3,912023005428146 0,004481126008508758
стоить 2,407945608651872 0,0027582423924992806
стоп 4,605170185988092 0,005275109033205145
страница 0 0
строение 2,407945608651872 0,0027582423924992806
структура 2,995732273553991 0,003431537541298959
сходство 3,506557897319982 0,004016675712852213
сша 0,9675840262617057 0,002216687345387642
сюд 0 0
таз 4,605170185988092 0,005275109033205145
талеть 4,605170185988092 0,01055021806641029
текст 0 0
тело 2,120263536200091 0,00485741932691888
техника 0,06187540371808745 0,0001417535022178407
течь 0 0
ткань 3,912023005428146 0,008962252017017516
тонкий 4,605170185988092 0,005275109033205145
тракт 3,506557897319982 0,008033351425704426
трубчатый 4,605170185988092 0,005275109033205145
тульпа 4,605170185988092 0,01055021806641029
угол 3,2188758248682006 0,003687142983812372
уделить 4,605170185988092 0,005275109033205145
указатель 0 0
улучшение 1,4271163556401458 0,0016347266387630537
умидов 3,506557897319982 0,008033351425704426
урка 3,912023005428146 0,008962252017017516
уровень 2,0402208285265546 0,00701106813926651
условие 0 0
участие 0 0
участник 0 0
участница 1,7147984280919266 0,003928518735605789
фармакология 3,912023005428146 0,013443378025526274
февраль 0 0
физиолог 4,605170185988092 0,005275109033205145
физиология 3,912023005428146 0,017924504034035033
филогенетически 4,605170185988092 0,005275109033205145
философия 0,09431067947124142 0,00021606112135450498
форма 1,6607312068216509 0,0038046533947804144
форум 0 0
франция 1,3093333199837622 0,002999618144292697
француженка 4,605170185988092 0,005275109033205145
французский 0,23572233352106994 0,00027001412774463915
футляр 3,506557897319982 0,004016675712852213
хороший 0,7985076962177716 0,0009146709005930947
частичный 2,659260036932778 0,0030461168807935602
часть 0,5978370007556204 0,0006848075610030016
человек 1,1394342831883648 0,005220775638892851
человеческий 2,407945608651872 0,005516484784998561
читать 0 0
член 1,7147984280919266 0,0019642593678028944
шаблон 0 0
шейка 4,605170185988092 0,005275109033205145
щелевидный 4,605170185988092 0,005275109033205145
эдварда 2,995732273553991 0,006863075082597918
эластичный 4,605170185988092 0,005275109033205145
элемент 0,19845093872383823 0,00045464132582780813
эндокринный 4,605170185988092 0,01055021806641029
эндокринология 4,605170185988092 0,01055021806641029
энциклопедия 0 0
эстезиология 4,605170185988092 0,02110043613282058
этуотер 4,605170185988092 0,01055021806641029
являться 0,3424903089467759 0,0003923142141429277
язык 0 0
яичник 4,605170185988092 0,01055021806641029
