август 0 0
австрийский 3,2188758248682006 0,003653661549226107
австрия 2,8134107167600364 0,051094859782248106
австро 3,2188758248682006 0,16806843126440094
автономный 1,6607312068216509 0,0018850524481517036
алеманн 4,605170185988092 0,015681623788835728
алфавит 0 0
альп 3,912023005428146 0,004440434739419008
альпийский 4,605170185988092 0,0052272079296119085
амалия 4,605170185988092 0,0052272079296119085
антант 3,912023005428146 0,008880869478838016
апрель 0 0
арабский 0,38566248081198473 0,000437755369820641
архив 0,3011050927839216 0,002734211966255815
аугсбург 4,605170185988092 0,010454415859223817
бавар 4,605170185988092 0,010454415859223817
баварский 3,506557897319982 0,011940605779750221
балкан 2,659260036932778 0,012073825366323622
балканский 3,2188758248682006 0,018268307746130537
боевой 1,8971199848858813 0,0043067423039407065
болгарский 1,9661128563728327 0,0022316831513880054
большой 1,1086626245216111 0,0012584138757339514
брак 2,659260036932778 0,0030184563415809056
бреннерский 4,605170185988092 0,010454415859223817
британский 1,5141277326297755 0,0034372933771391044
варианта 2,407945608651872 0,0027331959235549056
век 0,5108256237659907 0,0028991238579227623
великий 1,0216512475319812 0,002319299086338209
венгерский 1,9661128563728327 0,0022316831513880054
венгрия 2,8134107167600364 0,17244515176508735
версия 0 0
википедия 0 0
винделикорум 4,605170185988092 0,0052272079296119085
вклад 0 0
включать 1,9661128563728327 0,0022316831513880054
включить 2,995732273553991 0,0034003771549988545
власть 1,4696759700589417 0,005004571975229086
военный 1,0498221244986776 0,003574876700903556
возобновиться 4,605170185988092 0,0052272079296119085
война 0,7133498878774648 0,008906752289048936
войско 1,7719568419318754 0,004022603500412884
войти 2,5257286443082556 0,0028668883590332074
воспользоваться 3,506557897319982 0,003980201926583407
восточный 0,9162907318741551 0,0010400575844201534
вторгнуться 3,912023005428146 0,004440434739419008
география 0,083381608939051 0,00018928855604778886
герб 0,7133498878774648 0,0016194095070998064
германец 4,605170185988092 0,0052272079296119085
германский 2,5257286443082556 0,0028668883590332074
герцогиня 3,912023005428146 0,004440434739419008
гор 1,5141277326297755 0,0017186466885695522
горный 1,8971199848858813 0,0021533711519703532
господство 3,912023005428146 0,004440434739419008
государство 0,6733445532637655 0,0015285914943558808
греция 2,0402208285265546 0,002315801167453524
греческий 1,4271163556401458 0,0016198823560047058
далья 0,3566749439387324 0,0004048523767749516
данный 0,1508228897345837 0,00017119510753074198
два 0 0
двуедина 4,605170185988092 0,0052272079296119085
действие 1,8325814637483102 0,010400575844201534
декабрь 0 0
день 1,3862943611198906 0,0031470927607716017
держава 2,8134107167600364 0,006386857472781013
долина 2,120263536200091 0,002406655546197606
дорога 1,5606477482646683 0,0017714503385524044
достаточный 3,2188758248682006 0,003653661549226107
древний 1,4696759700589417 0,005004571975229086
друг 2,659260036932778 0,0030184563415809056
друза 4,605170185988092 0,0052272079296119085
дунай 3,912023005428146 0,008880869478838016
евгения 2,995732273553991 0,0034003771549988545
европа 0,8915981192837835 0,003036088941942509
елизавета 2,995732273553991 0,006800754309997709
епископство 4,605170185988092 0,0052272079296119085
журнал 0 0
заключение 3,2188758248682006 0,003653661549226107
заниматься 0 0
запрос 0,1165338162559516 0,00026454895858331806
заселить 4,605170185988092 0,0052272079296119085
затронуть 3,912023005428146 0,004440434739419008
земля 1,2378743560016172 0,007025393620894536
знаете 0,06187540371808745 0,00014046629674934722
знак 0 0
значение 1,9661128563728327 0,0022316831513880054
избранный 0,083381608939051 0,0003785771120955777
избрать 0 0
известный 0,7765287894989963 0,0008814174682167949
изменение 0 0
изображение 0,06187540371808745 0,00014046629674934722
иметь 0,616186139423817 0,0006994167303335039
император 2,207274913189721 0,015032519272574717
императрица 3,506557897319982 0,01592080770633363
империя 1,2039728043259361 0,008199587770664717
имя 1,4271163556401458 0,0016198823560047058
инсбрук 3,912023005428146 0,008880869478838016
иосиф 2,302585092994046 0,020908831718447634
искать 0 0
искусство 0,083381608939051 0,00018928855604778886
использование 0 0
исторический 1,2378743560016172 0,004215236172536722
история 0 0
источник 0 0
итал 2,995732273553991 0,0034003771549988545
италия 1,8325814637483102 0,010400575844201534
итальянский 0,7339691750802005 0,0016662183316236106
июль 0,9162907318741551 0,00312017275326046
июнь 0 0
карл 1,9661128563728327 0,004463366302776011
категория 0 0
кино 2,5257286443082556 0,0028668883590332074
книга 0 0
код 0 0
консорт 4,605170185988092 0,0052272079296119085
королева 2,659260036932778 0,0030184563415809056
королевство 1,6094379124341003 0,009134153873065268
коронный 4,605170185988092 0,010454415859223817
который 0,9162907318741551 0,0010400575844201534
крайн 4,605170185988092 0,0052272079296119085
культура 0,3566749439387324 0,0008097047535499032
лангобард 4,605170185988092 0,010454415859223817
ласкательный 4,605170185988092 0,0052272079296119085
лат 1,8325814637483102 0,0020801151688403068
литература 1,1086626245216111 0,0012584138757339514
личность 0,127833371509885 0,00029020061636750283
лучший 0 0
май 0 0
март 0 0
массовый 2,0402208285265546 0,002315801167453524
материал 0 0
мезолит 3,912023005428146 0,004440434739419008
место 0 0
месторождение 3,506557897319982 0,003980201926583407
металл 3,912023005428146 0,004440434739419008
миро 0 0
мировой 1,2039728043259361 0,00956618573244217
мобильный 0 0
мой 0 0
монархия 2,8134107167600364 0,0031934287363905066
моча 0,16251892949777494 0,0001844709755933881
н 1,4696759700589417 0,0016681906584096954
навигация 0 0
нажать 0 0
название 0 0
называть 1,6607312068216509 0,0018850524481517036
найти 0 0
написание 1,9661128563728327 0,0022316831513880054
население 0,5108256237659907 0,0005798247715845525
наука 0,05129329438755048 0,00011644334707729961
находиться 0 0
начало 1,2039728043259361 0,001366597961777453
начаться 2,207274913189721 0,005010839757524906
начинать 0,1508228897345837 0,00034239021506148395
некоммерческий 0 0
немецкий 0,5108256237659907 0,0017394743147536574
неолит 3,506557897319982 0,003980201926583407
нечитаемый 1,5606477482646683 0,0053143510156572135
новый 0 0
ноябрь 0 0
область 0,7765287894989963 0,0026442524046503845
образование 0,7339691750802005 0,0008331091658118053
обсуждение 0 0
общество 0,07257069283483537 0,0001647461812368567
обязательный 0 0
одоакр 4,605170185988092 0,0052272079296119085
октябрь 0 0
описание 0 0
организация 0 0
османский 2,407945608651872 0,0027331959235549056
основать 1,2729656758128876 0,00288981992239021
основной 0 0
оставаться 2,5257286443082556 0,005733776718066415
остготский 4,605170185988092 0,0052272079296119085
ответственность 0 0
отдельный 0 0
отказ 0 0
отсутствовать 0,05129329438755048 0,0003493300412318988
отчасть 4,605170185988092 0,0052272079296119085
оценивание 0,1508228897345837 0,00034239021506148395
падение 2,995732273553991 0,0034003771549988545
первый 0 0
перевал 3,912023005428146 0,008880869478838016
перейти 0 0
период 1,3093333199837622 0,002972379841052809
персоналия 0,07257069283483537 0,0001647461812368567
печать 0 0
пн 0,127833371509885 0,0007255015409187571
подборка 1,6094379124341003 0,003653661549226107
подробный 0 0
поиск 0 0
политик 0 0
полуостров 1,9661128563728327 0,0022316831513880054
получить 0 0
помочь 0,127833371509885 0,00014510030818375142
помощь 0,127833371509885 0,00014510030818375142
портал 0 0
португальский 0,49429632181478017 0,0005610627943414076
поселение 2,0402208285265546 0,002315801167453524
последний 0 0
посмотреть 0 0
потенциальный 1,5141277326297755 0,005155940065708657
поход 2,407945608651872 0,0027331959235549056
править 0 0
правка 0 0
право 0,843970070294529 0,0009579682977236424
предлагать 0 0
принцесса 2,8134107167600364 0,0031934287363905066
приток 2,8134107167600364 0,0031934287363905066
провинция 1,7147984280919266 0,0038928454667240104
продолжаться 2,995732273553991 0,0034003771549988545
проект 0 0
разорить 4,605170185988092 0,0052272079296119085
разработка 1,07880966137193 0,0012245285600135415
разработчик 0 0
располагаться 2,207274913189721 0,002505419878762453
расположение 3,506557897319982 0,003980201926583407
распространяться 3,506557897319982 0,003980201926583407
расселиться 4,605170185988092 0,0052272079296119085
регион 0,9942522733438669 0,0022570993719497547
результат 1,4696759700589417 0,0016681906584096954
религия 0,083381608939051 0,00018928855604778886
республика 0,9416085398584451 0,0010687951644250228
реция 4,605170185988092 0,010454415859223817
рим 2,5257286443082556 0,005733776718066415
римляна 4,605170185988092 0,0052272079296119085
римский 2,407945608651872 0,010932783694219622
родной 2,407945608651872 0,0027331959235549056
родственный 0,21072103131565253 0,00023918391749790297
российский 1,0498221244986776 0,001191625566967852
русский 0 0
сведение 0 0
свежий 0 0
свободный 0 0
связать 0 0
север 1,0216512475319812 0,002319299086338209
северный 1,1086626245216111 0,0012584138757339514
сентябрь 0 0
сербия 2,5257286443082556 0,0028668883590332074
сербский 1,7147984280919266 0,0019464227333620052
середина 2,120263536200091 0,002406655546197606
сиссить 4,605170185988092 0,0052272079296119085
система 0 0
сися 4,605170185988092 0,0052272079296119085
слаб 4,605170185988092 0,0052272079296119085
слабый 3,2188758248682006 0,003653661549226107
славянин 3,506557897319982 0,003980201926583407
словенец 3,912023005428146 0,008880869478838016
случай 0 0
случайный 0 0
смотреть 0 0
событие 0 0
содержание 0,1392620673335076 0,0001580727211504059
создать 0 0
сообщество 0 0
состав 1,0498221244986776 0,002383251133935704
сохранение 0 0
список 0 0
спорт 0,083381608939051 0,00018928855604778886
сражаться 2,8134107167600364 0,0031934287363905066
ссылаться 0 0
ссылка 0 0
статистик 0 0
статья 0 0
страница 0 0
супруг 3,506557897319982 0,003980201926583407
сюд 0 0
театр 1,9661128563728327 0,008926732605552021
текст 0 0
теодориха 4,605170185988092 0,0052272079296119085
территория 0,8675005677047231 0,000984677148359504
техника 0,06187540371808745 0,00014046629674934722
течь 0 0
тиберий 4,605170185988092 0,0052272079296119085
тироль 3,912023005428146 0,06216608635186611
тирольский 4,605170185988092 0,0052272079296119085
трентино 4,605170185988092 0,0052272079296119085
тренто 3,912023005428146 0,013321304218257023
третий 1,7147984280919266 0,0038928454667240104
тридентум 4,605170185988092 0,0052272079296119085
турецкий 2,8134107167600364 0,0031934287363905066
указатель 0 0
уменьшительный 3,912023005428146 0,004440434739419008
употребляться 3,506557897319982 0,003980201926583407
условие 0 0
участие 0 0
участник 0 0
февраль 0 0
федеральный 2,0402208285265546 0,002315801167453524
федерат 4,605170185988092 0,0052272079296119085
фердинанд 3,2188758248682006 0,007307323098452214
философия 0,09431067947124142 0,00021409915884504292
форум 0 0
франц 3,2188758248682006 0,036536615492261074
французский 0,23572233352106994 0,0008026867202760611
фронт 2,120263536200091 0,002406655546197606
характер 2,5257286443082556 0,0028668883590332074
хороший 0,7985076962177716 0,001812730297883704
христианство 2,120263536200091 0,002406655546197606
художественный 2,407945608651872 0,0027331959235549056
царство 2,659260036932778 0,0030184563415809056
центральный 1,2729656758128876 0,007224549805975525
цивилизация 2,659260036932778 0,0030184563415809056
часть 0,5978370007556204 0,0020357673124481966
черногория 3,506557897319982 0,003980201926583407
черногорский 3,912023005428146 0,004440434739419008
читать 0 0
шаблон 0 0
э 2,0402208285265546 0,002315801167453524
элемент 0,19845093872383823 0,0004505129142425385
энипонс 4,605170185988092 0,0052272079296119085
энциклопедия 0 0
эпоха 2,120263536200091 0,002406655546197606
южный 1,171182981502945 0,003988137280940789
язык 0 0
