аарон 2,995732273553991 0,004594681401156428
аароновы 4,605170185988092 0,004708762971357967
абулафий 3,912023005428146 0,0020000117614663326
август 0 0
августа 0,843970070294529 0,00021573877052518637
авидан 4,605170185988092 0,0023543814856789836
авиуд 4,605170185988092 0,0035315722285184756
авия 4,605170185988092 0,0035315722285184756
авраам 4,605170185988092 0,007063144457036951
авраамов 4,605170185988092 0,0011771907428394918
адам 3,912023005428146 0,0020000117614663326
азарий 3,912023005428146 0,0020000117614663326
азор 4,605170185988092 0,0035315722285184756
алфавит 0 0
аль 2,207274913189721 0,0016926954855749396
аминадав 4,605170185988092 0,005885953714197459
аммиуда 4,605170185988092 0,0011771907428394918
аммишаддая 4,605170185988092 0,0011771907428394918
амон 4,605170185988092 0,0035315722285184756
аморрей 4,605170185988092 0,0023543814856789836
аморрейский 4,605170185988092 0,0035315722285184756
аморрея 4,605170185988092 0,0023543814856789836
ангел 2,995732273553991 0,002297340700578214
английский 0,37106368139083196 9,485267929213497E-05
апостол 2,8134107167600364 0,002157523555797574
апрель 0 0
арабски 4,605170185988092 0,0011771907428394918
арабский 0,38566248081198473 0,0004929223936758496
арам 4,605170185988092 0,0035315722285184756
археология 3,506557897319982 0,0017927187614110338
архитектура 1,1086626245216111 0,0005668009327820098
ас 2,995732273553991 0,0015315604670521428
асир 4,605170185988092 0,005885953714197459
асировый 4,605170185988092 0,0011771907428394918
асироф 4,605170185988092 0,0011771907428394918
асу 3,912023005428146 0,0010000058807331663
атрибут 4,605170185988092 0,0011771907428394918
афанасий 4,605170185988092 0,0011771907428394918
ахаз 4,605170185988092 0,0035315722285184756
ахиезер 4,605170185988092 0,0023543814856789836
ахим 4,605170185988092 0,0035315722285184756
ахир 4,605170185988092 0,0011771907428394918
аштерофа 4,605170185988092 0,0011771907428394918
бабка 4,605170185988092 0,009417525942715934
барин 3,506557897319982 0,0017927187614110338
басемат 4,605170185988092 0,0023543814856789836
бахай 3,2188758248682006 0,002468463055880522
безвидный 4,605170185988092 0,0035315722285184756
бездна 4,605170185988092 0,0035315722285184756
безрассудный 4,605170185988092 0,0011771907428394918
бен 2,407945608651872 0,0024621120742861677
берег 1,6094379124341003 0,00041141050931342034
библеистика 4,605170185988092 0,008240335199876443
библеистый 4,605170185988092 0,0035315722285184756
библейский 3,912023005428146 0,05600032932105731
библия 2,995732273553991 0,1041461117595457
благоволение 4,605170185988092 0,0023543814856789836
благословить 4,605170185988092 0,0035315722285184756
благоухание 4,605170185988092 0,0035315722285184756
ближний 2,659260036932778 0,0013595398961824018
бог 2,0402208285265546 0,029205615132281967
богородица 2,8134107167600364 0,0007191745185991914
богослов 3,912023005428146 0,0030000176421994987
божий 2,407945608651872 0,0049242241485723355
больший 1,8325814637483102 0,0014053538832425692
борисович 2,8134107167600364 0,0014383490371983828
бояться 3,912023005428146 0,006000035284398997
брат 2,302585092994046 0,004120167599938222
бремя 4,605170185988092 0,0011771907428394918
брно 3,506557897319982 0,0017927187614110338
бросать 4,605170185988092 0,0011771907428394918
бросить 3,912023005428146 0,0010000058807331663
будда 3,2188758248682006 0,0008228210186268407
буддизм 2,5257286443082556 0,0032281807826025763
быт 3,2188758248682006 0,0074053891676415665
бытие 3,912023005428146 0,006000035284398997
быть 1,9661128563728327 0,001005170171969751
вавилон 3,506557897319982 0,005378156284233101
важный 2,659260036932778 0,0006797699480912009
варианта 2,407945608651872 0,0006155280185715419
варня 4,605170185988092 0,0035315722285184756
васанский 4,605170185988092 0,0011771907428394918
ваш 3,2188758248682006 0,013165136298029451
ввести 2,995732273553991 0,0007657802335260714
век 0,5108256237659907 0,00039173744153833646
велеть 4,605170185988092 0,0011771907428394918
великий 1,0216512475319812 0,0015669497661533454
вениамин 4,605170185988092 0,0035315722285184756
вениамина 4,605170185988092 0,0023543814856789836
вениаминовый 4,605170185988092 0,0011771907428394918
верить 3,2188758248682006 0,0008228210186268407
версия 0 0
весь 2,659260036932778 0,0013595398961824018
весьма 2,659260036932778 0,0013595398961824018
ветхий 3,912023005428146 0,012000070568797995
ветхозаветный 3,912023005428146 0,004000023522932665
вечер 3,912023005428146 0,006000035284398997
вз 4,605170185988092 0,0023543814856789836
взойти 4,605170185988092 0,0035315722285184756
взять 2,407945608651872 0,0036931681114292514
видеть 3,2188758248682006 0,002468463055880522
вики 1,6094379124341003 0,0008228210186268407
википедия 0 0
викисклад 0,5798184952529422 0,0001482153617722245
викисловар 1,8325814637483102 0,0004684512944141898
викитек 1,1394342831883648 0,0008737992969235927
викификация 4,605170185988092 0,0023543814856789836
викифицировать 4,605170185988092 0,0011771907428394918
викицитатник 0,9675840262617057 0,0002473374300259984
вклад 0 0
включать 1,9661128563728327 0,0005025850859848755
владение 2,659260036932778 0,0013595398961824018
владычествовать 4,605170185988092 0,0023543814856789836
вмест 1,8971199848858813 0,00048494887139209647
внимание 2,5257286443082556 0,0006456361565205153
вносить 2,659260036932778 0,0006797699480912009
внутренность 4,605170185988092 0,0023543814856789836
внять 4,605170185988092 0,0011771907428394918
вод 1,8971199848858813 0,003394642099744675
вода 2,659260036932778 0,0061179295328208086
водить 3,912023005428146 0,0010000058807331663
вождь 4,605170185988092 0,0011771907428394918
возвратиться 4,605170185988092 0,0011771907428394918
воззвать 4,605170185988092 0,0011771907428394918
возложить 4,605170185988092 0,0011771907428394918
возможно 2,407945608651872 0,0006155280185715419
возможность 2,5257286443082556 0,0012912723130410306
возрастать 3,912023005428146 0,0010000058807331663
возрасти 4,605170185988092 0,0011771907428394918
война 0,7133498878774648 0,002735237300143653
войти 2,5257286443082556 0,005165089252164122
вооз 4,605170185988092 0,0023543814856789836
вооза 4,605170185988092 0,0011771907428394918
вооружиться 4,605170185988092 0,0011771907428394918
вопль 4,605170185988092 0,0011771907428394918
воспользоваться 3,506557897319982 0,0008963593807055169
воспротивиться 4,605170185988092 0,0023543814856789836
восстать 3,2188758248682006 0,0008228210186268407
восток 0,7985076962177716 0,0004082350185162432
восточный 0,9162907318741551 0,0002342256472070949
вп 3,912023005428146 0,004000023522932665
вплоть 2,659260036932778 0,0006797699480912009
враг 3,506557897319982 0,0017927187614110338
времный 3,912023005428146 0,0010000058807331663
всесожжение 4,605170185988092 0,010594716685555427
встать 3,912023005428146 0,0010000058807331663
всходить 4,605170185988092 0,0011771907428394918
всякая 4,605170185988092 0,007063144457036951
всякий 3,506557897319982 0,0035854375228220677
всякое 4,605170185988092 0,0011771907428394918
второзаконие 4,605170185988092 0,004708762971357967
второй 1,2378743560016172 0,0015821502505133146
вход 3,912023005428146 0,0020000117614663326
вывести 2,995732273553991 0,0007657802335260714
выглядеть 4,605170185988092 0,0011771907428394918
выйти 2,659260036932778 0,0006797699480912009
вымыть 4,605170185988092 0,0023543814856789836
выработка 3,912023005428146 0,009000052926598496
выражение 3,2188758248682006 0,0016456420372536814
выслушать 4,605170185988092 0,0011771907428394918
выслушивать 4,605170185988092 0,0023543814856789836
выступить 2,995732273553991 0,0007657802335260714
выход 1,8325814637483102 0,0004684512944141898
выцедить 4,605170185988092 0,0011771907428394918
выше 3,2188758248682006 0,013165136298029451
гад 4,605170185988092 0,010594716685555427
гадов 4,605170185988092 0,0011771907428394918
гамалиил 4,605170185988092 0,0023543814856789836
гамлиэль 4,605170185988092 0,0023543814856789836
гаутам 3,912023005428146 0,0010000058807331663
генеалогия 4,605170185988092 0,0023543814856789836
география 0,083381608939051 0,00012788590328075306
герб 0,7133498878774648 0,00036469830668582045
герменевтика 3,912023005428146 0,0030000176421994987
гидеония 4,605170185988092 0,0011771907428394918
гл 4,605170185988092 0,0011771907428394918
глава 2,120263536200091 0,0037939275954500607
главное 1,7147984280919266 0,00043834315646521644
главный 1,9661128563728327 0,0005025850859848755
глаз 3,2188758248682006 0,0008228210186268407
глина 4,605170185988092 0,0011771907428394918
гнев 3,506557897319982 0,0008963593807055169
говорить 3,506557897319982 0,009859953187760685
год 0,6348782724359695 0,00016228994694171
годный 4,605170185988092 0,016480670399752886
голова 2,659260036932778 0,0027190797923648037
голосование 3,2188758248682006 0,0008228210186268407
голубь 3,506557897319982 0,0008963593807055169
гонимый 4,605170185988092 0,0011771907428394918
гор 1,5141277326297755 0,00270932876493058
горе 3,912023005428146 0,004000023522932665
горлица 4,605170185988092 0,0011771907428394918
город 0,3424903089467759 0,0007003891798502576
горький 3,2188758248682006 0,0008228210186268407
господень 4,605170185988092 0,004708762971357967
господин 3,912023005428146 0,0010000058807331663
господь 3,506557897319982 0,03495801584751516
государство 0,6733445532637655 0,00017212284081384601
грех 4,605170185988092 0,0035315722285184756
греча 1,9661128563728327 0,0005025850859848755
греческий 1,4271163556401458 0,00036480479438654037
давид 3,506557897319982 0,008963593807055168
давидов 3,912023005428146 0,0010000058807331663
дал 2,407945608651872 0,0024621120742861677
далья 0,3566749439387324 0,00018234915334291023
дама 3,506557897319982 0,0017927187614110338
дан 4,605170185988092 0,005885953714197459
даний 2,995732273553991 0,0007657802335260714
данный 0,1508228897345837 7,710781683772174E-05
дановый 4,605170185988092 0,0011771907428394918
даосизм 3,506557897319982 0,0026890781421165504
датский 2,995732273553991 0,0007657802335260714
дать 2,5257286443082556 0,0012912723130410306
дая 4,605170185988092 0,0011771907428394918
даять 4,605170185988092 0,0023543814856789836
два 0 0
двадцать 4,605170185988092 0,017657861142592376
дверь 3,912023005428146 0,0010000058807331663
двести 3,912023005428146 0,0010000058807331663
дева 3,2188758248682006 0,0016456420372536814
декабрь 0 0
делать 2,8134107167600364 0,004315047111595148
дело 2,120263536200091 0,0021679586259714632
день 1,3862943611198906 0,0024805880694885566
дерево 1,7147984280919266 0,0013150294693956492
десятиначальник 4,605170185988092 0,0011771907428394918
деяние 3,912023005428146 0,0020000117614663326
деятельность 2,120263536200091 0,0005419896564928658
дизагав 4,605170185988092 0,0011771907428394918
длинный 2,995732273553991 0,0007657802335260714
добро 1,8325814637483102 0,0014053538832425692
добрый 2,8134107167600364 0,0007191745185991914
добыча 2,8134107167600364 0,0007191745185991914
доводить 4,605170185988092 0,0011771907428394918
дойти 3,506557897319982 0,0008963593807055169
должный 2,5257286443082556 0,0019369084695615457
долина 2,120263536200091 0,0005419896564928658
дом 1,3470736479666094 0,0003443439795415669
дома 3,912023005428146 0,0010000058807331663
дополнить 1,5141277326297755 0,0015481878656746172
дорога 1,5606477482646683 0,0015957543438289044
дослать 3,2188758248682006 0,0008228210186268407
доставить 3,506557897319982 0,0008963593807055169
достаться 3,912023005428146 0,0010000058807331663
дочь 2,407945608651872 0,0024621120742861677
древесный 4,605170185988092 0,0011771907428394918
древнегреческий 2,302585092994046 0,0011771907428394918
древнееврейский 4,605170185988092 0,0023543814856789836
древнейший 2,407945608651872 0,0006155280185715419
древний 1,4696759700589417 0,0003756840414261099
дров 4,605170185988092 0,0035315722285184756
дрова 4,605170185988092 0,0011771907428394918
дух 2,995732273553991 0,005360461634682499
душа 3,912023005428146 0,0020000117614663326
душить 4,605170185988092 0,0035315722285184756
евангелие 3,912023005428146 0,0020000117614663326
евангелия 3,912023005428146 0,0010000058807331663
еврей 2,659260036932778 0,0027190797923648037
еврейский 3,2188758248682006 0,004114105093134203
евреянка 4,605170185988092 0,0023543814856789836
европа 0,8915981192837835 0,00045582725934753765
евфрат 3,912023005428146 0,0010000058807331663
египет 2,302585092994046 0,004120167599938222
египетский 2,659260036932778 0,004078619688547206
египтянин 4,605170185988092 0,0023543814856789836
ед 3,912023005428146 0,0010000058807331663
единый 2,407945608651872 0,0012310560371430839
едрей 4,605170185988092 0,0023543814856789836
езекия 4,605170185988092 0,0035315722285184756
елеазар 4,605170185988092 0,0035315722285184756
елиава 4,605170185988092 0,0023543814856789836
елиаким 4,605170185988092 0,0035315722285184756
елиасаф 4,605170185988092 0,0023543814856789836
елиуда 4,605170185988092 0,0035315722285184756
елицура 4,605170185988092 0,0023543814856789836
елишам 4,605170185988092 0,0023543814856789836
еммануил 3,912023005428146 0,0020000117614663326
енаковый 4,605170185988092 0,0011771907428394918
енан 4,605170185988092 0,0011771907428394918
есевон 4,605170185988092 0,0011771907428394918
есром 4,605170185988092 0,0035315722285184756
есхол 4,605170185988092 0,0023543814856789836
ефрем 4,605170185988092 0,0023543814856789836
ефремов 3,912023005428146 0,0010000058807331663
желый 4,605170185988092 0,0011771907428394918
жена 2,407945608651872 0,0012310560371430839
женщина 1,6607312068216509 0,0012735668763969716
жертва 2,407945608651872 0,007386336222858503
жертвенник 4,605170185988092 0,016480670399752886
жестокость 4,605170185988092 0,0023543814856789836
живать 3,912023005428146 0,0010000058807331663
живой 2,659260036932778 0,0033988497404560045
животное 2,407945608651872 0,0024621120742861677
жизнь 1,5606477482646683 0,0003989385859572261
жила 2,995732273553991 0,0015315604670521428
жить 1,7719568419318754 0,0009059084058956419
журнал 0 0
завершить 3,912023005428146 0,0010000058807331663
завет 3,506557897319982 0,03137257832469309
завулон 4,605170185988092 0,005885953714197459
завулоновый 4,605170185988092 0,0011771907428394918
заготовка 2,5257286443082556 0,0038738169391230913
задолго 4,605170185988092 0,0011771907428394918
заколоть 4,605170185988092 0,0023543814856789836
закон 1,9661128563728327 0,0005025850859848755
законодатель 4,605170185988092 0,0011771907428394918
законоучитель 4,605170185988092 0,0011771907428394918
заменить 2,995732273553991 0,0015315604670521428
заменять 3,506557897319982 0,0008963593807055169
заниматься 0 0
запас 2,995732273553991 0,0007657802335260714
заповедать 4,605170185988092 0,0011771907428394918
запрещать 3,912023005428146 0,0010000058807331663
запрос 0,1165338162559516 8,936642350916534E-05
запустение 4,605170185988092 0,0023543814856789836
зара 3,912023005428146 0,0010000058807331663
захотеть 3,912023005428146 0,0010000058807331663
звезда 1,8325814637483102 0,0009369025888283796
зверь 3,2188758248682006 0,004114105093134203
здоровы 4,605170185988092 0,0011771907428394918
зелень 4,605170185988092 0,0035315722285184756
земля 1,2378743560016172 0,013606492154414503
земной 2,8134107167600364 0,0028766980743967657
зло 3,912023005428146 0,0010000058807331663
злой 3,506557897319982 0,0008963593807055169
знаете 0,06187540371808745 4,745046297399345E-05
знак 0 0
знамение 3,912023005428146 0,0010000058807331663
знамя 2,8134107167600364 0,0007191745185991914
знать 3,2188758248682006 0,002468463055880522
значение 1,9661128563728327 0,0005025850859848755
зоб 4,605170185988092 0,0023543814856789836
золотой 1,4696759700589417 0,0003756840414261099
зоровавель 4,605170185988092 0,0035315722285184756
иаков 3,912023005428146 0,011000064688064828
ибо 3,2188758248682006 0,004114105093134203
ивра 3,912023005428146 0,0010000058807331663
иврит 1,6607312068216509 0,0012735668763969716
идет 4,605170185988092 0,0011771907428394918
иди 4,605170185988092 0,0011771907428394918
иерусалим 3,912023005428146 0,0020000117614663326
иерусалимский 3,912023005428146 0,006000035284398997
иессей 4,605170185988092 0,0011771907428394918
иессея 4,605170185988092 0,0023543814856789836
иефонниина 4,605170185988092 0,0011771907428394918
иехония 4,605170185988092 0,0035315722285184756
избранный 0,083381608939051 8,525726885383538E-05
избрать 0 0
известие 3,506557897319982 0,0017927187614110338
известный 0,7765287894989963 0,00019849917931978435
издание 2,8134107167600364 0,0014383490371983828
измаил 4,605170185988092 0,0023543814856789836
изменение 0 0
изнурять 4,605170185988092 0,0023543814856789836
изображение 0,06187540371808745 3,16336419826623E-05
изобразить 3,506557897319982 0,0008963593807055169
израилев 4,605170185988092 0,0035315722285184756
израилевы 4,605170185988092 0,015303479656913394
израиль 2,5257286443082556 0,007747633878246183
израильский 3,2188758248682006 0,0008228210186268407
израильтянин 4,605170185988092 0,0011771907428394918
изучение 2,407945608651872 0,0012310560371430839
изъяснять 4,605170185988092 0,0011771907428394918
иисус 3,506557897319982 0,008963593807055168
иллюстрация 1,8325814637483102 0,0009369025888283796
имена 4,605170185988092 0,016480670399752886
именной 4,605170185988092 0,0023543814856789836
иметь 0,616186139423817 0,00015751179433124156
имма 3,912023005428146 0,0020000117614663326
имя 1,4271163556401458 0,0025536335607057826
иначе 3,912023005428146 0,0010000058807331663
индуизм 2,995732273553991 0,002297340700578214
иной 3,2188758248682006 0,0008228210186268407
институт 1,9661128563728327 0,001005170171969751
интересный 2,120263536200091 0,0005419896564928658
интересовать 3,506557897319982 0,0008963593807055169
иоаким 3,912023005428146 0,0030000176421994987
иоанна 2,8134107167600364 0,0035958725929959565
иоаф 4,605170185988092 0,0023543814856789836
иоафам 4,605170185988092 0,0011771907428394918
иор 4,605170185988092 0,0023543814856789836
иорам 4,605170185988092 0,0011771907428394918
иордан 3,912023005428146 0,0030000176421994987
иордания 3,912023005428146 0,0020000117614663326
иосафат 4,605170185988092 0,0035315722285184756
иосиф 2,302585092994046 0,007651739828456697
иосия 4,605170185988092 0,0035315722285184756
исаак 3,2188758248682006 0,004114105093134203
исава 3,912023005428146 0,0020000117614663326
исидор 3,2188758248682006 0,0016456420372536814
искать 0 0
искусство 0,083381608939051 4,262863442691769E-05
ислам 1,7147984280919266 0,0013150294693956492
использование 0 0
использоваться 1,4696759700589417 0,0007513680828522197
испытание 3,912023005428146 0,0010000058807331663
испытать 3,912023005428146 0,0020000117614663326
иссахар 4,605170185988092 0,005885953714197459
иссахаров 4,605170185988092 0,0011771907428394918
исследовать 4,605170185988092 0,0023543814856789836
история 0 0
источник 0 0
истребить 4,605170185988092 0,0011771907428394918
исха 3,912023005428146 0,0010000058807331663
исход 4,605170185988092 0,005885953714197459
исчисление 4,605170185988092 0,0035315722285184756
исчислить 4,605170185988092 0,01883505188543187
исчислять 4,605170185988092 0,0011771907428394918
итак 4,605170185988092 0,0011771907428394918
итальянский 0,7339691750802005 0,00018761993228021487
иуда 4,605170185988092 0,009417525942715934
иудаизм 2,995732273553991 0,008423582568786784
иудаик 4,605170185988092 0,0035315722285184756
иудин 4,605170185988092 0,0011771907428394918
июнь 0 0
к 2,5257286443082556 0,0012912723130410306
кадес 4,605170185988092 0,004708762971357967
каждый 2,120263536200091 0,0016259689694785974
канон 3,912023005428146 0,0020000117614663326
канонизировать 3,912023005428146 0,0010000058807331663
каппар 3,912023005428146 0,0020000117614663326
касаться 2,995732273553991 0,0007657802335260714
категория 0 0
качество 1,5606477482646683 0,0007978771719144522
кирпич 3,912023005428146 0,0010000058807331663
китаб 3,912023005428146 0,0010000058807331663
китайский 1,171182981502945 0,00029938215273592666
классический 2,5257286443082556 0,0006456361565205153
клуб 1,7719568419318754 0,005435450435373851
клясться 3,912023005428146 0,0010000058807331663
клятва 3,506557897319982 0,0008963593807055169
книга 0 0
ковчег 3,912023005428146 0,0020000117614663326
код 0 0
кожа 3,2188758248682006 0,0008228210186268407
коза 4,605170185988092 0,0011771907428394918
кой 4,605170185988092 0,0011771907428394918
колено 3,912023005428146 0,020000117614663325
конфуций 3,912023005428146 0,0020000117614663326
копенгаген 4,605170185988092 0,0011771907428394918
копьё 3,2188758248682006 0,0008228210186268407
коран 3,2188758248682006 0,0032912840745073627
король 1,7147984280919266 0,00043834315646521644
костёр 3,506557897319982 0,0008963593807055169
который 0,9162907318741551 0,0023422564720709488
край 1,9661128563728327 0,0005025850859848755
красный 0,7765287894989963 0,0003969983586395687
крат 4,605170185988092 0,0011771907428394918
креститель 3,506557897319982 0,0017927187614110338
крещение 3,506557897319982 0,0008963593807055169
кристиан 3,2188758248682006 0,0008228210186268407
кристиана 4,605170185988092 0,0011771907428394918
критик 3,2188758248682006 0,0016456420372536814
кровь 2,995732273553991 0,0038289011676303567
крупный 1,4271163556401458 0,0007296095887730807
крыло 3,2188758248682006 0,0008228210186268407
культура 0,3566749439387324 9,117457667145511E-05
лаван 4,605170185988092 0,0011771907428394918
лев 2,659260036932778 0,0006797699480912009
левиина 4,605170185988092 0,0011771907428394918
левий 4,605170185988092 0,0023543814856789836
левит 4,605170185988092 0,01294909817123441
ливан 2,995732273553991 0,0015315604670521428
литература 1,1086626245216111 0,0002834004663910049
лицо 2,8134107167600364 0,0014383490371983828
личность 0,127833371509885 3,2677242206003327E-05
луна 2,659260036932778 0,0006797699480912009
лучший 0 0
маген 4,605170185988092 0,0023543814856789836
мадонна 3,912023005428146 0,0020000117614663326
май 0 0
маймин 3,2188758248682006 0,0016456420372536814
македонский 1,5606477482646683 0,0003989385859572261
малый 1,9661128563728327 0,0005025850859848755
манассиин 4,605170185988092 0,0011771907428394918
манассия 4,605170185988092 0,007063144457036951
мао 4,605170185988092 0,0023543814856789836
мария 1,6607312068216509 0,0012735668763969716
март 0 0
марта 0,3566749439387324 0,0013676186500718266
материал 0 0
матфан 4,605170185988092 0,0035315722285184756
матфей 4,605170185988092 0,0011771907428394918
мать 2,207274913189721 0,0005642318285249799
медиафайл 1,6094379124341003 0,00041141050931342034
мелкий 2,659260036932778 0,0013595398961824018
менора 4,605170185988092 0,009417525942715934
меньший 3,912023005428146 0,0010000058807331663
мерзость 4,605170185988092 0,0023543814856789836
место 0 0
месяц 1,7147984280919266 0,0017533726258608657
миллиард 3,506557897319982 0,0008963593807055169
миро 0 0
мифология 2,120263536200091 0,0021679586259714632
младенец 4,605170185988092 0,0023543814856789836
многочисленный 2,659260036932778 0,0013595398961824018
моавитский 4,605170185988092 0,0011771907428394918
мобильный 0 0
моисей 2,995732273553991 0,012252483736417142
мой 0 0
молодой 2,5257286443082556 0,0006456361565205153
море 1,1394342831883648 0,001456332161539321
морской 1,6607312068216509 0,0008490445842646478
моча 0,16251892949777494 8,30873872688011E-05
мочь 0,8209805520698303 0,001049310521561644
моше 3,912023005428146 0,0010000058807331663
мудрый 3,912023005428146 0,0020000117614663326
муж 3,2188758248682006 0,0057597471303878845
мужеский 4,605170185988092 0,005885953714197459
мужчина 2,995732273553991 0,0007657802335260714
музей 1,3093333199837622 0,0006693933128751341
мукаддас 4,605170185988092 0,0011771907428394918
мусульманин 2,659260036932778 0,0006797699480912009
мыслитель 3,912023005428146 0,0010000058807331663
н 1,4696759700589417 0,0018784202071305493
наассон 4,605170185988092 0,005885953714197459
наблюдать 3,506557897319982 0,0008963593807055169
навигация 0 0
навина 4,605170185988092 0,0023543814856789836
надзиратель 4,605170185988092 0,0011771907428394918
надлежать 3,912023005428146 0,0010000058807331663
надломить 4,605170185988092 0,0011771907428394918
надобно 4,605170185988092 0,0023543814856789836
нажать 0 0
название 0 0
назвать 1,9661128563728327 0,0025129254299243774
называть 1,6607312068216509 0,0004245222921323239
называться 1,9661128563728327 0,001005170171969751
найти 0 0
напечатать 4,605170185988092 0,0011771907428394918
написание 1,9661128563728327 0,0005025850859848755
написать 0,9942522733438669 0,000508308933202386
наполниться 4,605170185988092 0,0011771907428394918
наполнять 3,2188758248682006 0,0016456420372536814
например 1,9661128563728327 0,0005025850859848755
наречесть 4,605170185988092 0,0011771907428394918
наречь 3,506557897319982 0,0008963593807055169
народ 1,4271163556401458 0,0032832431494788632
нарька 4,605170185988092 0,0011771907428394918
наряд 3,2188758248682006 0,0008228210186268407
население 0,5108256237659907 0,000261158294358891
наследие 1,5606477482646683 0,0003989385859572261
настоящий 1,6094379124341003 0,00041141050931342034
насчитываться 4,605170185988092 0,0011771907428394918
наука 0,05129329438755048 2,6223565637807E-05
научный 1,6094379124341003 0,00041141050931342034
нафанаить 4,605170185988092 0,0023543814856789836
находиться 0 0
национальный 0,7550225842780328 0,00019300168309765666
начало 1,2039728043259361 0,001231056037143084
начальник 2,995732273553991 0,0038289011676303567
начать 0,38566248081198473 0,0014787671810275488
начинать 0,1508228897345837 7,710781683772174E-05
наш 2,5257286443082556 0,0038738169391230913
небесный 2,995732273553991 0,006126241868208571
небо 2,207274913189721 0,004513854628199839
недоставать 1,07880966137193 0,0002757693408414954
неевропейский 4,605170185988092 0,0011771907428394918
нежели 3,506557897319982 0,0017927187614110338
нейтральный 4,605170185988092 0,0011771907428394918
некоммерческий 0 0
некоторые 1,8325814637483102 0,0004684512944141898
немецкий 0,5108256237659907 0,0001305791471794455
ненавидеть 4,605170185988092 0,0011771907428394918
ненависть 3,912023005428146 0,0010000058807331663
неприятель 4,605170185988092 0,0011771907428394918
неффалим 4,605170185988092 0,005885953714197459
неффалимовый 4,605170185988092 0,0011771907428394918
низкий 2,8134107167600364 0,0007191745185991914
никто 3,506557897319982 0,0008963593807055169
новорожденный 4,605170185988092 0,0011771907428394918
новый 0 0
нога 2,8134107167600364 0,0014383490371983828
ной 3,506557897319982 0,0017927187614110338
номинировать 4,605170185988092 0,0023543814856789836
носить 1,6094379124341003 0,0016456420372536814
носиться 4,605170185988092 0,0035315722285184756
ночь 3,2188758248682006 0,004114105093134203
ноябрь 0 0
нтза 4,605170185988092 0,0023543814856789836
нын 1,8971199848858813 0,0009698977427841929
о 4,605170185988092 0,0011771907428394918
обеспечение 3,2188758248682006 0,0016456420372536814
обетованный 4,605170185988092 0,0011771907428394918
обещать 4,605170185988092 0,0011771907428394918
обладать 2,407945608651872 0,0006155280185715419
облако 3,506557897319982 0,0008963593807055169
обозреть 4,605170185988092 0,0011771907428394918
образ 1,7147984280919266 0,0017533726258608657
обратить 3,506557897319982 0,0008963593807055169
обратиться 3,506557897319982 0,0017927187614110338
обручение 4,605170185988092 0,0011771907428394918
обсуждение 0 0
общепринятый 4,605170185988092 0,0011771907428394918
общество 0,07257069283483537 0,00018550790601951783
общий 1,3470736479666094 0,0013773759181662675
объединение 2,207274913189721 0,006206550113774779
объявить 2,207274913189721 0,0011284636570499597
обязательный 0 0
овид 4,605170185988092 0,0035315722285184756
овладеть 4,605170185988092 0,0011771907428394918
овца 3,912023005428146 0,0010000058807331663
ог 4,605170185988092 0,0011771907428394918
огласить 4,605170185988092 0,0011771907428394918
оговариваться 4,605170185988092 0,0011771907428394918
огонь 2,302585092994046 0,0035315722285184756
один 0,843970070294529 0,001725910164201491
одиннадцатый 3,912023005428146 0,0010000058807331663
одиннадцать 4,605170185988092 0,0011771907428394918
озия 4,605170185988092 0,0035315722285184756
оказаться 2,407945608651872 0,0006155280185715419
окружать 3,2188758248682006 0,0008228210186268407
октябрь 0 0
он 3,506557897319982 0,0017927187614110338
опасаться 4,605170185988092 0,0011771907428394918
описание 0 0
ополчение 4,605170185988092 0,0023543814856789836
опорочить 4,605170185988092 0,0011771907428394918
опрос 3,2188758248682006 0,0008228210186268407
организация 0 0
ориентироваться 3,912023005428146 0,0010000058807331663
оружие 2,0402208285265546 0,0005215288416478924
освещение 3,506557897319982 0,0008963593807055169
освободитель 4,605170185988092 0,0011771907428394918
основатель 1,9661128563728327 0,0005025850859848755
основной 0 0
основоположник 2,407945608651872 0,0006155280185715419
особенность 2,8134107167600364 0,0007191745185991914
оставить 2,302585092994046 0,0005885953714197459
оставлять 1,7719568419318754 0,0013588626088434628
остановиться 3,912023005428146 0,0020000117614663326
ответственность 0 0
отвечать 4,605170185988092 0,0023543814856789836
отдать 3,506557897319982 0,0017927187614110338
отделение 3,506557897319982 0,0008963593807055169
отделить 4,605170185988092 0,0035315722285184756
отдельный 0 0
отделять 3,506557897319982 0,0026890781421165504
отец 1,7719568419318754 0,0027177252176869256
отказ 0 0
откровение 3,506557897319982 0,004481796903527584
открытие 2,5257286443082556 0,0006456361565205153
отметить 2,659260036932778 0,0006797699480912009
отнять 4,605170185988092 0,0011771907428394918
отобрать 3,912023005428146 0,0010000058807331663
отпечатать 4,605170185988092 0,0011771907428394918
отправиться 2,995732273553991 0,002297340700578214
отпустить 3,912023005428146 0,0010000058807331663
отсутствовать 0,05129329438755048 0,0006949244894018853
охрана 2,995732273553991 0,0007657802335260714
оценивание 0,1508228897345837 0,00011566172525658259
оценка 2,302585092994046 0,0005885953714197459
очищение 4,605170185988092 0,0023543814856789836
ошайти 4,605170185988092 0,0023543814856789836
пагиил 4,605170185988092 0,0023543814856789836
педацур 4,605170185988092 0,0011771907428394918
пепел 3,506557897319982 0,0008963593807055169
первенец 4,605170185988092 0,0023543814856789836
первый 0 0
перевести 1,7719568419318754 0,00045295420294782097
перевод 1,7147984280919266 0,0035067452517217315
переводчик 4,605170185988092 0,0035315722285184756
перейти 0 0
перенос 4,605170185988092 0,0011771907428394918
переносить 3,912023005428146 0,0010000058807331663
перепись 3,2188758248682006 0,0008228210186268407
переселение 3,912023005428146 0,004000023522932665
перехитрить 4,605170185988092 0,0011771907428394918
пернатый 4,605170185988092 0,0011771907428394918
перо 3,2188758248682006 0,0008228210186268407
персонаж 2,5257286443082556 0,007747633878246183
персоналия 0,07257069283483537 5,565237180585535E-05
печать 0 0
писание 3,506557897319982 0,0035854375228220677
писатель 2,207274913189721 0,0005642318285249799
пиф 4,605170185988092 0,0023543814856789836
пищать 4,605170185988092 0,0023543814856789836
плакать 3,912023005428146 0,0010000058807331663
планета 2,659260036932778 0,0006797699480912009
племя 2,5257286443082556 0,008393270034766698
плод 3,912023005428146 0,004000023522932665
плодиться 4,605170185988092 0,0023543814856789836
плодовитый 4,605170185988092 0,0023543814856789836
пн 0,127833371509885 0,00035944966426603657
повеление 3,912023005428146 0,004000023522932665
повелеть 4,605170185988092 0,008240335199876443
повествование 3,912023005428146 0,0010000058807331663
повивальный 4,605170185988092 0,009417525942715934
повивать 4,605170185988092 0,0011771907428394918
повиноваться 4,605170185988092 0,0011771907428394918
поголовный 4,605170185988092 0,004708762971357967
подле 4,605170185988092 0,0011771907428394918
поднимать 4,605170185988092 0,0011771907428394918
подобие 4,605170185988092 0,0035315722285184756
подослать 4,605170185988092 0,0011771907428394918
подробный 0 0
пожаловать 1,7719568419318754 0,00045295420294782097
поименно 4,605170185988092 0,0011771907428394918
поиск 0 0
пойти 3,912023005428146 0,004000023522932665
поклясться 4,605170185988092 0,0011771907428394918
поколение 2,995732273553991 0,0007657802335260714
покропить 4,605170185988092 0,0023543814856789836
пола 3,912023005428146 0,005000029403665831
полевой 4,605170185988092 0,0011771907428394918
полететь 4,605170185988092 0,0011771907428394918
политик 0 0
полно 4,605170185988092 0,0011771907428394918
полность 2,407945608651872 0,0012310560371430839
полный 1,6094379124341003 0,0008228210186268407
половина 2,207274913189721 0,0011284636570499597
положить 2,995732273553991 0,0007657802335260714
получить 0 0
польский 1,2729656758128876 0,00032540022387855
помочь 0,127833371509885 0,0001307089688240133
помощь 0,127833371509885 6,535448441200665E-05
помыслить 4,605170185988092 0,0011771907428394918
понравиться 3,912023005428146 0,0010000058807331663
понятие 2,995732273553991 0,002297340700578214
поражать 4,605170185988092 0,0011771907428394918
поразить 4,605170185988092 0,0011771907428394918
порок 3,912023005428146 0,0020000117614663326
портал 0 0
португальский 0,49429632181478017 0,00012635386549457572
поручить 4,605170185988092 0,0011771907428394918
посвятить 2,8134107167600364 0,0007191745185991914
послание 3,506557897319982 0,0008963593807055169
послать 4,605170185988092 0,0023543814856789836
последний 0 0
последующий 2,8134107167600364 0,0007191745185991914
послушать 4,605170185988092 0,0011771907428394918
посмотреть 0 0
поставить 2,302585092994046 0,0017657861142592378
посторонний 3,912023005428146 0,0010000058807331663
построить 1,4696759700589417 0,0003756840414261099
поступить 3,2188758248682006 0,0008228210186268407
постфикс 4,605170185988092 0,0035315722285184756
потомство 3,506557897319982 0,0008963593807055169
почитаться 3,912023005428146 0,0010000058807331663
праведный 3,912023005428146 0,0010000058807331663
править 0 0
правка 0 0
пред 4,605170185988092 0,008240335199876443
преданный 4,605170185988092 0,0011771907428394918
предлагать 0 0
предназначить 3,2188758248682006 0,0008228210186268407
представлять 1,6607312068216509 0,0004245222921323239
прежде 2,659260036932778 0,0013595398961824018
препоясаться 4,605170185988092 0,0011771907428394918
преследовать 4,605170185988092 0,0011771907428394918
пресмыкаться 3,912023005428146 0,006000035284398997
привести 2,5257286443082556 0,0006456361565205153
придеть 4,605170185988092 0,0011771907428394918
придти 3,2188758248682006 0,0016456420372536814
призвать 3,2188758248682006 0,0008228210186268407
приимета 3,912023005428146 0,0010000058807331663
примерно 2,407945608651872 0,0006155280185715419
примечание 3,912023005428146 0,0020000117614663326
принадлежность 3,506557897319982 0,0017927187614110338
принести 3,912023005428146 0,009000052926598496
приносить 3,506557897319982 0,0035854375228220677
принуждать 4,605170185988092 0,0023543814856789836
принять 1,3862943611198906 0,001063109172637953
приобрести 4,605170185988092 0,0023543814856789836
приступить 3,912023005428146 0,0010000058807331663
пришелец 3,912023005428146 0,0010000058807331663
пришествие 3,506557897319982 0,0008963593807055169
приятный 4,605170185988092 0,0035315722285184756
проблема 2,407945608651872 0,0012310560371430839
пробыть 3,506557897319982 0,0008963593807055169
прогневаться 4,605170185988092 0,0011771907428394918
программный 4,605170185988092 0,0023543814856789836
проект 0 0
произвести 3,912023005428146 0,004000023522932665
произойти 2,302585092994046 0,0011771907428394918
произрастить 4,605170185988092 0,0011771907428394918
пройти 2,207274913189721 0,0005642318285249799
пророк 2,995732273553991 0,002297340700578214
пророчество 3,506557897319982 0,0017927187614110338
протяжение 2,302585092994046 0,0005885953714197459
проходить 1,5141277326297755 0,0007740939328373086
прочий 3,2188758248682006 0,0008228210186268407
прямо 3,2188758248682006 0,0008228210186268407
птица 2,659260036932778 0,005438159584729607
пустой 4,605170185988092 0,004708762971357967
пустыня 2,407945608651872 0,0049242241485723355
пусть 3,912023005428146 0,009000052926598496
путем 4,605170185988092 0,0011771907428394918
путь 2,120263536200091 0,0021679586259714632
пчела 4,605170185988092 0,0011771907428394918
пытаться 3,506557897319982 0,0008963593807055169
пьета 4,605170185988092 0,0023543814856789836
пятидесятиначальник 4,605170185988092 0,0011771907428394918
пятикнижие 4,605170185988092 0,004708762971357967
пятьдесят 3,912023005428146 0,006000035284398997
пятьсот 4,605170185988092 0,004708762971357967
раамсес 4,605170185988092 0,0023543814856789836
рабба 4,605170185988092 0,0023543814856789836
работа 0,9942522733438669 0,0015249267996071578
равнина 2,995732273553991 0,0015315604670521428
разгневаться 4,605170185988092 0,0011771907428394918
раздел 0,9675840262617057 0,001236687150129992
различать 3,912023005428146 0,0010000058807331663
разложить 4,605170185988092 0,0035315722285184756
размножаться 4,605170185988092 0,004708762971357967
размножить 4,605170185988092 0,0011771907428394918
разработчик 0 0
разрушение 3,506557897319982 0,0008963593807055169
разумный 4,605170185988092 0,0011771907428394918
рамка 1,8971199848858813 0,00048494887139209647
расплодиться 4,605170185988092 0,0011771907428394918
расположить 0,9162907318741551 0,0002342256472070949
распространенность 4,605170185988092 0,0011771907428394918
распря 4,605170185988092 0,0011771907428394918
рассеча 4,605170185988092 0,0011771907428394918
рассечь 4,605170185988092 0,0011771907428394918
расслабить 4,605170185988092 0,0011771907428394918
расстояние 2,8134107167600364 0,0007191745185991914
растение 2,8134107167600364 0,0014383490371983828
ратный 4,605170185988092 0,0011771907428394918
рахав 4,605170185988092 0,0011771907428394918
ребёнок 2,120263536200091 0,0016259689694785974
регуил 4,605170185988092 0,0011771907428394918
река 1,1086626245216111 0,0008502013991730147
рекомендовать 3,506557897319982 0,0008963593807055169
реконструкция 3,506557897319982 0,0017927187614110338
религиозный 2,120263536200091 0,0010839793129857316
религия 0,083381608939051 0,0001918288549211296
речить 4,605170185988092 0,0011771907428394918
решиться 4,605170185988092 0,0011771907428394918
ровоа 4,605170185988092 0,0023543814856789836
ровоама 4,605170185988092 0,0011771907428394918
род 2,302585092994046 0,018246456514012122
родить 3,506557897319982 0,038543453370337225
родиться 0,8915981192837835 0,0009116545186950753
родной 2,407945608651872 0,0006155280185715419
родословие 4,605170185988092 0,0035315722285184756
родственный 0,21072103131565253 5,3865294303592164E-05
родя 4,605170185988092 0,0011771907428394918
рождать 4,605170185988092 0,0011771907428394918
рождество 3,912023005428146 0,0010000058807331663
роптать 4,605170185988092 0,0011771907428394918
рувим 4,605170185988092 0,005885953714197459
рувимовый 4,605170185988092 0,0011771907428394918
рука 2,407945608651872 0,0018465840557146257
рукопись 3,912023005428146 0,004000023522932665
русский 0 0
руфь 4,605170185988092 0,0011771907428394918
рыба 2,5257286443082556 0,0019369084695615457
с 3,912023005428146 0,0020000117614663326
савский 3,912023005428146 0,0020000117614663326
садок 4,605170185988092 0,0035315722285184756
салафииль 4,605170185988092 0,0035315722285184756
салмон 4,605170185988092 0,0035315722285184756
самый 0,5447271754416719 0,0001392451879963374
сатана 4,605170185988092 0,004708762971357967
сбыться 4,605170185988092 0,0011771907428394918
сведение 0 0
свежий 0 0
свернуть 4,605170185988092 0,0011771907428394918
света 2,0402208285265546 0,005736817258126815
светило 3,912023005428146 0,004000023522932665
светильник 4,605170185988092 0,0023543814856789836
светить 4,605170185988092 0,0023543814856789836
свободный 0 0
своесть 3,912023005428146 0,0030000176421994987
свой 1,4696759700589417 0,0033811563728349888
связать 0 0
святаго 4,605170185988092 0,0023543814856789836
святой 1,4696759700589417 0,002629788289982769
священник 2,8134107167600364 0,007191745185991913
священный 2,659260036932778 0,0027190797923648037
сделать 2,120263536200091 0,003251937938957195
северный 1,1086626245216111 0,0002834004663910049
сегодняшний 3,2188758248682006 0,0008228210186268407
сеир 4,605170185988092 0,0011771907428394918
сеира 4,605170185988092 0,0035315722285184756
сей 2,995732273553991 0,004594681401156428
семейство 2,995732273553991 0,01148670350289107
семисвечник 4,605170185988092 0,0011771907428394918
семиствольный 4,605170185988092 0,0011771907428394918
семьдесят 4,605170185988092 0,0023543814856789836
семьсот 4,605170185988092 0,0011771907428394918
семя 3,506557897319982 0,005378156284233101
сентябрь 0 0
септуагинт 4,605170185988092 0,0035315722285184756
сердце 2,8134107167600364 0,0007191745185991914
сеять 4,605170185988092 0,004708762971357967
сжечь 4,605170185988092 0,004708762971357967
сжигать 2,995732273553991 0,0007657802335260714
сигон 4,605170185988092 0,0011771907428394918
сиддхартх 4,605170185988092 0,0011771907428394918
сие 4,605170185988092 0,005885953714197459
сильный 2,407945608651872 0,0006155280185715419
символ 0,9416085398584451 0,00024069747951391748
симеон 3,506557897319982 0,004481796903527584
симеоновый 4,605170185988092 0,0011771907428394918
синайский 4,605170185988092 0,0023543814856789836
синодальный 4,605170185988092 0,0023543814856789836
синтоизм 3,506557897319982 0,0026890781421165504
система 0 0
сказать 3,912023005428146 0,007000041165132163
скиния 3,912023005428146 0,017000099972463826
скитание 4,605170185988092 0,0011771907428394918
скот 3,2188758248682006 0,004936926111761044
скотома 3,912023005428146 0,0020000117614663326
скрыть 2,8134107167600364 0,0007191745185991914
следовать 1,4271163556401458 0,0010944143831596212
слово 1,5606477482646683 0,00199469292978613
словом 3,912023005428146 0,0010000058807331663
служить 2,0402208285265546 0,0005215288416478924
случай 0 0
случайный 0 0
случиться 4,605170185988092 0,0011771907428394918
смерть 1,8325814637483102 0,0004684512944141898
смотреть 0 0
снять 2,302585092994046 0,0005885953714197459
собереться 4,605170185988092 0,0011771907428394918
собрание 1,9661128563728327 0,0045232657738638795
собрать 2,995732273553991 0,0007657802335260714
собраться 3,912023005428146 0,0010000058807331663
собственный 1,8325814637483102 0,0009369025888283796
событие 0 0
согласно 1,8971199848858813 0,0009698977427841929
соглашение 2,5257286443082556 0,0058107254086846374
согрешить 4,605170185988092 0,0011771907428394918
содержание 0,1392620673335076 3,559868796868804E-05
соединиться 3,912023005428146 0,0010000058807331663
создание 0,8675005677047231 0,0002217537238509006
создать 0 0
сокращение 2,302585092994046 0,0011771907428394918
солнце 2,8134107167600364 0,0007191745185991914
соломон 4,605170185988092 0,0023543814856789836
соломона 4,605170185988092 0,0011771907428394918
сон 2,995732273553991 0,0015315604670521428
сообщество 0 0
сорок 3,506557897319982 0,0035854375228220677
сороковой 4,605170185988092 0,0011771907428394918
сосед 3,912023005428146 0,0010000058807331663
сослаться 4,605170185988092 0,0011771907428394918
составлять 1,6094379124341003 0,00041141050931342034
состоять 1,7719568419318754 0,0009059084058956419
сотворить 4,605170185988092 0,009417525942715934
сохранение 0 0
сохраниться 2,120263536200091 0,0005419896564928658
сочетаться 3,912023005428146 0,0010000058807331663
спасти 3,2188758248682006 0,0008228210186268407
список 0 0
сплотить 4,605170185988092 0,0011771907428394918
спорт 0,083381608939051 4,262863442691769E-05
справедливый 4,605170185988092 0,0011771907428394918
сражаться 2,8134107167600364 0,0014383490371983828
сразиться 4,605170185988092 0,0011771907428394918
среди 1,4696759700589417 0,0003756840414261099
ссылаться 0 0
ссылка 0 0
ставить 2,407945608651872 0,0018465840557146257
стан 3,506557897319982 0,0026890781421165504
стандарт 2,8134107167600364 0,0007191745185991914
становиться 2,5257286443082556 0,0006456361565205153
старый 2,207274913189721 0,0011284636570499597
статистик 0 0
стать 0,4620354595965586 0,001299179462055763
статья 0 0
стен 2,207274913189721 0,0005642318285249799
стих 2,995732273553991 0,0007657802335260714
стоначальник 4,605170185988092 0,0011771907428394918
сторона 1,7719568419318754 0,0018118168117912839
стоять 3,2188758248682006 0,0008228210186268407
страж 3,912023005428146 0,0010000058807331663
страна 0,43078291609245434 0,00022023666466894394
страница 0 0
страшиться 4,605170185988092 0,0011771907428394918
страшный 2,995732273553991 0,0007657802335260714
структура 2,995732273553991 0,0015315604670521428
суд 2,8134107167600364 0,0014383490371983828
судить 3,506557897319982 0,0008963593807055169
судья 2,995732273553991 0,0007657802335260714
суток 3,2188758248682006 0,0016456420372536814
суфа 4,605170185988092 0,0011771907428394918
суша 3,506557897319982 0,0017927187614110338
сушить 3,912023005428146 0,0010000058807331663
существовать 1,4271163556401458 0,00036480479438654037
счисление 4,605170185988092 0,0011771907428394918
сын 1,6607312068216509 0,02632038211220408
сюд 0 0
сюжет 3,506557897319982 0,007170875045644135
тайнопись 4,605170185988092 0,004708762971357967
тайный 2,659260036932778 0,0006797699480912009
такой 1,7147984280919266 0,00043834315646521644
тамара 3,506557897319982 0,0017927187614110338
тан 4,605170185988092 0,008240335199876443
танах 4,605170185988092 0,0011771907428394918
твердь 4,605170185988092 0,010594716685555427
твой 3,912023005428146 0,0020000117614663326
текст 0 0
текстология 4,605170185988092 0,0023543814856789836
тельце 4,605170185988092 0,0011771907428394918
тема 0,7550225842780328 0,00019300168309765666
термин 2,0402208285265546 0,0015645865249436768
территория 0,8675005677047231 0,0002217537238509006
техника 0,06187540371808745 3,16336419826623E-05
течь 0 0
тираж 3,2188758248682006 0,0008228210186268407
ткань 3,912023005428146 0,0010000058807331663
толкование 3,912023005428146 0,0020000117614663326
толкователь 4,605170185988092 0,0023543814856789836
топография 4,605170185988092 0,0011771907428394918
тор 3,912023005428146 0,0020000117614663326
торговка 4,605170185988092 0,0011771907428394918
тот 2,995732273553991 0,0007657802335260714
тофел 4,605170185988092 0,0011771907428394918
точный 2,8134107167600364 0,0014383490371983828
трава 2,8134107167600364 0,002157523555797574
травный 4,605170185988092 0,0011771907428394918
традиция 1,8971199848858813 0,00048494887139209647
тридцать 3,912023005428146 0,0020000117614663326
триста 4,605170185988092 0,0011771907428394918
труд 2,120263536200091 0,0005419896564928658
трудный 3,912023005428146 0,0010000058807331663
тук 4,605170185988092 0,0035315722285184756
тысяча 2,8134107167600364 0,005753396148793531
тысяченачальник 4,605170185988092 0,0011771907428394918
тьма 3,912023005428146 0,006000035284398997
тягость 4,605170185988092 0,0011771907428394918
тяжкий 4,605170185988092 0,0023543814856789836
убиение 4,605170185988092 0,0011771907428394918
увидеть 2,659260036932778 0,006797699480912009
ужасаться 4,605170185988092 0,0011771907428394918
указание 3,912023005428146 0,0020000117614663326
указатель 0 0
указывать 3,506557897319982 0,0017927187614110338
укрепление 2,8134107167600364 0,0007191745185991914
уменьшительный 3,912023005428146 0,0010000058807331663
умер 2,659260036932778 0,0013595398961824018
умерщвлять 4,605170185988092 0,0011771907428394918
умножаться 4,605170185988092 0,0023543814856789836
умножить 4,605170185988092 0,0011771907428394918
умолчание 4,605170185988092 0,0011771907428394918
унциальный 4,605170185988092 0,0023543814856789836
упомянуть 3,912023005428146 0,0010000058807331663
упорство 3,912023005428146 0,0010000058807331663
управление 2,302585092994046 0,0011771907428394918
управлять 3,506557897319982 0,0008963593807055169
урия 4,605170185988092 0,0011771907428394918
усиливаться 4,605170185988092 0,0011771907428394918
усилиться 4,605170185988092 0,0011771907428394918
условие 0 0
услышать 4,605170185988092 0,0023543814856789836
устранение 4,605170185988092 0,0023543814856789836
устроять 4,605170185988092 0,0011771907428394918
утвердить 3,2188758248682006 0,0008228210186268407
утро 4,605170185988092 0,007063144457036951
участие 0 0
участник 0 0
участница 1,7147984280919266 0,005260117877582597
факт 2,302585092994046 0,0005885953714197459
фамари 4,605170185988092 0,0011771907428394918
фамарь 4,605170185988092 0,0035315722285184756
фаран 4,605170185988092 0,0011771907428394918
фараон 3,912023005428146 0,0030000176421994987
фарес 4,605170185988092 0,0035315722285184756
февраль 0 0
философия 0,09431067947124142 4,821609379920318E-05
флорентийский 3,506557897319982 0,0017927187614110338
форма 1,6607312068216509 0,0004245222921323239
формат 4,605170185988092 0,0023543814856789836
форум 0 0
французский 0,23572233352106994 6,0256220225222383E-05
фуа 4,605170185988092 0,0023543814856789836
хавер 4,605170185988092 0,0023543814856789836
хаим 3,912023005428146 0,0020000117614663326
халевый 4,605170185988092 0,0023543814856789836
ханаанский 4,605170185988092 0,0011771907428394918
хелон 4,605170185988092 0,0011771907428394918
хорёв 4,605170185988092 0,0023543814856789836
хорив 4,605170185988092 0,0011771907428394918
хорма 4,605170185988092 0,0011771907428394918
хорош 4,605170185988092 0,0011771907428394918
хороший 0,7985076962177716 0,0008164700370324864
хорошить 4,605170185988092 0,0011771907428394918
хотел 3,912023005428146 0,0010000058807331663
хотеть 2,302585092994046 0,0005885953714197459
храм 1,2729656758128876 0,0052064035820568
христианин 2,8134107167600364 0,0014383490371983828
христианский 2,659260036932778 0,0033988497404560045
христианство 2,120263536200091 0,004877906908435792
христос 2,659260036932778 0,004758389636638406
хронология 3,506557897319982 0,0035854375228220677
царица 3,2188758248682006 0,0016456420372536814
царь 2,120263536200091 0,005419896564928658
целик 3,912023005428146 0,0010000058807331663
цзэдун 4,605170185988092 0,0023543814856789836
цитата 1,4271163556401458 0,0007296095887730807
цитатник 4,605170185988092 0,0011771907428394918
цуар 4,605170185988092 0,0011771907428394918
цуришаддая 4,605170185988092 0,0011771907428394918
ча 3,912023005428146 0,0010000058807331663
частичный 2,659260036932778 0,0013595398961824018
часть 0,5978370007556204 0,0013753918729040348
человек 1,1394342831883648 0,002621397890770778
человеческий 2,407945608651872 0,0006155280185715419
чермный 4,605170185988092 0,0011771907428394918
четыре 3,2188758248682006 0,0016456420372536814
четыреста 4,605170185988092 0,004708762971357967
чешский 1,3862943611198906 0,000354369724212651
число 1,3470736479666094 0,0058538476522066365
читать 0 0
чрево 3,912023005428146 0,0020000117614663326
чрезвычайный 4,605170185988092 0,0011771907428394918
чресла 4,605170185988092 0,0011771907428394918
шаблон 0 0
шакьямунь 3,912023005428146 0,0010000058807331663
шалый 3,912023005428146 0,0020000117614663326
шатёр 4,605170185988092 0,0011771907428394918
шедеур 4,605170185988092 0,0011771907428394918
шел 4,605170185988092 0,0011771907428394918
шелумиил 4,605170185988092 0,0023543814856789836
шестьдесят 4,605170185988092 0,0011771907428394918
шестьсот 4,605170185988092 0,0035315722285184756
шифр 4,605170185988092 0,0023543814856789836
э 2,0402208285265546 0,0026076442082394614
экземпляр 2,8134107167600364 0,0007191745185991914
элеазар 3,912023005428146 0,0020000117614663326
элемент 0,19845093872383823 0,00010145753513488663
элифаз 3,912023005428146 0,0020000117614663326
эмблема 3,912023005428146 0,0010000058807331663
энциклопедия 0 0
эпопея 4,605170185988092 0,0011771907428394918
эра 3,506557897319982 0,0008963593807055169
южный 1,171182981502945 0,00029938215273592666
яак 3,912023005428146 0,0020000117614663326
явиться 3,506557897319982 0,0026890781421165504
являться 0,3424903089467759 0,0003501945899251288
язык 0 0
