август 0 0
аккрингтон 4,605170185988092 0,003062966535409439
алана 4,605170185988092 0,003062966535409439
алекса 4,605170185988092 0,0015314832677047194
александра 2,407945608651872 0,00160156009887055
алфавит 0 0
альбион 4,605170185988092 0,012251866141637755
американский 1,4271163556401458 0,0004745980564150801
англ 1,0498221244986776 0,0020947564838683292
английский 0,37106368139083196 0,010488996647230034
англия 2,120263536200091 0,07615179977040566
анри 3,912023005428146 0,0026019441339728273
апелляция 4,605170185988092 0,0015314832677047194
апрель 0 0
аргайл 4,605170185988092 0,003062966535409439
арсенал 4,605170185988092 0,004594449803114159
архив 0,3011050927839216 0,00020026943317853115
архивировать 4,605170185988092 0,0015314832677047194
арьена 4,605170185988092 0,003062966535409439
ассоциация 2,8134107167600364 0,00654934320496184
астон 4,605170185988092 0,007657416338523598
атлетика 4,605170185988092 0,009188899606228318
афла 4,605170185988092 0,0015314832677047194
бавария 4,605170185988092 0,0015314832677047194
банкротство 4,605170185988092 0,0015314832677047194
баркинг 4,605170185988092 0,003062966535409439
барнетта 4,605170185988092 0,003062966535409439
барнсля 4,605170185988092 0,003062966535409439
баррой 3,912023005428146 0,0026019441339728273
бенфик 4,605170185988092 0,0015314832677047194
берноль 4,605170185988092 0,004594449803114159
бертон 4,605170185988092 0,003062966535409439
бест 4,605170185988092 0,003062966535409439
бирмингем 3,506557897319982 0,0023322633171399946
блэкберн 4,605170185988092 0,003062966535409439
блэкпула 3,912023005428146 0,0026019441339728273
бобби 3,912023005428146 0,0026019441339728273
болтон 3,506557897319982 0,0023322633171399946
большой 1,1086626245216111 0,0007373878447100838
бонетть 4,605170185988092 0,003062966535409439
борнмут 3,912023005428146 0,0026019441339728273
брайтон 3,912023005428146 0,003902916200959241
брентфорд 4,605170185988092 0,003062966535409439
бристоль 3,912023005428146 0,007805832401918482
бромвич 4,605170185988092 0,004594449803114159
брэдфорд 3,912023005428146 0,0026019441339728273
бюро 3,2188758248682006 0,0010704608662681079
ваза 4,605170185988092 0,0015314832677047194
варианта 2,407945608651872 0,000800780049435275
введение 1,3470736479666094 0,00044797926437200176
вейла 4,605170185988092 0,003062966535409439
век 0,5108256237659907 0,00016987882399933178
великобритания 1,6607312068216509 0,0011045767920330235
версия 0 0
весила 4,605170185988092 0,0015314832677047194
вест 3,506557897319982 0,009329053268559978
вид 1,0498221244986776 0,0003491260806447215
википедия 0 0
вилл 4,605170185988092 0,007657416338523598
вклад 0 0
владелец 3,2188758248682006 0,0010704608662681079
вмещать 4,605170185988092 0,0015314832677047194
вновь 2,8134107167600364 0,0009356204578516914
возник 3,506557897319982 0,0011661316585699973
возникнуть 2,5257286443082556 0,0008399496655498023
встреча 2,995732273553991 0,004981264172853327
встречаться 2,659260036932778 0,0008843565137787755
второй 1,2378743560016172 0,000411664235451153
вулверхэмптон 4,605170185988092 0,004594449803114159
выбывание 4,605170185988092 0,012251866141637755
выбывать 4,605170185988092 0,0015314832677047194
выезд 4,605170185988092 0,004594449803114159
выездной 4,605170185988092 0,0015314832677047194
выиграть 3,2188758248682006 0,006422765197608648
вынудить 2,302585092994046 0,0007657416338523597
выступать 2,302585092994046 0,0007657416338523597
выход 1,8325814637483102 0,003047192324157483
вьетнамский 1,6094379124341003 0,0005352304331340539
гарри 2,995732273553991 0,0019925056691413308
география 0,083381608939051 5,5458336507516456E-05
герберт 3,506557897319982 0,0023322633171399946
германий 2,207274913189721 0,0014680910629795284
главное 1,7147984280919266 0,005702688487169693
главный 1,9661128563728327 0,0013076906261209396
год 0,6348782724359695 0,00021113344610441286
гранвилла 4,605170185988092 0,003062966535409439
гримсби 4,605170185988092 0,003062966535409439
грин 3,506557897319982 0,0023322633171399946
группа 1,4696759700589417 0,0004887515696903697
групповой 3,912023005428146 0,0026019441339728273
данный 0,1508228897345837 5,015726296461047E-05
два 0 0
дейвис 4,605170185988092 0,003062966535409439
декабрь 0 0
дерби 3,912023005428146 0,005203888267945655
деян 4,605170185988092 0,003062966535409439
джеймс 2,5257286443082556 0,0016798993310996047
джек 3,2188758248682006 0,0021409217325362158
джефф 4,605170185988092 0,003062966535409439
джиллингем 4,605170185988092 0,003062966535409439
джон 2,302585092994046 0,004594449803114159
джонни 4,605170185988092 0,003062966535409439
джордж 2,407945608651872 0,00160156009887055
динамо 3,2188758248682006 0,0021409217325362158
документальный 2,8134107167600364 0,0009356204578516914
домашний 2,302585092994046 0,0007657416338523597
донкастер 4,605170185988092 0,003062966535409439
донс 4,605170185988092 0,003062966535409439
евро 3,506557897319982 0,0011661316585699973
еврокубка 3,912023005428146 0,005203888267945655
европа 0,8915981192837835 0,0032615827443038307
европейский 1,1086626245216111 0,001106081767065126
женский 2,302585092994046 0,0015314832677047194
жизнь 1,5606477482646683 0,0005190049046440532
журнал 0 0
забить 3,912023005428146 0,015611664803836965
завершение 3,506557897319982 0,0023322633171399946
зал 3,2188758248682006 0,0021409217325362158
заниматься 0 0
запрос 0,1165338162559516 7,750835800196315E-05
зародиться 3,506557897319982 0,0011661316585699973
защитник 3,2188758248682006 0,0010704608662681079
знаете 0,06187540371808745 4,11542425793731E-05
знак 0 0
значение 1,9661128563728327 0,0006538453130604698
зритель 3,506557897319982 0,0011661316585699973
ивано 4,605170185988092 0,003062966535409439
игра 1,5606477482646683 0,00467104414179648
играть 2,120263536200091 0,0007051092571333858
игрок 2,407945608651872 0,00800780049435275
избранный 0,083381608939051 0,00011091667301503291
избрать 0 0
известно 3,2188758248682006 0,0010704608662681079
изменение 0 0
изменить 2,5257286443082556 0,0008399496655498023
изображение 0,06187540371808745 6,173136386905965E-05
илий 3,912023005428146 0,0026019441339728273
ипсвич 4,605170185988092 0,003062966535409439
искать 0 0
искусство 0,083381608939051 5,5458336507516456E-05
использование 0 0
использоваться 1,4696759700589417 0,0004887515696903697
история 0 0
источник 0 0
июнь 0 0
йоркшир 4,605170185988092 0,0015314832677047194
капитан 2,8134107167600364 0,0028068613735550744
кардифф 3,912023005428146 0,0026019441339728273
карлайл 3,506557897319982 0,0023322633171399946
карьер 2,407945608651872 0,000800780049435275
категория 0 0
каунти 4,605170185988092 0,006125933070818878
качество 1,5606477482646683 0,0005190049046440532
квалификация 3,912023005428146 0,011708748602877723
кейлеб 3,912023005428146 0,0026019441339728273
кембридж 3,506557897319982 0,0023322633171399946
килограмм 3,912023005428146 0,0013009720669864137
кинать 4,605170185988092 0,003062966535409439
кинс 4,605170185988092 0,003062966535409439
классификация 2,5257286443082556 0,0033597986621992093
классический 2,5257286443082556 0,0008399496655498023
клуб 1,7719568419318754 0,032410251515215545
клубный 3,912023005428146 0,0013009720669864137
книга 0 0
ковентри 3,506557897319982 0,0023322633171399946
код 0 0
количество 2,120263536200091 0,0077562018284672435
колчестер 4,605170185988092 0,003062966535409439
команда 2,207274913189721 0,013212819566815758
командный 2,995732273553991 0,0019925056691413308
который 0,9162907318741551 0,0003047192324157483
кра 4,605170185988092 0,003062966535409439
кристал 4,605170185988092 0,004594449803114159
кроль 4,605170185988092 0,003062966535409439
крупнейший 1,2039728043259361 0,00040039002471763753
кубок 2,302585092994046 0,1179242116132634
куинза 4,605170185988092 0,003062966535409439
культура 0,3566749439387324 0,00011861487992641582
ланкашир 3,912023005428146 0,0013009720669864137
легенда 2,995732273553991 0,0009962528345706654
лейтон 4,605170185988092 0,003062966535409439
лестер 3,912023005428146 0,003902916200959241
ливерпуль 3,912023005428146 0,013009720669864137
лига 2,8134107167600364 0,20957898255877888
лидс 3,506557897319982 0,0034983949757099917
линкольн 3,506557897319982 0,0023322633171399946
личность 0,127833371509885 4,251192933484702E-05
личный 2,5257286443082556 0,002519848996649407
лондон 2,120263536200091 0,003525546285666929
лондонский 2,995732273553991 0,0019925056691413308
лутон 4,605170185988092 0,003062966535409439
лучший 0 0
май 0 0
мансфилд 4,605170185988092 0,003062966535409439
манчестер 3,506557897319982 0,03381781809852993
март 0 0
марта 0,3566749439387324 0,00047445951970566326
материал 0 0
матч 2,407945608651872 0,0160156009887055
место 0 0
месяц 1,7147984280919266 0,0011405376974339386
мз 4,605170185988092 0,006125933070818878
мидлсбро 3,912023005428146 0,0026019441339728273
миллуолла 4,605170185988092 0,003062966535409439
милтон 3,912023005428146 0,0026019441339728273
минимум 3,506557897319982 0,0011661316585699973
миро 0 0
митчелла 3,506557897319982 0,0023322633171399946
мобильный 0 0
мой 0 0
моркам 4,605170185988092 0,003062966535409439
моча 0,16251892949777494 5,404686714259226E-05
мп 4,605170185988092 0,006125933070818878
мур 3,506557897319982 0,0023322633171399946
мюнхенский 4,605170185988092 0,0015314832677047194
мяч 2,8134107167600364 0,024326131904143983
н 1,4696759700589417 0,0019550062787614788
навигация 0 0
награда 1,3470736479666094 0,0008959585287440035
нажать 0 0
название 0 0
называть 1,6607312068216509 0,0005522883960165117
найл 4,605170185988092 0,003062966535409439
найти 0 0
например 1,9661128563728327 0,0006538453130604698
нарушение 3,912023005428146 0,0013009720669864137
наука 0,05129329438755048 3,4115925764915513E-05
находиться 0 0
национальный 0,7550225842780328 0,0037663248301198844
нацистский 3,2188758248682006 0,0021409217325362158
нация 1,9661128563728327 0,0013076906261209396
начало 1,2039728043259361 0,0008007800494352751
начинать 0,1508228897345837 0,00015047178889383142
некоммерческий 0 0
немецкий 0,5108256237659907 0,0005096364719979954
необходимость 3,2188758248682006 0,0010704608662681079
нидерланд 2,207274913189721 0,0014680910629795284
ничья 4,605170185988092 0,0015314832677047194
новый 0 0
нога 2,8134107167600364 0,0009356204578516914
норвич 4,605170185988092 0,003062966535409439
норт 4,605170185988092 0,006125933070818878
нортгемптон 3,912023005428146 0,0026019441339728273
ноттингем 4,605170185988092 0,003062966535409439
ноттингемшир 4,605170185988092 0,0015314832677047194
ноябрь 0 0
ньюкасл 3,506557897319982 0,0034983949757099917
ньюпорт 4,605170185988092 0,003062966535409439
ньютон 3,506557897319982 0,0011661316585699973
обновить 3,2188758248682006 0,0042818434650724315
образ 1,7147984280919266 0,0005702688487169693
обсуждение 0 0
общество 0,07257069283483537 4,826783693703716E-05
обыграть 3,912023005428146 0,0026019441339728273
обязательный 0 0
огромный 2,8134107167600364 0,0009356204578516914
один 0,843970070294529 0,00028066846368291615
одолеть 4,605170185988092 0,0015314832677047194
оксфорд 3,506557897319982 0,0023322633171399946
октябрь 0 0
олд 4,605170185988092 0,006125933070818878
олдем 4,605170185988092 0,003062966535409439
оливер 3,2188758248682006 0,0021409217325362158
описание 0 0
определение 2,5257286443082556 0,0008399496655498023
организация 0 0
ориент 4,605170185988092 0,003062966535409439
основатель 1,9661128563728327 0,0006538453130604698
основать 1,2729656758128876 0,0016933364493686564
основной 0 0
остров 1,2039728043259361 0,0008007800494352751
отасоуить 4,605170185988092 0,003062966535409439
отборочный 4,605170185988092 0,009188899606228318
ответственность 0 0
отдельный 0 0
отказ 0 0
открыть 2,0402208285265546 0,0006784904650903074
отличить 4,605170185988092 0,0015314832677047194
отсутствовать 0,05129329438755048 0,0006993764781807681
оуэн 3,912023005428146 0,0026019441339728273
офф 3,912023005428146 0,005203888267945655
оценивание 0,1508228897345837 0,00010031452592922094
очко 3,2188758248682006 0,02033875645909405
очковый 4,605170185988092 0,004594449803114159
очный 4,605170185988092 0,003062966535409439
парк 1,6094379124341003 0,0010704608662681079
пас 4,605170185988092 0,0015314832677047194
первый 0 0
перейти 0 0
персоналия 0,07257069283483537 4,826783693703716E-05
петра 2,8134107167600364 0,0018712409157033828
печать 0 0
пинать 4,605170185988092 0,0015314832677047194
питер 2,995732273553991 0,0019925056691413308
питерборый 3,912023005428146 0,0026019441339728273
плея 3,912023005428146 0,005203888267945655
плимут 3,912023005428146 0,0026019441339728273
пн 0,127833371509885 0,0003826073640136232
победа 1,8971199848858813 0,003154506127179716
победить 2,5257286443082556 0,0008399496655498023
повлиять 3,912023005428146 0,0013009720669864137
повышение 3,2188758248682006 0,003211382598804324
подробный 0 0
поза 4,605170185988092 0,006125933070818878
позиция 2,995732273553991 0,0009962528345706654
поиск 0 0
политик 0 0
получить 0 0
помочь 0,127833371509885 8,502385866969404E-05
помощь 0,127833371509885 0,00012753578800454106
понимание 3,912023005428146 0,0013009720669864137
попадание 3,912023005428146 0,0013009720669864137
популярный 2,120263536200091 0,0007051092571333858
поражение 2,8134107167600364 0,0037424818314067657
порт 1,8325814637483102 0,001218876929662993
портал 0 0
портсмут 3,912023005428146 0,0026019441339728273
португальский 0,49429632181478017 0,0001643818828782109
последний 0 0
посмотреть 0 0
похожий 3,2188758248682006 0,0010704608662681079
похоронный 3,2188758248682006 0,0010704608662681079
правило 1,4696759700589417 0,002932509418142218
править 0 0
правка 0 0
праздновать 3,2188758248682006 0,0010704608662681079
предлагать 0 0
премьер 2,0402208285265546 0,011534337906535228
престон 4,605170185988092 0,006125933070818878
претендовать 4,605170185988092 0,0015314832677047194
приветствие 4,605170185988092 0,003062966535409439
приз 2,8134107167600364 0,0018712409157033828
признать 1,7147984280919266 0,0005702688487169693
применяться 3,506557897319982 0,0011661316585699973
примечание 3,912023005428146 0,0013009720669864137
принять 1,3862943611198906 0,0004610224014366114
причина 2,407945608651872 0,000800780049435275
проект 0 0
пропустить 3,912023005428146 0,005203888267945655
просмотр 1,2729656758128876 0,0025400046740529847
профессиональный 2,5257286443082556 0,0008399496655498023
проходить 1,5141277326297755 0,0005035343307714584
пункт 1,5606477482646683 0,0005190049046440532
пэлас 4,605170185988092 0,004594449803114159
работа 0,9942522733438669 0,0003306459173075713
разница 4,605170185988092 0,012251866141637755
разработчик 0 0
рамка 1,8971199848858813 0,0006309012254359431
регби 4,605170185988092 0,0015314832677047194
рединг 3,912023005428146 0,0026019441339728273
резервный 4,605170185988092 0,003062966535409439
результат 1,4696759700589417 0,001466254709071109
рейлуэй 4,605170185988092 0,0015314832677047194
рейнджерс 4,605170185988092 0,003062966535409439
рекорд 2,5257286443082556 0,005039697993298814
рекордный 3,912023005428146 0,0013009720669864137
религия 0,083381608939051 5,5458336507516456E-05
решить 2,995732273553991 0,0009962528345706654
риссер 4,605170185988092 0,006125933070818878
рм 4,605170185988092 0,006125933070818878
роббен 4,605170185988092 0,003062966535409439
роверс 4,605170185988092 0,018377799212456636
родина 1,6094379124341003 0,0010704608662681079
роднить 3,912023005428146 0,0026019441339728273
родственный 0,21072103131565253 7,007683116583056E-05
розыгрыш 4,605170185988092 0,0015314832677047194
роль 2,120263536200091 0,0007051092571333858
российский 1,0498221244986776 0,0010473782419341646
ротерь 4,605170185988092 0,003062966535409439
рочдейл 4,605170185988092 0,003062966535409439
руководство 2,0402208285265546 0,0006784904650903074
руня 4,605170185988092 0,003062966535409439
русский 0 0
рэй 2,995732273553991 0,0009962528345706654
самый 0,5447271754416719 0,00036230606946569465
сандерленд 3,912023005428146 0,0026019441339728273
саутгемптон 3,912023005428146 0,003902916200959241
саутенд 4,605170185988092 0,003062966535409439
сборная 2,120263536200091 0,012691966628400945
сборный 2,659260036932778 0,001768713027557551
сведение 0 0
свежий 0 0
свободный 0 0
связать 0 0
сделать 2,120263536200091 0,0007051092571333858
северный 1,1086626245216111 0,0007373878447100838
сезон 2,8134107167600364 0,01871240915703383
секция 3,912023005428146 0,003902916200959241
сенбернар 4,605170185988092 0,0015314832677047194
сентябрь 0 0
сидней 2,995732273553991 0,0019925056691413308
силли 4,605170185988092 0,003062966535409439
система 0 0
сити 3,912023005428146 0,04293207821055165
сканторп 4,605170185988092 0,003062966535409439
слава 2,302585092994046 0,0015314832677047194
слово 1,5606477482646683 0,0005190049046440532
случай 0 0
случайный 0 0
смотреть 0 0
снижённый 4,605170185988092 0,0015314832677047194
снять 2,302585092994046 0,0007657416338523597
событие 0 0
совместный 2,120263536200091 0,0007051092571333858
современный 1,0216512475319812 0,0010192729439959906
согласно 1,8971199848858813 0,0006309012254359431
содержание 0,1392620673335076 4,631262631643086E-05
создание 0,8675005677047231 0,00028849370392574757
создать 0 0
солфорд 4,605170185988092 0,003062966535409439
сообщество 0 0
соревнование 2,5257286443082556 0,0016798993310996047
состав 1,0498221244986776 0,0010473782419341646
сохранение 0 0
список 0 0
спорт 0,083381608939051 0,0001941041777763076
среди 1,4696759700589417 0,0009775031393807394
ссылаться 0 0
ссылка 0 0
стадион 2,995732273553991 0,004981264172853327
старейший 2,995732273553991 0,0039850113382826615
статистик 0 0
стать 0,4620354595965586 0,00015365329550933108
статья 0 0
стаффорд 4,605170185988092 0,0015314832677047194
стивенидж 4,605170185988092 0,003062966535409439
сток 4,605170185988092 0,006125933070818878
страна 0,43078291609245434 0,00014326003195625351
страница 0 0
стретфорд 4,605170185988092 0,0015314832677047194
стэнли 3,912023005428146 0,0026019441339728273
судья 2,995732273553991 0,0019925056691413308
суиндон 4,605170185988092 0,003062966535409439
суонси 3,912023005428146 0,0026019441339728273
суперкубок 3,912023005428146 0,005203888267945655
существовать 1,4271163556401458 0,0004745980564150801
считаться 1,5141277326297755 0,0010070686615429169
сша 0,9675840262617057 0,0009653315858946182
сыграть 3,2188758248682006 0,0042818434650724315
сэр 3,2188758248682006 0,0010704608662681079
сюд 0 0
таблица 3,912023005428146 0,0013009720669864137
тавариш 3,912023005428146 0,0026019441339728273
таун 3,912023005428146 0,03122332960767393
текст 0 0
текущий 3,2188758248682006 0,0010704608662681079
терри 3,2188758248682006 0,0021409217325362158
техника 0,06187540371808745 4,11542425793731E-05
течь 0 0
титул 2,659260036932778 0,003537426055115102
тоттенхэм 4,605170185988092 0,004594449803114159
транмир 4,605170185988092 0,003062966535409439
траффорд 4,605170185988092 0,006125933070818878
тренер 2,8134107167600364 0,014969927325627063
трик 3,912023005428146 0,0026019441339728273
трофей 3,2188758248682006 0,00535230433134054
турне 3,912023005428146 0,0026019441339728273
турнир 3,506557897319982 0,010495184927129976
турнирный 4,605170185988092 0,0015314832677047194
тьерри 4,605170185988092 0,003062966535409439
удаление 2,995732273553991 0,0029887585037119964
уефа 3,912023005428146 0,01821360893780979
уиган 4,605170185988092 0,003062966535409439
уик 4,605170185988092 0,003062966535409439
уилко 4,605170185988092 0,003062966535409439
уилсон 3,506557897319982 0,0023322633171399946
уильям 2,302585092994046 0,0007657416338523597
уильямс 3,2188758248682006 0,0021409217325362158
уимблдон 4,605170185988092 0,003062966535409439
указатель 0 0
украинский 1,07880966137193 0,0010762982986750216
уолсолла 4,605170185988092 0,003062966535409439
уондерерс 4,605170185988092 0,010720382873933036
уоттс 3,912023005428146 0,0026019441339728273
уотфорд 3,912023005428146 0,0026019441339728273
уровень 2,0402208285265546 0,0020354713952709224
условие 0 0
успешный 2,120263536200091 0,0007051092571333858
уточнять 4,605170185988092 0,0015314832677047194
участие 0 0
участник 0 0
уэйн 3,912023005428146 0,0026019441339728273
уэмбль 4,605170185988092 0,003062966535409439
уэнсдей 4,605170185988092 0,004594449803114159
фа 3,912023005428146 0,0013009720669864137
февраль 0 0
фергюсон 4,605170185988092 0,0015314832677047194
философия 0,09431067947124142 6,272742232872724E-05
финал 3,506557897319982 0,09678892766130977
финансовый 2,995732273553991 0,0009962528345706654
фк 3,2188758248682006 0,032113825988043236
флитвуда 4,605170185988092 0,003062966535409439
форест 3,912023005428146 0,005203888267945655
форум 0 0
фото 2,5257286443082556 0,0008399496655498023
фулхэм 4,605170185988092 0,004594449803114159
футбол 1,7719568419318754 0,06010628462821792
футболист 1,8971199848858813 0,0037854073526156595
футбольный 1,9661128563728327 0,15038442200390806
хаддерсфилд 4,605170185988092 0,003062966535409439
халл 4,605170185988092 0,003062966535409439
хардекер 4,605170185988092 0,003062966535409439
харрогит 4,605170185988092 0,003062966535409439
хейза 3,506557897319982 0,0023322633171399946
хета 3,912023005428146 0,0026019441339728273
хиндля 4,605170185988092 0,003062966535409439
хит 3,912023005428146 0,0013009720669864137
хороший 0,7985076962177716 0,001062198465204884
хотспур 4,605170185988092 0,004594449803114159
хоусть 4,605170185988092 0,004594449803114159
хх 1,2729656758128876 0,0008466682246843282
хэм 4,605170185988092 0,007657416338523598
хэпгуд 4,605170185988092 0,003062966535409439
центральный 1,2729656758128876 0,0004233341123421641
чарльтон 4,605170185988092 0,003062966535409439
че 2,407945608651872 0,002402340148305825
челси 4,605170185988092 0,02450373228327551
челтень 4,605170185988092 0,003062966535409439
чемпион 2,5257286443082556 0,015119093979896444
чемпионат 1,4696759700589417 0,009775031393807395
чемпионский 4,605170185988092 0,0015314832677047194
чемпионшип 4,605170185988092 0,019909282480161355
чепмный 4,605170185988092 0,003062966535409439
чех 4,605170185988092 0,003062966535409439
число 1,3470736479666094 0,00044797926437200176
читать 0 0
шаблон 0 0
шеффилд 4,605170185988092 0,009188899606228318
школьный 4,605170185988092 0,0015314832677047194
шол 4,605170185988092 0,003062966535409439
шоретир 4,605170185988092 0,003062966535409439
шрусбери 4,605170185988092 0,003062966535409439
штраф 4,605170185988092 0,0015314832677047194
штрафной 4,605170185988092 0,009188899606228318
эвертон 4,605170185988092 0,007657416338523598
эдди 4,605170185988092 0,003062966535409439
эксетер 4,605170185988092 0,003062966535409439
элемент 0,19845093872383823 0,00013199264298226687
эмма 2,995732273553991 0,0019925056691413308
энд 3,912023005428146 0,01040777653589131
энциклопедия 0 0
эссекс 4,605170185988092 0,003062966535409439
этап 2,407945608651872 0,00160156009887055
южный 1,171182981502945 0,0007789710552064816
юнайтед 3,912023005428146 0,07285443575123916
юноша 3,912023005428146 0,005203888267945655
являться 0,3424903089467759 0,0004555907002950128
язык 0 0
яй 1,7147984280919266 0,0005702688487169693
