август 0 0
административный 0,7133498878774648 0,002533202726837588
активнейший 4,605170185988092 0,00327071746163927
акушерский 4,605170185988092 0,00327071746163927
алан 3,506557897319982 0,009961812208295404
алания 4,605170185988092 0,009812152384917809
аланский 4,605170185988092 0,00327071746163927
александр 1,3470736479666094 0,0019134568863162066
александрович 1,6607312068216509 0,002358993191508027
александровна 2,659260036932778 0,003777358007006787
алексеевич 1,8971199848858813 0,002694772705803809
алексеевка 4,605170185988092 0,00654143492327854
алексеевский 4,605170185988092 0,00654143492327854
алфавит 0 0
анна 1,9661128563728327 0,0027927739437114104
аплодировать 4,605170185988092 0,00327071746163927
апрель 0 0
армия 1,7719568419318754 0,002516984150471414
архив 0,3011050927839216 0,0008554121954088683
архитектура 1,1086626245216111 0,0015748048643772887
архызский 4,605170185988092 0,00327071746163927
атака 2,995732273553991 0,0021276507624673232
белвин 4,605170185988092 0,00654143492327854
белг 3,912023005428146 0,005556850859983162
белгород 4,605170185988092 0,039248609539671235
белгородский 3,912023005428146 0,26950726670918335
белгородчина 4,605170185988092 0,00327071746163927
бессоновка 4,605170185988092 0,01635358730819635
бессоновский 4,605170185988092 0,00327071746163927
бирюч 4,605170185988092 0,00654143492327854
блунить 4,605170185988092 0,00654143492327854
борисовский 4,605170185988092 0,00654143492327854
ботанический 3,912023005428146 0,005556850859983162
брянец 4,605170185988092 0,00654143492327854
валуйка 4,605170185988092 0,00654143492327854
валуйский 4,605170185988092 0,00654143492327854
василенко 4,605170185988092 0,00654143492327854
василий 1,8325814637483102 0,0013015493350485158
васильевич 1,8325814637483102 0,003904648005145547
вейделевский 4,605170185988092 0,00654143492327854
век 0,5108256237659907 0,0018140114480326374
велик 3,2188758248682006 0,0022861333983438927
великий 1,0216512475319812 0,0029024183168522193
великое 2,8134107167600364 0,001998161020426162
версия 0 0
викигид 3,912023005428146 0,002778425429991581
википедия 0 0
викисклад 0,5798184952529422 0,0004118029085603282
вклад 0 0
владимир 1,2378743560016172 0,0008791721278420577
владимирович 2,0402208285265546 0,0028980409496115835
власть 1,4696759700589417 0,002087607912015542
водитель 3,912023005428146 0,002778425429991581
военный 1,0498221244986776 0,0007456123043314472
война 0,7133498878774648 0,0020265621814700703
волконский 4,605170185988092 0,00654143492327854
волоконовский 4,605170185988092 0,019624304769835618
вольный 3,912023005428146 0,005556850859983162
воронежский 3,506557897319982 0,007471359156221552
вражеский 3,912023005428146 0,002778425429991581
встреча 2,995732273553991 0,0021276507624673232
вынудить 2,302585092994046 0,001635358730819635
вячеслав 3,2188758248682006 0,00914453359337557
галина 3,2188758248682006 0,004572266796687785
геннадия 2,995732273553991 0,0042553015249346465
география 0,083381608939051 0,0004737591416991534
гера 1,9661128563728327 0,00837832183113423
герб 0,7133498878774648 0,002533202726837588
гимн 1,2378743560016172 0,0017583442556841154
год 0,6348782724359695 0,00045090786394600107
гор 1,5141277326297755 0,0010753748101063746
город 0,3424903089467759 0,0021892136225291074
городище 3,2188758248682006 0,0022861333983438927
городской 2,120263536200091 0,009035213932670842
горожанкин 4,605170185988092 0,00654143492327854
государство 0,6733445532637655 0,000478227665670288
гражданин 2,659260036932778 0,0018886790035033934
грайворон 4,605170185988092 0,00654143492327854
грайворонский 4,605170185988092 0,00654143492327854
граница 1,4271163556401458 0,002027153914261571
греча 1,9661128563728327 0,0013963869718557052
григория 2,8134107167600364 0,003996322040852324
группа 1,4696759700589417 0,001043803956007771
губерния 2,659260036932778 0,007554716014013574
губкин 4,605170185988092 0,019624304769835618
губкинский 4,605170185988092 0,00654143492327854
дал 2,407945608651872 0,0017101886425084317
далья 0,3566749439387324 0,0007599608180512763
два 0 0
дважда 2,302585092994046 0,001635358730819635
декабрь 0 0
деление 0,9675840262617057 0,002061613692318975
дементьева 1,9661128563728327 0,0027927739437114104
демобилизоваться 4,605170185988092 0,00327071746163927
дерево 1,7147984280919266 0,0012178966108607433
добавить 1,0498221244986776 0,0014912246086628944
добротный 2,995732273553991 0,0042553015249346465
донце 4,605170185988092 0,00654143492327854
др 1,8971199848858813 0,0013473863529019044
древнегреческий 2,302585092994046 0,001635358730819635
евгеньевич 3,912023005428146 0,005556850859983162
евгенья 2,0402208285265546 0,0028980409496115835
егор 3,506557897319982 0,004980906104147702
единица 3,912023005428146 0,005556850859983162
екатерина 2,5257286443082556 0,0035876827333924085
емельяненко 4,605170185988092 0,00654143492327854
журнал 0 0
заведовать 3,912023005428146 0,002778425429991581
закавказье 2,995732273553991 0,0021276507624673232
зал 3,2188758248682006 0,0022861333983438927
заниматься 0 0
занятый 3,506557897319982 0,002490453052073851
западный 0,9942522733438669 0,001412290160999811
запрос 0,1165338162559516 0,00024829648349989687
захватить 2,407945608651872 0,0017101886425084317
здравоохранение 2,207274913189721 0,0031353336835081265
зимний 2,659260036932778 0,0018886790035033934
знаете 0,06187540371808745 8,78911984631924E-05
знак 0 0
знамя 2,8134107167600364 0,001998161020426162
иван 1,7719568419318754 0,002516984150471414
иванов 3,506557897319982 0,004980906104147702
иванович 1,6094379124341003 0,008001466894203623
ивлиев 4,605170185988092 0,00654143492327854
ивнянский 4,605170185988092 0,00654143492327854
игра 1,5606477482646683 0,0011084145939379748
избранный 0,083381608939051 0,00035531935627436504
избрать 0 0
известный 0,7765287894989963 0,0005515119243600826
изменение 0 0
изменяться 4,605170185988092 0,00327071746163927
изображение 0,06187540371808745 0,0001757823969263848
илла 1,3862943611198906 0,000984584063295377
имя 1,4271163556401458 0,0010135769571307854
интервик 0,9675840262617057 0,0006872045641063251
ираноязычный 4,605170185988092 0,00327071746163927
иса 3,2188758248682006 0,004572266796687785
искать 0 0
искусство 0,083381608939051 0,00011843978542478835
использование 0 0
история 0 0
источник 0 0
июнь 0 0
кавказ 2,8134107167600364 0,007992644081704648
кавказский 2,995732273553991 0,0021276507624673232
калининский 4,605170185988092 0,00327071746163927
карта 1,7147984280919266 0,0024357932217214866
категория 0 0
качество 1,5606477482646683 0,0011084145939379748
км 0,8209805520698303 0,0005830827784586864
книга 0 0
код 0 0
колония 1,8325814637483102 0,0026030986700970316
колхоз 4,605170185988092 0,00327071746163927
колхозный 4,605170185988092 0,00327071746163927
командование 2,659260036932778 0,0018886790035033934
комплекс 1,8971199848858813 0,0013473863529019044
конец 1,4271163556401458 0,003040730871392356
конный 3,506557897319982 0,002490453052073851
короча 4,605170185988092 0,00654143492327854
корочанский 4,605170185988092 0,01308286984655708
который 0,9162907318741551 0,0013015493350485158
кочевой 3,912023005428146 0,002778425429991581
кпсс 3,912023005428146 0,005556850859983162
красненский 4,605170185988092 0,00654143492327854
красногвардейский 4,605170185988092 0,01308286984655708
краснооктябрьский 4,605170185988092 0,00327071746163927
краснояружский 4,605170185988092 0,00654143492327854
красный 0,7765287894989963 0,0011030238487201652
крупнейший 1,2039728043259361 0,000855094321254216
кузнец 3,2188758248682006 0,0022861333983438927
культура 0,3566749439387324 0,0005066405453675176
курский 3,912023005428146 0,019448978009941068
курт 3,912023005428146 0,005556850859983162
лагерь 3,2188758248682006 0,0022861333983438927
лат 1,8325814637483102 0,0013015493350485158
лев 2,659260036932778 0,003777358007006787
лето 3,2188758248682006 0,0022861333983438927
личность 0,127833371509885 9,079074681099787E-05
луна 2,659260036932778 0,0018886790035033934
лунь 3,912023005428146 0,002778425429991581
лутовиново 4,605170185988092 0,00654143492327854
лучший 0 0
май 0 0
март 0 0
марта 0,3566749439387324 0,0002533202726837588
материал 0 0
медиафайл 1,6094379124341003 0,0011430666991719463
медицинский 3,2188758248682006 0,0022861333983438927
местный 1,8971199848858813 0,002694772705803809
место 0 0
миро 0 0
михайлов 3,912023005428146 0,005556850859983162
михайлович 1,7719568419318754 0,003775476225707121
михайловна 3,2188758248682006 0,00914453359337557
мобильный 0 0
мой 0 0
момент 2,0402208285265546 0,0014490204748057918
монгол 3,912023005428146 0,005556850859983162
москва 1,4271163556401458 0,003040730871392356
моча 0,16251892949777494 0,00011542537606376062
музей 1,3093333199837622 0,001859848465886026
муниципальный 2,659260036932778 0,003777358007006787
муравский 4,605170185988092 0,00654143492327854
н 1,4696759700589417 0,001043803956007771
навигация 0 0
нажать 0 0
название 0 0
найти 0 0
нарисовать 3,506557897319982 0,002490453052073851
народ 1,4271163556401458 0,003040730871392356
население 0,5108256237659907 0,00145120915842611
наука 0,05129329438755048 0,00014571958632826843
наусник 4,605170185988092 0,00654143492327854
находиться 0 0
начало 1,2039728043259361 0,000855094321254216
начать 0,38566248081198473 0,005478160238806601
начинать 0,1508228897345837 0,0002142370592820791
некоммерческий 0 0
неофица 4,605170185988092 0,00327071746163927
несмотря 2,302585092994046 0,001635358730819635
никольский 2,995732273553991 0,0042553015249346465
ниу 4,605170185988092 0,00654143492327854
новооскольский 4,605170185988092 0,00654143492327854
новоселец 4,605170185988092 0,00654143492327854
новый 0 0
ноябрь 0 0
нын 1,8971199848858813 0,0013473863529019044
областной 2,995732273553991 0,0021276507624673232
область 0,7765287894989963 0,05239363281420785
обозначить 3,912023005428146 0,002778425429991581
образование 0,7339691750802005 0,000521284925483097
образовать 1,6607312068216509 0,0011794965957540135
обсуждение 0 0
общество 0,07257069283483537 0,00010308337050402753
объединение 2,207274913189721 0,0015676668417540633
обязательный 0 0
огонь 2,302585092994046 0,00327071746163927
один 0,843970070294529 0,0011988211225774559
озеро 1,8325814637483102 0,0026030986700970316
окончание 2,659260036932778 0,0018886790035033934
окончить 2,407945608651872 0,0017101886425084317
округ 1,9661128563728327 0,0027927739437114104
октябрь 0 0
олимпийский 1,7719568419318754 0,006292460376178534
описание 0 0
орган 1,9661128563728327 0,0027927739437114104
организатор 2,8134107167600364 0,001998161020426162
организация 0 0
орден 1,5141277326297755 0,0010753748101063746
освободить 3,2188758248682006 0,0022861333983438927
осетин 4,605170185988092 0,00327071746163927
оскол 4,605170185988092 0,0327071746163927
основа 1,8971199848858813 0,0013473863529019044
основать 1,2729656758128876 0,0009040949402080167
основной 0 0
остаться 2,8134107167600364 0,001998161020426162
отбив 4,605170185988092 0,00327071746163927
ответственность 0 0
отдельный 0 0
отечественный 2,0402208285265546 0,005796081899223167
отказ 0 0
отсутствовать 0,05129329438755048 0,0001092896897462013
оценивание 0,1508228897345837 0,0002142370592820791
павлович 2,407945608651872 0,0034203772850168635
первый 0 0
перейти 0 0
переселение 3,912023005428146 0,002778425429991581
персоналия 0,07257069283483537 0,0002577084262600688
печать 0 0
письменный 2,995732273553991 0,0021276507624673232
племенной 3,912023005428146 0,002778425429991581
племя 2,5257286443082556 0,0017938413666962042
плен 3,2188758248682006 0,0022861333983438927
плодородный 3,912023005428146 0,002778425429991581
пн 0,127833371509885 0,0004539537340549893
погранзастава 4,605170185988092 0,00327071746163927
поддубный 4,605170185988092 0,00654143492327854
подробный 0 0
поиск 0 0
покровка 4,605170185988092 0,00654143492327854
политик 0 0
получить 0 0
помазун 4,605170185988092 0,00654143492327854
помочь 0,127833371509885 9,079074681099787E-05
помощь 0,127833371509885 9,079074681099787E-05
попасть 2,5257286443082556 0,0017938413666962042
портал 0 0
поселение 2,0402208285265546 0,005796081899223167
последний 0 0
посмотреть 0 0
поступить 3,2188758248682006 0,0022861333983438927
поход 2,407945608651872 0,0017101886425084317
появление 3,506557897319982 0,002490453052073851
править 0 0
правка 0 0
предгорье 3,912023005428146 0,002778425429991581
предкавказие 4,605170185988092 0,00327071746163927
предкавказье 4,605170185988092 0,009812152384917809
предлагать 0 0
председатель 2,659260036932778 0,0018886790035033934
преподаватель 2,8134107167600364 0,001998161020426162
приазовье 4,605170185988092 0,00654143492327854
приглашать 2,5257286443082556 0,0017938413666962042
признать 1,7147984280919266 0,0012178966108607433
прилегать 3,506557897319982 0,002490453052073851
принимать 2,302585092994046 0,001635358730819635
принять 1,3862943611198906 0,000984584063295377
продолжать 4,605170185988092 0,00327071746163927
проект 0 0
производство 2,207274913189721 0,0015676668417540633
происхождение 1,7147984280919266 0,0012178966108607433
прокофьевич 4,605170185988092 0,00654143492327854
просмотр 1,2729656758128876 0,0009040949402080167
просуществовать 4,605170185988092 0,00327071746163927
прохоровский 4,605170185988092 0,00654143492327854
пункт 1,5606477482646683 0,003325243781813924
путеводитель 3,506557897319982 0,002490453052073851
работа 0,9942522733438669 0,0007061450804999055
работать 1,7147984280919266 0,0024357932217214866
равнинный 3,912023005428146 0,002778425429991581
разгромить 3,912023005428146 0,002778425429991581
разработчик 0 0
район 1,171182981502945 0,026617795034157843
ракитный 4,605170185988092 0,00654143492327854
ракитянский 4,605170185988092 0,00654143492327854
ранение 2,995732273553991 0,0021276507624673232
раннефеодальный 4,605170185988092 0,00327071746163927
расположить 0,9162907318741551 0,0006507746675242579
регион 0,9942522733438669 0,001412290160999811
режим 3,2188758248682006 0,0022861333983438927
резьба 3,912023005428146 0,002778425429991581
религия 0,083381608939051 0,00011843978542478835
ровеньский 4,605170185988092 0,00654143492327854
родиться 0,8915981192837835 0,0006332373006276872
родственный 0,21072103131565253 0,00014965982337759414
роман 1,4696759700589417 0,002087607912015542
российский 1,0498221244986776 0,0014912246086628944
россия 0,7765287894989963 0,00661814309232099
рубеж 3,2188758248682006 0,0022861333983438927
русский 0 0
сад 2,659260036932778 0,007554716014013574
сарматский 4,605170185988092 0,00327071746163927
сведение 0 0
свежий 0 0
свободный 0 0
связать 0 0
святой 1,4696759700589417 0,003131411868023313
северский 3,506557897319982 0,004980906104147702
село 2,407945608651872 0,0034203772850168635
сель 2,995732273553991 0,0021276507624673232
сельсовет 3,506557897319982 0,002490453052073851
семья 2,207274913189721 0,0015676668417540633
сентябрь 0 0
сергей 1,8325814637483102 0,0026030986700970316
символика 2,302585092994046 0,00327071746163927
система 0 0
скифо 4,605170185988092 0,00327071746163927
служба 2,995732273553991 0,0021276507624673232
случай 0 0
случайный 0 0
смотреть 0 0
снг 3,912023005428146 0,002778425429991581
событие 0 0
современный 1,0216512475319812 0,0007256045792130548
содержание 0,1392620673335076 9,890771827663893E-05
создание 0,8675005677047231 0,002464490249161145
создать 0 0
сообщество 0 0
состав 1,0498221244986776 0,0007456123043314472
сохранение 0 0
социалистический 1,9661128563728327 0,0027927739437114104
союз 1,4696759700589417 0,001043803956007771
список 0 0
спорт 0,083381608939051 0,00011843978542478835
сражаться 2,8134107167600364 0,001998161020426162
средний 1,8971199848858813 0,0013473863529019044
ссылаться 0 0
ссылка 0 0
станиславович 4,605170185988092 0,00654143492327854
старооскольский 4,605170185988092 0,00654143492327854
старый 2,207274913189721 0,012541334734032506
статистик 0 0
статья 0 0
стоить 2,407945608651872 0,0017101886425084317
страница 0 0
строгий 4,605170185988092 0,00327071746163927
строитель 2,995732273553991 0,0042553015249346465
субъект 2,407945608651872 0,006840754570033727
существовать 1,4271163556401458 0,0010135769571307854
сюд 0 0
татаро 4,605170185988092 0,00327071746163927
татарский 4,605170185988092 0,00327071746163927
текст 0 0
территориальный 2,407945608651872 0,008550943212542158
территория 0,8675005677047231 0,0006161225622902863
техника 0,06187540371808745 8,78911984631924E-05
течение 1,9661128563728327 0,0013963869718557052
течь 0 0
труд 2,120263536200091 0,0030117379775569477
трудовой 3,912023005428146 0,002778425429991581
тысячный 3,912023005428146 0,002778425429991581
тьма 3,912023005428146 0,002778425429991581
удаление 2,995732273553991 0,0021276507624673232
удалов 3,912023005428146 0,005556850859983162
удерживать 3,506557897319982 0,002490453052073851
уезд 2,659260036932778 0,003777358007006787
указатель 0 0
украина 1,9661128563728327 0,0027927739437114104
укрыться 4,605170185988092 0,00327071746163927
улус 3,912023005428146 0,002778425429991581
улучшение 1,4271163556401458 0,003040730871392356
умереть 2,8134107167600364 0,003996322040852324
упоминаться 3,912023005428146 0,002778425429991581
ураково 4,605170185988092 0,00654143492327854
уроженец 3,506557897319982 0,007471359156221552
условие 0 0
уцелеть 3,2188758248682006 0,0022861333983438927
участие 0 0
участник 0 0
училище 3,912023005428146 0,002778425429991581
факелоносец 4,605170185988092 0,00327071746163927
февраль 0 0
федерация 1,4271163556401458 0,002027153914261571
фельдшер 4,605170185988092 0,00327071746163927
фельдшерско 4,605170185988092 0,00327071746163927
философия 0,09431067947124142 0,00013396403333983155
флаг 0,8675005677047231 0,0012322451245805725
форум 0 0
фронт 2,120263536200091 0,0015058689887784739
фрунза 2,995732273553991 0,0021276507624673232
харьков 3,912023005428146 0,008335276289974743
харьковский 3,912023005428146 0,002778425429991581
хороший 0,7985076962177716 0,002268487773345942
храм 1,2729656758128876 0,0018081898804160335
храниться 3,506557897319982 0,002490453052073851
хх 1,2729656758128876 0,0009040949402080167
центр 0,8915981192837835 0,0006332373006276872
центральный 1,2729656758128876 0,0018081898804160335
час 2,8134107167600364 0,001998161020426162
часть 0,5978370007556204 0,0008492002851642335
чел 2,0402208285265546 0,004347061424417375
черемошанский 4,605170185988092 0,00327071746163927
черников 4,605170185988092 0,00654143492327854
чернянский 4,605170185988092 0,00654143492327854
черта 2,995732273553991 0,0042553015249346465
четырнадцать 4,605170185988092 0,00327071746163927
чингизид 4,605170185988092 0,00654143492327854
чистник 4,605170185988092 0,00654143492327854
читать 0 0
член 1,7147984280919266 0,0012178966108607433
шаблон 0 0
шебекино 4,605170185988092 0,00654143492327854
шебекинский 4,605170185988092 0,00654143492327854
школа 1,8325814637483102 0,0013015493350485158
шлях 4,605170185988092 0,00654143492327854
э 2,0402208285265546 0,0014490204748057918
эггерс 4,605170185988092 0,00654143492327854
экономика 0,7550225842780328 0,0010724752617585693
эльба 4,605170185988092 0,00654143492327854
энергетик 2,8134107167600364 0,003996322040852324
энциклопедия 0 0
эстафета 3,506557897319982 0,004980906104147702
юг 1,0216512475319812 0,0007256045792130548
юго 1,171182981502945 0,0008318060948174326
юрий 2,120263536200091 0,0030117379775569477
яголдаева 4,605170185988092 0,00327071746163927
яголдаевщина 4,605170185988092 0,00654143492327854
язык 0 0
яковлевич 2,8134107167600364 0,001998161020426162
яковлевский 4,605170185988092 0,00654143492327854
январь 0,6733445532637655 0,00717341498505432
