август 0 0
августа 0,843970070294529 0,0009708244673633386
авельянеда 4,605170185988092 0,0035315722285184756
авенида 4,605170185988092 0,0017657861142592378
автономный 1,6607312068216509 0,0006367834381984858
автор 1,7147984280919266 0,0006575147346978246
агирра 4,605170185988092 0,0035315722285184756
агустина 3,912023005428146 0,004500026463299248
административный 0,7133498878774648 0,0019146661101005573
адольфо 4,605170185988092 0,0035315722285184756
адриана 4,605170185988092 0,0035315722285184756
айрес 3,912023005428146 0,045000264632992476
аконкагуа 3,912023005428146 0,0030000176421994987
алексис 4,605170185988092 0,0035315722285184756
алехандро 3,912023005428146 0,004500026463299248
алфавит 0 0
альберто 3,506557897319982 0,005378156284233101
альварес 3,912023005428146 0,0030000176421994987
альвеара 4,605170185988092 0,007063144457036951
алькорт 4,605170185988092 0,0035315722285184756
альфонсина 4,605170185988092 0,0035315722285184756
альфредо 3,912023005428146 0,0030000176421994987
америка 1,4271163556401458 0,007660900682117348
американский 1,4271163556401458 0,0005472071915798106
английский 0,37106368139083196 0,0002845580378764049
андрей 1,2039728043259361 0,001846584055714626
андский 4,605170185988092 0,0035315722285184756
антарктида 3,912023005428146 0,007500044105498746
антарктика 2,659260036932778 0,0010196549221368014
антонио 3,2188758248682006 0,001234231527940261
апрель 0 0
арабский 0,38566248081198473 0,00014787671810275488
арамбур 4,605170185988092 0,0035315722285184756
аргентина 2,8134107167600364 0,2233036880250489
аргентинец 4,605170185988092 0,010594716685555427
аргентинский 3,912023005428146 0,013500079389897742
армандо 4,605170185988092 0,0035315722285184756
армянский 1,8325814637483102 0,0007026769416212846
артуро 4,605170185988092 0,010594716685555427
архив 0,3011050927839216 0,0011545440674230122
архитектура 1,1086626245216111 0,0008502013991730147
атлантический 1,9661128563728327 0,0015077552579546264
афера 3,912023005428146 0,0030000176421994987
африканец 4,605170185988092 0,0017657861142592378
аэреа 4,605170185988092 0,0017657861142592378
байя 4,605170185988092 0,0035315722285184756
балькарс 4,605170185988092 0,0035315722285184756
бартолом 3,912023005428146 0,0030000176421994987
безгражданство 2,659260036932778 0,002039309844273603
белый 1,6094379124341003 0,001234231527940261
бенджамин 3,2188758248682006 0,004936926111761044
бенигный 3,912023005428146 0,006000035284398997
бераскочеа 4,605170185988092 0,0035315722285184756
бернардино 4,605170185988092 0,0035315722285184756
бесчеловечный 2,659260036932778 0,002039309844273603
биньон 4,605170185988092 0,0035315722285184756
бланк 4,605170185988092 0,0035315722285184756
близлежащий 4,605170185988092 0,0017657861142592378
блюдо 3,2188758248682006 0,001234231527940261
бовио 3,506557897319982 0,0026890781421165504
боливия 3,506557897319982 0,0026890781421165504
больмаро 4,605170185988092 0,0035315722285184756
больший 1,8325814637483102 0,0007026769416212846
большинство 1,7147984280919266 0,0006575147346978246
бразилец 3,912023005428146 0,0030000176421994987
бразилия 2,659260036932778 0,008157239377094411
брайан 3,912023005428146 0,0030000176421994987
брак 2,659260036932778 0,004078619688547206
брачный 3,506557897319982 0,0026890781421165504
британский 1,5141277326297755 0,0011611408992559628
буэнос 3,912023005428146 0,045000264632992476
бытовой 3,912023005428146 0,0015000088210997493
быть 1,9661128563728327 0,0007538776289773132
вакантный 4,605170185988092 0,0017657861142592378
вальтер 3,506557897319982 0,0026890781421165504
валюта 1,5141277326297755 0,0017417113488839443
введение 1,3470736479666094 0,0005165159693123503
век 0,5108256237659907 0,0005876061623075047
версия 0 0
верховный 2,407945608651872 0,0009232920278573128
вид 1,0498221244986776 0,0008050783163333418
видеть 3,2188758248682006 0,002468463055880522
вики 1,6094379124341003 0,0006171157639701305
викиновость 1,0216512475319812 0,00039173744153833635
википедия 0 0
викисклад 0,5798184952529422 0,00044464608531667347
викисловарь 1,4271163556401458 0,0005472071915798106
викитек 1,1394342831883648 0,00043689964846179634
викицитатник 0,9675840262617057 0,0003710061450389976
викторино 4,605170185988092 0,0035315722285184756
виллануэва 3,912023005428146 0,007500044105498746
вино 3,912023005428146 0,0015000088210997493
виола 4,605170185988092 0,0035315722285184756
вирджинио 3,912023005428146 0,0030000176421994987
висенте 2,995732273553991 0,004594681401156428
вклад 0 0
внешний 1,3862943611198906 0,001063109172637953
вносить 2,659260036932778 0,0010196549221368014
вод 1,8971199848858813 0,0007274233070881447
возраст 2,120263536200091 0,0016259689694785974
война 0,7133498878774648 0,0002735237300143653
восток 0,7985076962177716 0,0012247050555487294
восточный 0,9162907318741551 0,0003513384708106423
восьмой 4,605170185988092 0,0017657861142592378
вступление 2,659260036932778 0,002039309844273603
второй 1,2378743560016172 0,0009492901503079887
входить 1,2378743560016172 0,00047464507515399435
высота 1,9661128563728327 0,0007538776289773132
высший 2,302585092994046 0,0008828930571296189
вьямонт 4,605170185988092 0,0035315722285184756
галтьери 4,605170185988092 0,0035315722285184756
гевар 3,506557897319982 0,0026890781421165504
генейро 3,912023005428146 0,0030000176421994987
география 0,083381608939051 0,00022380033074131787
герб 0,7133498878774648 0,0013676186500718266
гидо 4,605170185988092 0,0035315722285184756
гимн 1,2378743560016172 0,0009492901503079887
глава 2,120263536200091 0,0008129844847392987
гонка 2,995732273553991 0,002297340700578214
гор 1,5141277326297755 0,0005805704496279814
город 0,3424903089467759 0,0018385215971069258
государственный 0,7765287894989963 0,0026797389208170885
государство 0,6733445532637655 0,001290921306103845
гражданский 1,5141277326297755 0,0011611408992559628
грамота 3,506557897319982 0,0026890781421165504
граничить 1,1394342831883648 0,00043689964846179634
группа 1,4696759700589417 0,0005635260621391648
губернатор 2,8134107167600364 0,001078761777898787
данный 0,1508228897345837 0,00011566172525658259
дата 2,302585092994046 0,004414465285648094
два 0 0
де 1,1394342831883648 0,010485591563083112
дежурный 2,995732273553991 0,002297340700578214
декабрь 0 0
деление 0,9675840262617057 0,0025970430152729832
делиться 2,995732273553991 0,002297340700578214
дель 3,506557897319982 0,014789929781641026
департамент 2,659260036932778 0,002039309844273603
дерк 4,605170185988092 0,0035315722285184756
джанотть 3,912023005428146 0,0030000176421994987
диего 3,912023005428146 0,006000035284398997
дминистративный 4,605170185988092 0,0017657861142592378
добавлять 1,7719568419318754 0,0013588626088434628
должный 2,5257286443082556 0,0019369084695615457
домашний 2,302585092994046 0,0017657861142592378
доминго 4,605170185988092 0,010594716685555427
дополнять 2,207274913189721 0,0008463477427874698
доработка 2,5257286443082556 0,0009684542347807728
достоинство 2,659260036932778 0,002039309844273603
достопримечательность 1,7147984280919266 0,0013150294693956492
дредноутный 3,912023005428146 0,0030000176421994987
дуальд 4,605170185988092 0,0035315722285184756
европеец 3,912023005428146 0,0015000088210997493
еда 3,506557897319982 0,0013445390710582752
есть 4,605170185988092 0,0017657861142592378
жан 2,659260036932778 0,002039309844273603
жестокий 2,5257286443082556 0,0019369084695615457
жить 1,7719568419318754 0,0006794313044217314
жужевать 4,605170185988092 0,010594716685555427
журнал 0 0
зависимый 3,506557897319982 0,0013445390710582752
занести 2,5257286443082556 0,0009684542347807728
занимать 1,4696759700589417 0,0011270521242783295
заниматься 0 0
запад 0,9162907318741551 0,0007026769416212846
запивать 4,605170185988092 0,0017657861142592378
запрос 0,1165338162559516 0,0001787328470183307
земля 1,2378743560016172 0,0023732253757699716
знаете 0,06187540371808745 4,745046297399345E-05
знак 0 0
зона 2,659260036932778 0,0010196549221368014
игнасио 4,605170185988092 0,0035315722285184756
игра 1,5606477482646683 0,0011968157578716781
избранный 0,083381608939051 0,00015985737910094132
избрать 0 0
изменение 0 0
изображение 0,06187540371808745 0,00014235138892198035
ильиа 4,605170185988092 0,0035315722285184756
иметь 0,616186139423817 0,000708803074490587
инвалидность 2,8134107167600364 0,002157523555797574
инглесес 4,605170185988092 0,0017657861142592378
индеец 2,8134107167600364 0,002157523555797574
индейский 3,912023005428146 0,0015000088210997493
инлесес 4,605170185988092 0,0017657861142592378
интересный 2,120263536200091 0,003251937938957195
интернет 1,6607312068216509 0,0012735668763969716
информационный 3,2188758248682006 0,002468463055880522
информация 1,5606477482646683 0,0005984078789358391
иполить 4,605170185988092 0,007063144457036951
иригойный 4,605170185988092 0,007063144457036951
исабель 4,605170185988092 0,0035315722285184756
искать 0 0
искусство 0,083381608939051 0,00012788590328075306
исп 1,9661128563728327 0,0052771434028411925
испания 1,7147984280919266 0,0006575147346978246
испанский 0,49429632181478017 0,00265343117538609
использование 0 0
исправлять 2,207274913189721 0,0008463477427874698
история 0 0
источник 0 0
итальянский 0,7339691750802005 0,0002814298984203223
июль 0,9162907318741551 0,0007026769416212846
июнь 0 0
каждый 2,120263536200091 0,0008129844847392987
казак 3,2188758248682006 0,002468463055880522
калдейро 4,605170185988092 0,005297358342777714
калла 4,605170185988092 0,0017657861142592378
каманьо 4,605170185988092 0,0035315722285184756
кампора 4,605170185988092 0,0035315722285184756
карбон 4,605170185988092 0,0035315722285184756
карлос 2,995732273553991 0,013784044203469284
карта 1,7147984280919266 0,0013150294693956492
картинка 3,506557897319982 0,0013445390710582752
кас 4,605170185988092 0,0035315722285184756
касаться 2,995732273553991 0,001148670350289107
кастаний 4,605170185988092 0,0035315722285184756
кастильо 3,912023005428146 0,0030000176421994987
каталог 3,506557897319982 0,0013445390710582752
катамарка 4,605170185988092 0,005297358342777714
категория 0 0
католицизм 2,995732273553991 0,004594681401156428
квартал 3,506557897319982 0,0013445390710582752
кечуа 2,995732273553991 0,001148670350289107
кинематограф 1,5141277326297755 0,0011611408992559628
кинт 4,605170185988092 0,0035315722285184756
кинтан 3,912023005428146 0,0030000176421994987
киршнер 4,605170185988092 0,010594716685555427
классика 4,605170185988092 0,0035315722285184756
климатический 3,2188758248682006 0,001234231527940261
км 0,8209805520698303 0,0009443794694054797
книга 0 0
код 0 0
коломбо 3,912023005428146 0,0030000176421994987
колония 1,8325814637483102 0,0007026769416212846
колумбиец 4,605170185988092 0,0035315722285184756
колумбия 2,659260036932778 0,002039309844273603
коммуна 3,912023005428146 0,0015000088210997493
конвенция 2,120263536200091 0,008129844847392986
кондор 4,605170185988092 0,0035315722285184756
конституция 1,2729656758128876 0,0019524013432713
континент 2,5257286443082556 0,0009684542347807728
кордова 3,912023005428146 0,01950011467429674
королевство 1,6094379124341003 0,0006171157639701305
корриентес 4,605170185988092 0,010594716685555427
который 0,9162907318741551 0,0003513384708106423
красный 0,7765287894989963 0,0002977487689796765
кристина 2,995732273553991 0,004594681401156428
крупнейший 1,2039728043259361 0,000923292027857313
крус 3,506557897319982 0,004033617213174826
куарто 4,605170185988092 0,0035315722285184756
кубок 2,302585092994046 0,0017657861142592378
культура 0,3566749439387324 0,000820571190043096
кухня 2,302585092994046 0,0017657861142592378
ла 2,120263536200091 0,009755813816871585
лагуна 3,912023005428146 0,0030000176421994987
лакост 4,605170185988092 0,0035315722285184756
ланусс 4,605170185988092 0,0035315722285184756
ластирь 4,605170185988092 0,0035315722285184756
латинский 2,407945608651872 0,007386336222858503
леандро 4,605170185988092 0,0035315722285184756
левингстон 4,605170185988092 0,0035315722285184756
леопольдо 4,605170185988092 0,0035315722285184756
либеральный 3,2188758248682006 0,002468463055880522
либертадор 4,605170185988092 0,0017657861142592378
либертарианский 4,605170185988092 0,0035315722285184756
лионель 4,605170185988092 0,007063144457036951
литература 1,1086626245216111 0,0008502013991730147
личность 0,127833371509885 0,00014704758992701496
лонарди 4,605170185988092 0,0035315722285184756
лопес 2,8134107167600364 0,002157523555797574
лос 2,995732273553991 0,002297340700578214
луис 2,659260036932778 0,008157239377094411
лучший 0 0
магический 3,506557897319982 0,0013445390710582752
май 0 0
майский 4,605170185988092 0,0017657861142592378
макри 4,605170185988092 0,007063144457036951
маленькая 2,8134107167600364 0,001078761777898787
мальдонад 4,605170185988092 0,0035315722285184756
манер 3,912023005428146 0,0015000088210997493
мануэль 3,506557897319982 0,008067234426349651
мара 3,506557897319982 0,0026890781421165504
марадон 4,605170185988092 0,0035315722285184756
мария 1,6607312068216509 0,003820700629190915
марк 1,3862943611198906 0,0005315545863189765
марка 1,3470736479666094 0,0005165159693123503
марсело 4,605170185988092 0,008828930571296188
март 0 0
марта 0,3566749439387324 0,0013676186500718266
мартин 2,207274913189721 0,0025390432283624097
мартинес 3,506557897319982 0,0026890781421165504
мас 3,912023005428146 0,0030000176421994987
маскерони 4,605170185988092 0,0035315722285184756
материал 0 0
матч 2,407945608651872 0,0027698760835719385
маурисио 3,912023005428146 0,006000035284398997
медиафайл 1,6094379124341003 0,0006171157639701305
международный 0,9942522733438669 0,0011436950997053684
мексиканец 4,605170185988092 0,0035315722285184756
мендоса 3,912023005428146 0,009000052926598496
месси 4,605170185988092 0,007063144457036951
мести 3,912023005428146 0,0030000176421994987
место 0 0
метис 3,912023005428146 0,0030000176421994987
метр 2,407945608651872 0,0018465840557146257
мигель 2,659260036932778 0,002039309844273603
минус 4,605170185988092 0,0017657861142592378
миро 0 0
мисьонес 4,605170185988092 0,007063144457036951
митра 3,912023005428146 0,0030000176421994987
млн 1,8325814637483102 0,0028107077664851383
мобильный 0 0
модель 2,8134107167600364 0,002157523555797574
мой 0 0
монументаль 4,605170185988092 0,005297358342777714
моча 0,16251892949777494 6,231554045160082E-05
мочь 0,8209805520698303 0,0003147931564684932
музыка 1,2729656758128876 0,00097620067163565
навигация 0 0
нажать 0 0
название 0 0
называть 1,6607312068216509 0,0006367834381984858
найти 0 0
наказание 2,659260036932778 0,002039309844273603
налогообложение 3,506557897319982 0,0026890781421165504
население 0,5108256237659907 0,0029380308115375233
наст 4,605170185988092 0,0017657861142592378
настоящий 1,6094379124341003 0,0006171157639701305
наука 0,05129329438755048 0,00011800604537013149
находиться 0 0
национальный 0,7550225842780328 0,00028950252464648497
начать 0,38566248081198473 0,004436301543082647
начинать 0,1508228897345837 0,00011566172525658259
негро 3,912023005428146 0,006000035284398997
неделя 1,5141277326297755 0,0023222817985119257
недоставать 1,07880966137193 0,0004136540112622431
независимый 2,207274913189721 0,0008463477427874698
некоммерческий 0 0
немецкий 0,5108256237659907 0,00019586872076916823
необходимо 2,8134107167600364 0,001078761777898787
нестор 3,506557897319982 0,0026890781421165504
неукен 4,605170185988092 0,014126288914073902
низший 4,605170185988092 0,0017657861142592378
николас 3,506557897319982 0,005378156284233101
новый 0 0
ноябрь 0 0
образование 0,7339691750802005 0,0005628597968406445
обращение 2,302585092994046 0,006180251399907332
обсуждение 0 0
общество 0,07257069283483537 0,0001113047436117107
общий 1,3470736479666094 0,0005165159693123503
объединить 2,8134107167600364 0,001078761777898787
обязательный 0 0
овсяночник 4,605170185988092 0,0035315722285184756
огненный 3,912023005428146 0,007500044105498746
ознаменование 4,605170185988092 0,0017657861142592378
океан 1,6607312068216509 0,0012735668763969716
округ 1,9661128563728327 0,0030155105159092527
октябрь 0 0
оливос 4,605170185988092 0,0035315722285184756
омываться 2,302585092994046 0,0008828930571296189
онганиа 4,605170185988092 0,0035315722285184756
опережать 4,605170185988092 0,0017657861142592378
описание 0 0
организация 0 0
организовать 1,9661128563728327 0,0007538776289773132
ороско 4,605170185988092 0,0035315722285184756
ортис 3,506557897319982 0,0026890781421165504
основной 0 0
остров 1,2039728043259361 0,0023082300696432826
осуществляться 3,2188758248682006 0,001234231527940261
ответственность 0 0
отдельный 0 0
отказ 0 0
отпатрулировать 2,207274913189721 0,0025390432283624097
отсутствовать 0,05129329438755048 0,00027534743919697345
официальный 1,07880966137193 0,0004136540112622431
оценивание 0,1508228897345837 0,00011566172525658259
оценка 2,302585092994046 0,0008828930571296189
ошибка 1,7147984280919266 0,0006575147346978246
пабло 2,995732273553991 0,002297340700578214
пакт 2,659260036932778 0,002039309844273603
пампа 4,605170185988092 0,005297358342777714
памятник 1,2039728043259361 0,0004616460139286565
парагвай 3,506557897319982 0,0026890781421165504
парана 3,912023005428146 0,0030000176421994987
паредес 3,912023005428146 0,0030000176421994987
париж 2,659260036932778 0,002039309844273603
парламент 1,4271163556401458 0,0010944143831596212
партия 1,8325814637483102 0,0014053538832425692
педернер 4,605170185988092 0,0035315722285184756
педро 2,659260036932778 0,008157239377094411
пеллегринь 4,605170185988092 0,0035315722285184756
пение 4,605170185988092 0,007063144457036951
первоначальный 2,302585092994046 0,0008828930571296189
первый 0 0
переименовать 3,506557897319982 0,0013445390710582752
перейти 0 0
перепись 3,2188758248682006 0,001234231527940261
перес 4,605170185988092 0,0035315722285184756
пересекать 3,506557897319982 0,0013445390710582752
периферийный 4,605170185988092 0,0017657861142592378
перон 4,605170185988092 0,010594716685555427
персоналия 0,07257069283483537 0,00016695711541756604
песо 3,912023005428146 0,0030000176421994987
печать 0 0
писаррий 4,605170185988092 0,0035315722285184756
писать 2,0402208285265546 0,0015645865249436768
планес 4,605170185988092 0,0035315722285184756
плас 4,605170185988092 0,0035315722285184756
плат 3,506557897319982 0,005378156284233101
площадь 1,07880966137193 0,0012409620337867295
пн 0,127833371509885 0,00019606345323601993
подборка 1,6094379124341003 0,004936926111761044
подготовка 2,995732273553991 0,001148670350289107
подробный 0 0
поиск 0 0
показать 1,2729656758128876 0,000488100335817825
политик 0 0
политический 1,2039728043259361 0,000923292027857313
получить 0 0
полушарие 3,506557897319982 0,0013445390710582752
помочь 0,127833371509885 9,803172661800997E-05
помощь 0,127833371509885 4,901586330900498E-05
портал 0 0
португалия 2,659260036932778 0,002039309844273603
португальский 0,49429632181478017 0,00018953079824186357
посадаснуть 4,605170185988092 0,007063144457036951
последний 0 0
посмотреть 0 0
построить 1,4696759700589417 0,0005635260621391648
потомок 2,659260036932778 0,0010196549221368014
почта 1,6094379124341003 0,0018513472919103916
почтовый 1,5606477482646683 0,0005984078789358391
поэт 1,8971199848858813 0,0014548466141762893
правитель 2,659260036932778 0,0010196549221368014
править 0 0
правка 0 0
право 0,843970070294529 0,0019416489347266772
праздник 1,4271163556401458 0,0010944143831596212
предлагать 0 0
представить 2,120263536200091 0,0008129844847392987
предшествовать 3,506557897319982 0,0013445390710582752
президент 1,3093333199837622 0,006024539815876207
президентский 2,659260036932778 0,002039309844273603
преимущественный 2,407945608651872 0,0009232920278573128
преобладать 3,506557897319982 0,0013445390710582752
престижный 3,2188758248682006 0,001234231527940261
прибыть 2,995732273553991 0,001148670350289107
природа 1,07880966137193 0,0016546160450489724
причислить 4,605170185988092 0,0017657861142592378
провинция 1,7147984280919266 0,039450884081869475
проект 0 0
прозаик 3,912023005428146 0,0030000176421994987
происхождение 1,7147984280919266 0,0013150294693956492
просмотр 1,2729656758128876 0,001464301007453475
просьба 2,207274913189721 0,0008463477427874698
протокол 2,407945608651872 0,005539752167143877
протяженность 3,912023005428146 0,0015000088210997493
пуэйрредон 3,912023005428146 0,0030000176421994987
пуэрт 4,605170185988092 0,0035315722285184756
пытка 2,5257286443082556 0,0019369084695615457
работать 1,7147984280919266 0,0006575147346978246
работник 2,995732273553991 0,002297340700578214
разный 2,0402208285265546 0,0007822932624718384
разработчик 0 0
район 1,171182981502945 0,00044907322910389
рамирес 4,605170185988092 0,0035315722285184756
рамон 3,506557897319982 0,008067234426349651
ранея 2,5257286443082556 0,0009684542347807728
расположить 0,9162907318741551 0,0007026769416212846
рассказов 3,912023005428146 0,0015000088210997493
рауль 3,506557897319982 0,005378156284233101
рафаэль 3,506557897319982 0,0026890781421165504
реализм 4,605170185988092 0,0017657861142592378
революция 2,120263536200091 0,0016259689694785974
регион 0,9942522733438669 0,00038123169990178946
регистрация 3,2188758248682006 0,002468463055880522
рейнальдо 4,605170185988092 0,0035315722285184756
река 1,1086626245216111 0,0008502013991730147
религия 0,083381608939051 0,00015985737910094132
ресистенсия 4,605170185988092 0,0035315722285184756
республика 0,9416085398584451 0,0007220924385417524
ретиро 4,605170185988092 0,0035315722285184756
рецепт 4,605170185988092 0,0017657861142592378
ривадавия 3,912023005428146 0,0030000176421994987
рио 3,2188758248682006 0,0074053891676415665
риос 3,912023005428146 0,006000035284398997
риоха 3,912023005428146 0,004500026463299248
роберто 3,912023005428146 0,009000052926598496
родольфо 3,912023005428146 0,0030000176421994987
родригес 2,659260036932778 0,002039309844273603
родственный 0,21072103131565253 8,079794145538825E-05
рок 2,995732273553991 0,004594681401156428
роман 1,4696759700589417 0,0011270521242783295
рондо 4,605170185988092 0,0035315722285184756
росад 4,605170185988092 0,0035315722285184756
росас 4,605170185988092 0,0035315722285184756
россиянин 4,605170185988092 0,0017657861142592378
роусон 4,605170185988092 0,0017657861142592378
руа 4,605170185988092 0,0035315722285184756
рука 2,407945608651872 0,0018465840557146257
рус 3,912023005428146 0,006000035284398997
русский 0 0
русскоязычный 2,659260036932778 0,0010196549221368014
саа 4,605170185988092 0,0035315722285184756
сайт 2,302585092994046 0,0017657861142592378
сальвадор 3,2188758248682006 0,002468463055880522
сальт 4,605170185988092 0,010594716685555427
самоуправление 3,912023005428146 0,0015000088210997493
сан 2,302585092994046 0,013243395856944281
сант 2,8134107167600364 0,01078761777898787
сантьяго 3,912023005428146 0,012000070568797995
сармьенто 4,605170185988092 0,0035315722285184756
саэнс 3,912023005428146 0,006000035284398997
сборка 4,605170185988092 0,0035315722285184756
сборный 2,659260036932778 0,002039309844273603
сведение 0 0
свежий 0 0
свободный 0 0
свой 1,4696759700589417 0,0005635260621391648
связать 0 0
связь 1,6607312068216509 0,0012735668763969716
себастьян 3,912023005428146 0,0030000176421994987
север 1,0216512475319812 0,0007834748830766727
северо 1,6094379124341003 0,0006171157639701305
сельман 4,605170185988092 0,0035315722285184756
сена 3,912023005428146 0,0030000176421994987
сентябрь 0 0
сербский 1,7147984280919266 0,0006575147346978246
сила 0,9416085398584451 0,0014441848770835048
символ 0,9416085398584451 0,0014441848770835048
система 0 0
следовать 1,4271163556401458 0,0005472071915798106
сложный 3,506557897319982 0,0013445390710582752
случай 0 0
случайный 0 0
смотреть 0 0
собственный 1,8325814637483102 0,0007026769416212846
событие 0 0
современный 1,0216512475319812 0,00039173744153833635
согласие 2,8134107167600364 0,002157523555797574
содержание 0,1392620673335076 5,339803195303206E-05
создание 0,8675005677047231 0,0013305223431054035
создать 0 0
сокращение 2,302585092994046 0,0017657861142592378
сообщество 0 0
соответствие 2,302585092994046 0,0008828930571296189
состояние 1,7147984280919266 0,0013150294693956492
состоять 1,7719568419318754 0,0006794313044217314
сохранение 0 0
список 0 0
спорт 0,083381608939051 0,00012788590328075306
сраз 2,659260036932778 0,0010196549221368014
ссылаться 0 0
ссылка 0 0
стабильный 1,4271163556401458 0,0005472071915798106
ставить 2,407945608651872 0,0009232920278573128
статистик 0 0
статус 1,4271163556401458 0,0010944143831596212
статусный 4,605170185988092 0,0017657861142592378
статья 0 0
стефанелли 3,912023005428146 0,0030000176421994987
стилистика 2,207274913189721 0,0008463477427874698
столетие 2,995732273553991 0,001148670350289107
столица 0,7985076962177716 0,0009185287916615471
столичный 3,2188758248682006 0,001234231527940261
страна 0,43078291609245434 0,0008258874925085398
страница 0 0
строй 1,5606477482646683 0,0011968157578716781
субъект 2,407945608651872 0,0009232920278573128
сухой 3,506557897319982 0,0013445390710582752
сюд 0 0
тайбо 3,912023005428146 0,0030000176421994987
текст 0 0
тема 0,7550225842780328 0,000868507573939455
тематический 3,2188758248682006 0,001234231527940261
территория 0,8675005677047231 0,0023284141004344563
техника 0,06187540371808745 9,49009259479869E-05
течь 0 0
томас 2,407945608651872 0,0018465840557146257
торкуато 4,605170185988092 0,0035315722285184756
торр 4,605170185988092 0,008828930571296188
точка 2,207274913189721 0,0008463477427874698
традиционный 1,8971199848858813 0,0014548466141762893
транспорт 0,9162907318741551 0,0007026769416212846
требовать 1,4696759700589417 0,0011270521242783295
третий 1,7147984280919266 0,0013150294693956492
тридцать 3,912023005428146 0,0015000088210997493
трик 3,912023005428146 0,0030000176421994987
тропик 4,605170185988092 0,0017657861142592378
тукуман 4,605170185988092 0,010594716685555427
туризм 1,4696759700589417 0,0011270521242783295
удаление 2,995732273553991 0,006892022101734642
узнать 2,995732273553991 0,001148670350289107
указатель 0 0
указать 2,407945608651872 0,0009232920278573128
улучшать 2,0402208285265546 0,0007822932624718384
улучшить 1,6607312068216509 0,0006367834381984858
умберто 4,605170185988092 0,0035315722285184756
унижать 2,659260036932778 0,002039309844273603
урибур 4,605170185988092 0,007063144457036951
уркис 4,605170185988092 0,007063144457036951
уругвай 3,912023005428146 0,0030000176421994987
условие 0 0
устройство 1,3470736479666094 0,0010330319386247005
утвердить 3,2188758248682006 0,001234231527940261
утратить 2,8134107167600364 0,001078761777898787
участие 0 0
участник 0 0
фа 3,912023005428146 0,010500061747698245
файл 1,5141277326297755 0,013353120341443571
факультативный 2,407945608651872 0,005539752167143877
фантастика 3,912023005428146 0,0015000088210997493
фаррель 4,605170185988092 0,0035315722285184756
фауна 2,8134107167600364 0,002157523555797574
фаустино 4,605170185988092 0,0035315722285184756
февраль 0 0
федеральный 2,0402208285265546 0,0015645865249436768
федерация 1,4271163556401458 0,0016416215747394316
феликс 2,995732273553991 0,002297340700578214
фернандес 3,506557897319982 0,008067234426349651
фернандо 3,2188758248682006 0,004936926111761044
фигероа 4,605170185988092 0,0035315722285184756
философия 0,09431067947124142 7,232414069880477E-05
фильм 1,6094379124341003 0,002468463055880522
фишер 3,912023005428146 0,0030000176421994987
флаг 0,8675005677047231 0,0013305223431054035
флор 2,5257286443082556 0,0019369084695615457
фолклендский 3,912023005428146 0,0015000088210997493
фон 1,9661128563728327 0,01658530783750089
формос 4,605170185988092 0,005297358342777714
форум 0 0
франко 2,995732273553991 0,004594681401156428
франсиско 2,659260036932778 0,002039309844273603
французский 0,23572233352106994 9,038433033783356E-05
франческо 3,2188758248682006 0,002468463055880522
фрондись 4,605170185988092 0,0035315722285184756
фуэрс 4,605170185988092 0,0017657861142592378
хервасио 4,605170185988092 0,0035315722285184756
хета 3,912023005428146 0,0030000176421994987
хороший 0,7985076962177716 0,00030617626388718236
хорхе 3,506557897319982 0,0026890781421165504
хосе 2,407945608651872 0,014772672445717006
хуан 2,407945608651872 0,02215900866857551
хуарес 4,605170185988092 0,0035315722285184756
хулиан 4,605170185988092 0,0035315722285184756
хулио 3,912023005428146 0,004500026463299248
хусто 4,605170185988092 0,010594716685555427
чако 4,605170185988092 0,008828930571296188
часть 0,5978370007556204 0,0006876959364520174
че 2,407945608651872 0,0018465840557146257
человек 1,1394342831883648 0,0008737992969235927
черногрудый 4,605170185988092 0,0035315722285184756
чили 2,659260036932778 0,005098274610684007
численность 1,9661128563728327 0,0015077552579546264
читать 0 0
чубыть 4,605170185988092 0,005297358342777714
шаблон 0 0
шедевр 3,912023005428146 0,0030000176421994987
эваристый 4,605170185988092 0,0035315722285184756
эдельмиро 4,605170185988092 0,0035315722285184756
эдуардо 3,2188758248682006 0,009873852223522089
экономика 0,7550225842780328 0,0011580100985859399
экспериментальный 3,506557897319982 0,0013445390710582752
эктор 4,605170185988092 0,0035315722285184756
элемент 0,19845093872383823 0,0002282794540534949
эльмо 3,506557897319982 0,0026890781421165504
энкомьенд 4,605170185988092 0,0035315722285184756
энтра 3,912023005428146 0,006000035284398997
энциклопедия 0 0
эрнесто 3,2188758248682006 0,002468463055880522
эскобар 4,605170185988092 0,0035315722285184756
эстадос 4,605170185988092 0,0035315722285184756
эстебан 3,912023005428146 0,0030000176421994987
эстеро 4,605170185988092 0,010594716685555427
эухенио 4,605170185988092 0,0035315722285184756
юг 1,0216512475319812 0,00039173744153833635
юго 1,171182981502945 0,00044907322910389
южноамериканский 3,506557897319982 0,0026890781421165504
южный 1,171182981502945 0,0044907322910388995
являться 0,3424903089467759 0,00026264594244384653
язык 0 0
языковой 3,912023005428146 0,0030000176421994987
январь 0,6733445532637655 0,001290921306103845
