август 0 0
агван 3,912023005428146 0,005154180507810469
административный 0,7133498878774648 0,0028195647742192283
азия 1,5141277326297755 0,0019948981984582023
акватория 4,605170185988092 0,003033708949926279
александр 1,3470736479666094 0,0017748005902063367
александра 2,407945608651872 0,003172523858566366
алфавит 0 0
англ 1,0498221244986776 0,0013831648544119601
английский 0,37106368139083196 0,0004888849557191462
апрель 0 0
аркадий 3,506557897319982 0,004619970879209462
архив 0,3011050927839216 0,0015868516088744223
б 3,506557897319982 0,002309985439604731
бадмаев 4,605170185988092 0,006067417899852558
байкал 4,605170185988092 0,012134835799705116
банзар 4,605170185988092 0,006067417899852558
батор 3,912023005428146 0,005154180507810469
бокс 3,912023005428146 0,005154180507810469
борик 4,605170185988092 0,006067417899852558
борьба 1,8325814637483102 0,0024144683316842034
буда 4,605170185988092 0,006067417899852558
будажап 4,605170185988092 0,006067417899852558
будда 3,2188758248682006 0,004240943115768381
буддизм 2,5257286443082556 0,0033277057237262922
бур 3,912023005428146 0,0025770902539052347
бурят 4,605170185988092 0,018202253699557674
бурятия 3,912023005428146 0,41748862113264795
бурятский 4,605170185988092 0,03943821634904163
валентинович 3,506557897319982 0,004619970879209462
василий 1,8325814637483102 0,0024144683316842034
васильевич 1,8325814637483102 0,0024144683316842034
введение 1,3470736479666094 0,0017748005902063367
веб 4,605170185988092 0,006067417899852558
ведомство 4,605170185988092 0,003033708949926279
великий 1,0216512475319812 0,0013460490744821888
версия 0 0
верхнеудинск 4,605170185988092 0,003033708949926279
верхний 2,407945608651872 0,003172523858566366
викиновость 1,0216512475319812 0,0006730245372410944
википедия 0 0
викисклад 0,5798184952529422 0,0003819621180849422
викисловарь 1,4271163556401458 0,0009401293515415981
викитек 1,1394342831883648 0,0007506154698210572
викицитатник 0,9675840262617057 0,0006374071319247074
витим 4,605170185988092 0,006067417899852558
вклад 0 0
владимир 1,2378743560016172 0,00570824801845278
владимирович 2,0402208285265546 0,0026880379822484253
война 0,7133498878774648 0,0018797098494794857
вольный 3,912023005428146 0,005154180507810469
восток 0,7985076962177716 0,0005260261503410881
восточный 0,9162907318741551 0,0012072341658421017
впадение 2,659260036932778 0,0017518182061480752
впервый 1,5606477482646683 0,0010280946958265273
вписать 3,2188758248682006 0,0021204715578841903
входить 1,2378743560016172 0,0008154640026361115
география 0,083381608939051 0,00032957157683419366
гера 1,9661128563728327 0,0025903990202540616
герасимович 4,605170185988092 0,006067417899852558
герб 0,7133498878774648 0,0028195647742192283
гимн 1,2378743560016172 0,003261856010544446
гимназия 3,506557897319982 0,004619970879209462
гитлеровец 4,605170185988092 0,003033708949926279
глубина 3,506557897319982 0,002309985439604731
город 0,3424903089467759 0,001128097196794387
городской 2,120263536200091 0,013967480475626423
государственный 0,7765287894989963 0,0015346418764802298
государство 0,6733445532637655 0,00044357348699852804
гражданский 1,5141277326297755 0,0019948981984582023
граница 1,4271163556401458 0,002820388054624794
граничить 1,1394342831883648 0,0007506154698210572
губерния 2,659260036932778 0,0017518182061480752
гусиный 4,605170185988092 0,006067417899852558
дашидондка 4,605170185988092 0,006067417899852558
два 0 0
декабрь 0 0
деление 0,9675840262617057 0,0025496285276988295
демократический 1,9661128563728327 0,0012951995101270308
джидинский 4,605170185988092 0,006067417899852558
дивизионный 3,912023005428146 0,005154180507810469
добавить 1,0498221244986776 0,00207474728161794
дописать 4,605170185988092 0,003033708949926279
доржа 4,605170185988092 0,006067417899852558
доржий 3,912023005428146 0,005154180507810469
дорогой 3,2188758248682006 0,0021204715578841903
дорофея 4,605170185988092 0,006067417899852558
дума 3,506557897319982 0,002309985439604731
дымчик 4,605170185988092 0,006067417899852558
дюран 4,605170185988092 0,006067417899852558
евгенья 2,0402208285265546 0,0026880379822484253
егор 3,506557897319982 0,004619970879209462
елена 2,407945608651872 0,003172523858566366
ербанов 4,605170185988092 0,006067417899852558
ермак 3,506557897319982 0,004619970879209462
ефим 3,506557897319982 0,004619970879209462
ешей 4,605170185988092 0,006067417899852558
жалсабон 4,605170185988092 0,006067417899852558
жалсапович 4,605170185988092 0,006067417899852558
жамьян 4,605170185988092 0,006067417899852558
желать 2,8134107167600364 0,0018533667435836868
женщина 1,6607312068216509 0,0021880516558915033
журнал 0 0
забайкальский 4,605170185988092 0,012134835799705116
зайцев 4,605170185988092 0,006067417899852558
заниматься 0 0
запад 0,9162907318741551 0,0012072341658421017
запрос 0,1165338162559516 0,0003070719795940754
зара 3,912023005428146 0,005154180507810469
зарубина 4,605170185988092 0,006067417899852558
землетрясение 3,2188758248682006 0,004240943115768381
зимовье 4,605170185988092 0,003033708949926279
знаете 0,06187540371808745 8,152227103832339E-05
знак 0 0
иванов 3,506557897319982 0,004619970879209462
иванович 1,6094379124341003 0,004240943115768381
ивановна 3,912023005428146 0,010308361015620939
игоревна 3,912023005428146 0,005154180507810469
избранный 0,083381608939051 0,00016478578841709683
избрать 0 0
изменение 0 0
изображение 0,06187540371808745 0,00016304454207664677
ильинский 3,912023005428146 0,005154180507810469
ильич 2,5257286443082556 0,0033277057237262922
иннокентьевна 4,605170185988092 0,006067417899852558
институт 1,9661128563728327 0,0025903990202540616
интервик 0,9675840262617057 0,0006374071319247074
интернет 1,6607312068216509 0,0021880516558915033
иркутск 3,506557897319982 0,004619970879209462
иркутский 4,605170185988092 0,015168544749631396
искать 0 0
искусство 0,083381608939051 0,00010985719227806457
исполнить 3,912023005428146 0,0025770902539052347
использование 0 0
историк 2,207274913189721 0,0014540677952501458
исторический 1,2378743560016172 0,0008154640026361115
история 0 0
источник 0 0
ицхак 4,605170185988092 0,006067417899852558
июнь 0 0
кадаинский 4,605170185988092 0,006067417899852558
казачий 4,605170185988092 0,003033708949926279
категория 0 0
келед 4,605170185988092 0,006067417899852558
кинематограф 1,5141277326297755 0,003989796396916405
км 0,8209805520698303 0,0005408304032080569
книга 0 0
код 0 0
конда 4,605170185988092 0,006067417899852558
константиновна 3,506557897319982 0,002309985439604731
конституция 1,2729656758128876 0,0025157424423179592
короткий 2,995732273553991 0,0019734731709841837
край 1,9661128563728327 0,005180798040508123
крайний 2,5257286443082556 0,0016638528618631461
красная 2,207274913189721 0,0014540677952501458
красный 0,7765287894989963 0,0010230945843201532
кузнец 3,2188758248682006 0,004240943115768381
культура 0,3566749439387324 0,0014097823871096142
л 2,8134107167600364 0,0018533667435836868
лама 3,2188758248682006 0,0021204715578841903
лепех 4,605170185988092 0,006067417899852558
летопись 3,506557897319982 0,004619970879209462
литература 1,1086626245216111 0,0029213771397143904
личность 0,127833371509885 8,421170718701252E-05
лобсанович 4,605170185988092 0,006067417899852558
лучший 0 0
май 0 0
март 0 0
марта 0,3566749439387324 0,0002349637311849357
масалим 4,605170185988092 0,006067417899852558
материал 0 0
матхан 4,605170185988092 0,006067417899852558
медицина 2,659260036932778 0,0035036364122961504
место 0 0
миро 0 0
митыпович 4,605170185988092 0,006067417899852558
михаил 1,5606477482646683 0,0020561893916530545
мобильный 0 0
мой 0 0
монголия 2,8134107167600364 0,007413466974334747
москва 1,4271163556401458 0,002820388054624794
моча 0,16251892949777494 0,00010706121837798086
мочь 0,8209805520698303 0,0005408304032080569
мошкин 4,605170185988092 0,006067417899852558
музей 1,3093333199837622 0,0017250768379232706
музыка 1,2729656758128876 0,001677161628211973
н 1,4696759700589417 0,001936331976362242
навигация 0 0
награда 1,3470736479666094 0,0017748005902063367
нажать 0 0
название 0 0
найти 0 0
найчуков 4,605170185988092 0,006067417899852558
население 0,5108256237659907 0,0020190736117232833
наталья 2,659260036932778 0,0017518182061480752
наука 0,05129329438755048 0,00027032039202925156
находиться 0 0
начать 0,38566248081198473 0,011432682237509428
начинать 0,1508228897345837 0,0001987126346964212
недоставать 1,07880966137193 0,0014213566025980634
некоммерческий 0 0
никифор 4,605170185988092 0,006067417899852558
николаевич 1,5606477482646683 0,0010280946958265273
николай 1,5141277326297755 0,0019948981984582023
никулина 3,912023005428146 0,005154180507810469
новосибирск 3,2188758248682006 0,004240943115768381
новый 0 0
номто 4,605170185988092 0,006067417899852558
ноябрь 0 0
нужный 2,995732273553991 0,0019734731709841837
нур 4,605170185988092 0,030337089499262792
нын 1,8971199848858813 0,001249749660662636
область 0,7765287894989963 0,0020461891686403065
образование 0,7339691750802005 0,001934042622082215
образовать 1,6607312068216509 0,0010940258279457517
обсуждение 0 0
общество 0,07257069283483537 9,561356104721393E-05
объединить 2,8134107167600364 0,0018533667435836868
обязательный 0 0
овчар 4,605170185988092 0,006067417899852558
один 0,843970070294529 0,0005559750133692549
оз 4,605170185988092 0,003033708949926279
озеро 1,8325814637483102 0,007243404995052609
округ 1,9661128563728327 0,0025903990202540616
октябрь 0 0
ольга 2,659260036932778 0,0035036364122961504
ольховский 4,605170185988092 0,006067417899852558
описание 0 0
орган 1,9661128563728327 0,0012951995101270308
организация 0 0
орен 4,605170185988092 0,006067417899852558
основать 1,2729656758128876 0,0008385808141059865
основной 0 0
оставлять 1,7719568419318754 0,001167296997320076
острог 4,605170185988092 0,006067417899852558
ответственность 0 0
отдельный 0 0
отечественный 2,0402208285265546 0,0026880379822484253
отказ 0 0
отсутствовать 0,05129329438755048 0,0007095910290767853
оценивание 0,1508228897345837 0,0001987126346964212
парамон 4,605170185988092 0,006067417899852558
парламент 1,4271163556401458 0,0018802587030831961
пацифист 4,605170185988092 0,003033708949926279
первый 0 0
перейти 0 0
перово 4,605170185988092 0,006067417899852558
персоналия 0,07257069283483537 0,00023903390261803483
песня 2,207274913189721 0,0014540677952501458
печать 0 0
площадь 1,07880966137193 0,0007106783012990317
подробный 0 0
поиск 0 0
политик 0 0
получить 0 0
помочь 0,127833371509885 0,00016842341437402504
помощь 0,127833371509885 0,0002526351215610375
портал 0 0
поселение 2,0402208285265546 0,013440189911242125
последний 0 0
посмотреть 0 0
править 0 0
правка 0 0
правовой 2,8134107167600364 0,0018533667435836868
праздник 1,4271163556401458 0,0018802587030831961
предлагать 0 0
президент 1,3093333199837622 0,0017250768379232706
пресс 3,506557897319982 0,004619970879209462
приток 2,8134107167600364 0,00556010023075106
проект 0 0
пролегать 4,605170185988092 0,003033708949926279
проходить 1,5141277326297755 0,0009974490992291011
пурбуевич 4,605170185988092 0,006067417899852558
пшеничников 4,605170185988092 0,006067417899852558
рабдан 4,605170185988092 0,006067417899852558
работать 1,7147984280919266 0,0011296432332621388
развитие 0,9416085398584451 0,0012405909616053296
раздеть 2,995732273553991 0,0019734731709841837
разработка 1,07880966137193 0,002132034903897095
разработчик 0 0
раиса 3,912023005428146 0,005154180507810469
район 1,171182981502945 0,0030861211633806196
ранжуров 4,605170185988092 0,006067417899852558
расстояние 2,8134107167600364 0,0018533667435836868
река 1,1086626245216111 0,002191032854785793
ректор 4,605170185988092 0,006067417899852558
религия 0,083381608939051 0,00032957157683419366
республика 0,9416085398584451 0,004342068365618653
рината 3,912023005428146 0,005154180507810469
родственный 0,21072103131565253 0,00013881490864008731
российский 1,0498221244986776 0,0027663297088239202
россия 0,7765287894989963 0,006650114798080996
русский 0 0
сведение 0 0
свежий 0 0
светлана 3,912023005428146 0,005154180507810469
свободный 0 0
связать 0 0
север 1,0216512475319812 0,0006730245372410944
селенга 4,605170185988092 0,003033708949926279
сельскохозяйственный 4,605170185988092 0,006067417899852558
сентябрь 0 0
сергеевна 3,2188758248682006 0,004240943115768381
сергей 1,8325814637483102 0,009657873326736814
сибирский 3,506557897319982 0,002309985439604731
сибирь 2,995732273553991 0,0039469463419683675
символика 2,302585092994046 0,003033708949926279
система 0 0
сказановзадачникемылкин 4,605170185988092 0,006067417899852558
случай 0 0
случайный 0 0
смотреть 0 0
снайпер 3,912023005428146 0,005154180507810469
собственный 1,8325814637483102 0,0012072341658421017
событие 0 0
советский 1,3470736479666094 0,0017748005902063367
согласно 1,8971199848858813 0,001249749660662636
содержание 0,1392620673335076 9,174049231456364E-05
создание 0,8675005677047231 0,000571475999805483
создать 0 0
сообщество 0 0
состав 1,0498221244986776 0,0006915824272059801
сохранение 0 0
союз 1,4696759700589417 0,001936331976362242
список 0 0
спорт 0,083381608939051 0,00021971438455612913
сравнительный 3,506557897319982 0,002309985439604731
среди 1,4696759700589417 0,001936331976362242
ссылаться 0 0
ссылка 0 0
станция 2,302585092994046 0,003033708949926279
статистик 0 0
стать 0,4620354595965586 0,00030437118550497933
статья 0 0
степь 3,506557897319982 0,002309985439604731
столица 0,7985076962177716 0,001578078451023264
страница 0 0
строй 1,5606477482646683 0,0020561893916530545
ступа 2,8134107167600364 0,0037067334871673735
субъект 2,407945608651872 0,007931309646415915
сюд 0 0
тагархай 4,605170185988092 0,006067417899852558
тамара 3,506557897319982 0,004619970879209462
текст 0 0
телевидение 1,8325814637483102 0,0024144683316842034
территориальный 2,407945608651872 0,006345047717132732
техника 0,06187540371808745 8,152227103832339E-05
течь 0 0
транспорт 0,9162907318741551 0,0012072341658421017
тункинский 4,605170185988092 0,006067417899852558
туризм 1,4696759700589417 0,001936331976362242
туркинский 4,605170185988092 0,006067417899852558
тухурить 4,605170185988092 0,006067417899852558
тыва 4,605170185988092 0,006067417899852558
уда 3,506557897319982 0,006929956318814193
удинский 4,605170185988092 0,009101126849778837
удэ 4,605170185988092 0,027303380549336512
указатель 0 0
улаать 4,605170185988092 0,003033708949926279
улан 3,912023005428146 0,02834799279295758
улица 1,8971199848858813 0,004998998642650544
улус 3,912023005428146 0,0025770902539052347
улучшение 1,4271163556401458 0,0009401293515415981
улучшить 1,6607312068216509 0,0021880516558915033
уничтожить 2,995732273553991 0,0019734731709841837
уроженец 3,506557897319982 0,002309985439604731
условие 0 0
устройство 1,3470736479666094 0,0008874002951031684
участвовать 1,8971199848858813 0,002499499321325272
участие 0 0
участник 0 0
фвать 3,506557897319982 0,004619970879209462
февраль 0 0
федеральный 2,0402208285265546 0,0026880379822484253
федерация 1,4271163556401458 0,0037605174061663923
федот 4,605170185988092 0,006067417899852558
федотович 3,2188758248682006 0,004240943115768381
философия 0,09431067947124142 0,00012425649469201768
флаг 0,8675005677047231 0,0034288559988328972
форум 0 0
фото 2,5257286443082556 0,0016638528618631461
хабшуу 4,605170185988092 0,006067417899852558
хамбо 4,605170185988092 0,003033708949926279
хандуев 4,605170185988092 0,006067417899852558
хикушка 4,605170185988092 0,006067417899852558
хоборок 4,605170185988092 0,006067417899852558
хороший 0,7985076962177716 0,0005260261503410881
хотеть 2,302585092994046 0,0015168544749631396
художник 1,9661128563728327 0,0025903990202540616
царь 2,120263536200091 0,0013967480475626424
цыбекжапович 4,605170185988092 0,006067417899852558
цыден 4,605170185988092 0,009101126849778837
цырной 4,605170185988092 0,012134835799705116
чел 2,0402208285265546 0,0013440189911242126
чемпионат 1,4696759700589417 0,003872663952724484
чимитдоржий 4,605170185988092 0,006067417899852558
читать 0 0
шаблон 0 0
шагдар 4,605170185988092 0,006067417899852558
шамгунович 4,605170185988092 0,006067417899852558
шас 4,605170185988092 0,006067417899852558
широта 3,2188758248682006 0,0021204715578841903
шурыгин 4,605170185988092 0,006067417899852558
эдуардович 3,506557897319982 0,004619970879209462
экономика 0,7550225842780328 0,0019895193261608244
энциклопедия 0 0
эрдыниевый 4,605170185988092 0,006067417899852558
эрдэнь 3,912023005428146 0,005154180507810469
юг 1,0216512475319812 0,0006730245372410944
юрьевич 2,407945608651872 0,006345047717132732
юрьевна 3,2188758248682006 0,004240943115768381
юшин 4,605170185988092 0,006067417899852558
язык 0 0
яковлевич 2,8134107167600364 0,0037067334871673735
январь 0,6733445532637655 0,00443573486998528
