август 0 0
августа 0,843970070294529 0,0013094958421947696
авиакомпания 3,2188758248682006 0,007491565147094338
авиамоделизм 4,605170185988092 0,010718006639227522
авиапочта 4,605170185988092 0,010718006639227522
авиасалон 4,605170185988092 0,010718006639227522
авиасимулятор 4,605170185988092 0,007145337759485015
авиастроение 4,605170185988092 0,010718006639227522
авиационный 2,302585092994046 0,08574405311382018
авиация 2,120263536200091 0,16448902530644616
активный 2,302585092994046 0,0035726688797425073
алфавит 0 0
американский 1,4271163556401458 0,001107150004375598
ан 2,995732273553991 0,004648149377120234
английский 0,37106368139083196 0,00028786941923260816
ант 3,506557897319982 0,005440741500884378
аппарат 2,995732273553991 0,02324074688560117
апрель 0 0
арабский 0,38566248081198473 0,0002991950976043326
ас 2,995732273553991 0,002324074688560117
атмосфера 3,2188758248682006 0,002497188382364779
аэродром 4,605170185988092 0,0035726688797425073
аэроклуб 4,605170185988092 0,0035726688797425073
аэропорт 2,120263536200091 0,003289780506128923
балтийский 3,912023005428146 0,003034928631053643
безопасность 3,2188758248682006 0,004994376764729558
берлина 3,2188758248682006 0,002497188382364779
беспилотный 3,912023005428146 0,012139714524214572
бильдюдалюра 3,912023005428146 0,006069857262107286
биплан 3,912023005428146 0,006069857262107286
боевой 1,8971199848858813 0,010302435914818596
бой 1,8971199848858813 0,0029435531185195984
болгарский 1,9661128563728327 0,0015253008971084815
большинство 1,7147984280919266 0,0013303323724530075
большой 1,1086626245216111 0,0008600951315140505
бомбардировочный 4,605170185988092 0,0035726688797425073
бомбардировщик 3,506557897319982 0,005440741500884378
боснийский 2,659260036932778 0,002063041145797345
вагонный 4,605170185988092 0,0035726688797425073
василий 1,8325814637483102 0,001421707884987052
васильевич 1,8325814637483102 0,001421707884987052
введение 1,3470736479666094 0,0020901065135246074
версия 0 0
ветер 3,2188758248682006 0,004994376764729558
вид 1,0498221244986776 0,004072234773074777
википедия 0 0
викисклад 0,5798184952529422 0,00044982039973075417
вклад 0 0
включать 1,9661128563728327 0,0015253008971084815
военный 1,0498221244986776 0,0008144469546149555
возвращение 2,659260036932778 0,002063041145797345
воздушный 2,0402208285265546 0,015827935054511674
возможно 2,407945608651872 0,001868072621141871
возникнуть 2,5257286443082556 0,0019594481336759157
война 0,7133498878774648 0,0016602402355565512
впервый 1,5606477482646683 0,0012107430164970275
выделить 2,8134107167600364 0,00436526100350665
вылет 3,506557897319982 0,002720370750442189
выпускаться 4,605170185988092 0,0035726688797425073
высота 1,9661128563728327 0,0015253008971084815
гвардия 3,506557897319982 0,002720370750442189
генерал 1,8325814637483102 0,001421707884987052
география 0,083381608939051 0,0001293741023103972
гера 1,9661128563728327 0,003050601794216963
герой 2,120263536200091 0,0016448902530644615
го 2,0402208285265546 0,0031655870109023347
год 0,6348782724359695 0,0004925355100356629
горький 3,2188758248682006 0,004994376764729558
гражданский 1,5141277326297755 0,0011746530121255047
греческий 1,4271163556401458 0,001107150004375598
грузоподъемность 4,605170185988092 0,0035726688797425073
группа 1,4696759700589417 0,002280335097065852
гусман 3,912023005428146 0,003034928631053643
далья 0,3566749439387324 0,0008301201177782756
данный 0,1508228897345837 0,00011700767240852109
два 0 0
двигатель 3,2188758248682006 0,002497188382364779
движение 1,6094379124341003 0,002497188382364779
де 1,1394342831883648 0,002651902908894565
декабрь 0 0
демонстрировать 4,605170185988092 0,0035726688797425073
день 1,3862943611198906 0,0021509609947554546
дирижабль 3,912023005428146 0,00910478589316093
добротный 2,995732273553991 0,004648149377120234
добрый 2,8134107167600364 0,002182630501753325
документ 2,8134107167600364 0,00436526100350665
должить 3,2188758248682006 0,002497188382364779
домашний 2,302585092994046 0,0017863344398712537
достаточный 3,2188758248682006 0,004994376764729558
достигать 3,2188758248682006 0,002497188382364779
европа 0,8915981192837835 0,0006916975324156582
живот 3,912023005428146 0,003034928631053643
жидкостный 4,605170185988092 0,0035726688797425073
журнал 0 0
заведение 2,995732273553991 0,004648149377120234
завод 2,120263536200091 0,003289780506128923
заглянуть 4,605170185988092 0,007145337759485015
заниматься 0 0
запрос 0,1165338162559516 0,00018081274826369528
запустить 2,995732273553991 0,002324074688560117
зараный 4,605170185988092 0,0035726688797425073
знаете 0,06187540371808745 0,00014400792176436178
знак 0 0
знакомый 4,605170185988092 0,007145337759485015
иван 1,7719568419318754 0,00412402678494618
иванович 1,6094379124341003 0,0012485941911823896
игорь 2,5257286443082556 0,0019594481336759157
избежать 3,2188758248682006 0,002497188382364779
избранный 0,083381608939051 0,000323435255775993
избрать 0 0
изменение 0 0
изображение 0,06187540371808745 0,00014400792176436178
илла 1,3862943611198906 0,0010754804973777273
илья 2,995732273553991 0,01626852281992082
иметь 0,616186139423817 0,0004780342431526896
имя 1,4271163556401458 0,002214300008751196
интересовать 3,506557897319982 0,005440741500884378
инфраструктура 4,605170185988092 0,007145337759485015
искать 0 0
искусство 0,083381608939051 0,0002587482046207944
испанский 0,49429632181478017 0,00038347270893311104
использование 0 0
история 0 0
источник 0 0
истребитель 2,995732273553991 0,002324074688560117
итальянский 0,7339691750802005 0,0005694097556867343
июнь 0 0
кабина 3,912023005428146 0,003034928631053643
кандидат 2,207274913189721 0,003424786521628737
каталанский 1,8325814637483102 0,001421707884987052
катастрофа 2,5257286443082556 0,0019594481336759157
категория 0 0
километр 2,5257286443082556 0,0039188962673518315
китайский 1,171182981502945 0,0009085981237416176
клуб 1,7719568419318754 0,00137467559498206
книга 0 0
код 0 0
кожедуб 4,605170185988092 0,01429067551897003
командование 2,659260036932778 0,00412608229159469
конец 1,4271163556401458 0,001107150004375598
конструкция 3,506557897319982 0,002720370750442189
кордайский 4,605170185988092 0,007145337759485015
корпус 2,995732273553991 0,002324074688560117
космический 2,995732273553991 0,004648149377120234
космонавтика 3,506557897319982 0,008161112251326567
кот 2,995732273553991 0,002324074688560117
который 0,9162907318741551 0,000710853942493526
красный 0,7765287894989963 0,002409709199376249
крыло 3,2188758248682006 0,002497188382364779
купец 2,995732273553991 0,002324074688560117
лауреат 2,995732273553991 0,004648149377120234
лежать 2,995732273553991 0,002324074688560117
летательный 3,912023005428146 0,03034928631053643
летать 3,2188758248682006 0,002497188382364779
личность 0,127833371509885 0,000297517544243332
лучший 0 0
май 0 0
майор 2,5257286443082556 0,0019594481336759157
македонский 1,5606477482646683 0,0012107430164970275
максима 2,0402208285265546 0,0031655870109023347
максимальный 3,912023005428146 0,003034928631053643
март 0 0
марта 0,3566749439387324 0,005810840824447929
маршал 3,2188758248682006 0,004994376764729558
маршрут 3,2188758248682006 0,002497188382364779
массовый 2,0402208285265546 0,0015827935054511673
материал 0 0
медведь 3,506557897319982 0,002720370750442189
медицина 2,659260036932778 0,00412608229159469
местный 1,8971199848858813 0,0014717765592597992
место 0 0
метеорология 4,605170185988092 0,007145337759485015
миро 0 0
мировой 1,2039728043259361 0,0009340363105709357
многие 1,5606477482646683 0,0012107430164970275
многомоторный 4,605170185988092 0,0035726688797425073
мобильный 0 0
мой 0 0
мороз 2,659260036932778 0,002063041145797345
морской 1,6607312068216509 0,00386516184675326
моча 0,16251892949777494 0,0002521628075993405
муромец 3,912023005428146 0,0212445004173755
н 1,4696759700589417 0,002280335097065852
навигация 0 0
навык 4,605170185988092 0,0035726688797425073
нажать 0 0
название 0 0
наземный 3,506557897319982 0,002720370750442189
называть 1,6607312068216509 0,0012883872822510869
найти 0 0
наука 0,05129329438755048 0,00011937927320609112
научный 1,6094379124341003 0,002497188382364779
находиться 0 0
национальный 0,7550225842780328 0,0005857428892769843
начать 0,38566248081198473 0,005983901952086652
начинать 0,1508228897345837 0,00023401534481704218
небо 2,207274913189721 0,0017123932608143686
незапланированный 4,605170185988092 0,0035726688797425073
некоммерческий 0 0
немецкий 0,5108256237659907 0,0003962960618820719
необходимость 3,2188758248682006 0,002497188382364779
необходимый 2,8134107167600364 0,002182630501753325
нереализованный 4,605170185988092 0,007145337759485015
несуществующий 3,912023005428146 0,006069857262107286
никитович 4,605170185988092 0,010718006639227522
николай 1,5141277326297755 0,0011746530121255047
новый 0 0
норвежский 1,7147984280919266 0,0013303323724530075
ноябрь 0 0
нын 1,8971199848858813 0,0014717765592597992
обеспечение 3,2188758248682006 0,002497188382364779
обеспечивать 3,912023005428146 0,003034928631053643
область 0,7765287894989963 0,0006024272998440622
обледенение 4,605170185988092 0,007145337759485015
обозначать 3,912023005428146 0,003034928631053643
обозначение 3,506557897319982 0,005440741500884378
ображиевка 4,605170185988092 0,0035726688797425073
обсуждение 0 0
обтекать 4,605170185988092 0,0035726688797425073
общество 0,07257069283483537 0,00011259998888259949
обязательный 0 0
окончить 2,407945608651872 0,003736145242283742
октябрь 0 0
описание 0 0
оптимальный 4,605170185988092 0,0035726688797425073
опытный 3,912023005428146 0,006069857262107286
организация 0 0
организовываться 4,605170185988092 0,0035726688797425073
основа 1,8971199848858813 0,0014717765592597992
основной 0 0
особа 3,506557897319982 0,002720370750442189
особый 2,207274913189721 0,0017123932608143686
осуществлять 3,912023005428146 0,003034928631053643
ответственность 0 0
отдельный 0 0
отдых 3,506557897319982 0,008161112251326567
отказ 0 0
относиться 1,7147984280919266 0,0013303323724530075
отрасль 3,912023005428146 0,003034928631053643
отсутствовать 0,05129329438755048 0,00011937927320609112
оценивание 0,1508228897345837 0,00023401534481704218
пассажир 3,912023005428146 0,003034928631053643
первый 0 0
перейти 0 0
персидский 1,5606477482646683 0,0012107430164970275
персоналия 0,07257069283483537 0,00028149997220649873
петля 4,605170185988092 0,0035726688797425073
печать 0 0
пилот 3,506557897319982 0,013601853752210945
пилотажный 4,605170185988092 0,007145337759485015
планеризм 4,605170185988092 0,0035726688797425073
планерист 4,605170185988092 0,007145337759485015
пн 0,127833371509885 0,000595035088486664
погода 3,912023005428146 0,003034928631053643
погодный 4,605170185988092 0,007145337759485015
погубить 3,912023005428146 0,003034928631053643
подборка 1,6094379124341003 0,011237347720641508
подробный 0 0
поиск 0 0
политик 0 0
получить 0 0
польский 1,2729656758128876 0,0009875606484196179
помочь 0,127833371509885 0,00019834502949555468
помощь 0,127833371509885 9,917251474777734E-05
понятие 2,995732273553991 0,002324074688560117
портал 0 0
португалия 2,659260036932778 0,002063041145797345
португальский 0,49429632181478017 0,00038347270893311104
последний 0 0
послужить 3,506557897319982 0,002720370750442189
посмотреть 0 0
поставить 2,302585092994046 0,0017863344398712537
появиться 1,6607312068216509 0,0012883872822510869
править 0 0
правка 0 0
право 0,843970070294529 0,0006547479210973848
практик 2,995732273553991 0,004648149377120234
предлагать 0 0
премия 1,8325814637483102 0,002843415769974104
приземление 4,605170185988092 0,0035726688797425073
применение 2,8134107167600364 0,002182630501753325
примечательный 2,0402208285265546 0,006331174021804669
принимать 2,302585092994046 0,0017863344398712537
проводиться 3,2188758248682006 0,002497188382364779
проект 0 0
производство 2,207274913189721 0,003424786521628737
происшествие 3,912023005428146 0,006069857262107286
противник 2,407945608651872 0,001868072621141871
профессия 3,2188758248682006 0,004994376764729558
проявлять 4,605170185988092 0,0035726688797425073
пуск 3,912023005428146 0,003034928631053643
работа 0,9942522733438669 0,0015426722627523148
раз 2,659260036932778 0,002063041145797345
разведка 2,995732273553991 0,009296298754240468
разведывательный 3,912023005428146 0,006069857262107286
развитие 0,9416085398584451 0,0007304953761508496
различный 1,8971199848858813 0,0014717765592597992
разработка 1,07880966137193 0,0008369353462931963
разработчик 0 0
район 1,171182981502945 0,0009085981237416176
ракета 3,912023005428146 0,003034928631053643
расстояние 2,8134107167600364 0,002182630501753325
региональный 3,2188758248682006 0,002497188382364779
рекорд 2,5257286443082556 0,005878344401027748
религия 0,083381608939051 0,0001293741023103972
решить 2,995732273553991 0,002324074688560117
родиться 0,8915981192837835 0,0006916975324156582
родоначальник 4,605170185988092 0,0035726688797425073
родственный 0,21072103131565253 0,00032695272508247094
роковой 3,912023005428146 0,003034928631053643
россия 0,7765287894989963 0,0012048545996881245
русский 0 0
русско 3,506557897319982 0,005440741500884378
ряд 1,6607312068216509 0,0025767745645021737
сайт 2,302585092994046 0,0035726688797425073
сбить 3,506557897319982 0,008161112251326567
сведение 0 0
свежий 0 0
свободный 0 0
свой 1,4696759700589417 0,001140167548532926
связать 0 0
связь 1,6607312068216509 0,010307098258008695
сгубить 4,605170185988092 0,0035726688797425073
секунда 3,912023005428146 0,003034928631053643
сель 2,995732273553991 0,002324074688560117
сентябрь 0 0
сербский 1,7147984280919266 0,0013303323724530075
сикорский 3,912023005428146 0,003034928631053643
система 0 0
случай 0 0
случайный 0 0
смить 2,659260036932778 0,00412608229159469
смотреть 0 0
событие 0 0
совершить 2,407945608651872 0,003736145242283742
советский 1,3470736479666094 0,0020901065135246074
содержание 0,1392620673335076 0,00010803884199651481
создание 0,8675005677047231 0,0020190083034244913
создатель 2,659260036932778 0,002063041145797345
создать 0 0
соко 3,912023005428146 0,006069857262107286
сообщество 0 0
соревнование 2,5257286443082556 0,005878344401027748
сохранение 0 0
союз 1,4696759700589417 0,002280335097065852
союзник 3,2188758248682006 0,002497188382364779
специализировать 3,506557897319982 0,002720370750442189
специальный 2,407945608651872 0,001868072621141871
список 0 0
сплошной 3,2188758248682006 0,002497188382364779
спорт 0,083381608939051 0,0007762446138623833
средство 1,9661128563728327 0,003050601794216963
ссылаться 0 0
ссылка 0 0
стандарт 2,8134107167600364 0,00436526100350665
статистик 0 0
стать 0,4620354595965586 0,0010753346615901287
статья 0 0
страна 0,43078291609245434 0,0010025979428063328
страница 0 0
сугроб 4,605170185988092 0,0035726688797425073
судно 2,5257286443082556 0,00979724066837958
судьба 2,995732273553991 0,002324074688560117
сумской 4,605170185988092 0,0035726688797425073
считаться 1,5141277326297755 0,0011746530121255047
сюд 0 0
текст 0 0
тема 0,7550225842780328 0,0011714857785539686
теория 1,8971199848858813 0,0014717765592597992
термин 2,0402208285265546 0,0031655870109023347
техник 3,506557897319982 0,002720370750442189
техника 0,06187540371808745 0,0003360184841168442
техникум 3,506557897319982 0,002720370750442189
технический 2,659260036932778 0,00412608229159469
технологический 3,912023005428146 0,003034928631053643
течение 1,9661128563728327 0,0015253008971084815
течь 0 0
транспорт 0,9162907318741551 0,0021325618274805782
транспортный 2,207274913189721 0,010274359564886211
трижда 3,2188758248682006 0,002497188382364779
туполёвый 4,605170185988092 0,007145337759485015
тяга 3,912023005428146 0,003034928631053643
увековечить 3,912023005428146 0,003034928631053643
увлечение 4,605170185988092 0,0035726688797425073
удлинение 4,605170185988092 0,0035726688797425073
узбекский 3,912023005428146 0,003034928631053643
указатель 0 0
украина 1,9661128563728327 0,003050601794216963
украинский 1,07880966137193 0,0008369353462931963
умение 3,912023005428146 0,003034928631053643
управление 2,302585092994046 0,0017863344398712537
условие 0 0
ухудшение 4,605170185988092 0,0035726688797425073
участие 0 0
участник 0 0
учебный 2,407945608651872 0,003736145242283742
учреждение 3,506557897319982 0,005440741500884378
февраль 0 0
философия 0,09431067947124142 0,0001463315430120115
финский 1,9661128563728327 0,0015253008971084815
флагман 3,912023005428146 0,003034928631053643
форж 4,605170185988092 0,007145337759485015
формирование 2,995732273553991 0,004648149377120234
формировать 3,912023005428146 0,003034928631053643
форум 0 0
французский 0,23572233352106994 0,00018287225253768032
футбол 1,7719568419318754 0,00137467559498206
футбольный 1,9661128563728327 0,0015253008971084815
фюзеляж 4,605170185988092 0,007145337759485015
химико 4,605170185988092 0,0035726688797425073
холст 3,912023005428146 0,003034928631053643
хороший 0,7985076962177716 0,0006194784299594815
художник 1,9661128563728327 0,0015253008971084815
цаги 3,912023005428146 0,003034928631053643
цвет 2,207274913189721 0,003424786521628737
чемпионат 1,4696759700589417 0,002280335097065852
чешский 1,3862943611198906 0,0010754804973777273
число 1,3470736479666094 0,0020901065135246074
читать 0 0
чугуевский 4,605170185988092 0,0035726688797425073
шаблон 0 0
шведский 1,7147984280919266 0,0013303323724530075
шереметьево 3,912023005428146 0,003034928631053643
широкий 2,207274913189721 0,0017123932608143686
школа 1,8325814637483102 0,001421707884987052
шосткинский 4,605170185988092 0,007145337759485015
элемент 0,19845093872383823 0,00030791456745358917
элисон 3,912023005428146 0,006069857262107286
энциклопедия 0 0
эскадрилья 3,2188758248682006 0,05743533279438993
являться 0,3424903089467759 0,0005314046686528719
язык 0 0
японский 1,4696759700589417 0,001140167548532926
