абанькины 4,605170185988092 0,003180366150544262
август 0 0
августа 0,843970070294529 0,0002914261292453484
активист 3,912023005428146 0,0054033466925803115
алебастровый 4,605170185988092 0,003180366150544262
александр 1,3470736479666094 0,0009302994806399236
александра 2,407945608651872 0,0033258917246572813
александрович 1,6607312068216509 0,002293827633731562
алексеевна 2,659260036932778 0,0018365055503679405
алексей 1,7719568419318754 0,0012237271007816818
алфавит 0 0
аляска 4,605170185988092 0,003180366150544262
амазонка 3,506557897319982 0,0024216560064364515
американский 1,4271163556401458 0,0019711551873482676
андрей 1,2039728043259361 0,0008314729311643204
анисимкова 4,605170185988092 0,003180366150544262
антарктика 2,659260036932778 0,002754758325551911
аппарат 2,995732273553991 0,0010344379397631183
апрель 0 0
арктика 3,912023005428146 0,07294518034983422
арктический 3,912023005428146 0,031069243482336795
артюгинский 3,912023005428146 0,0027016733462901558
артюх 4,605170185988092 0,003180366150544262
архангельский 3,506557897319982 0,01452993603861871
архипелаг 3,506557897319982 0,019373248051491612
астрономический 3,2188758248682006 0,001111490271018025
атлантический 1,9661128563728327 0,0013578127461138347
атомный 2,995732273553991 0,0020688758795262365
афанасьева 4,605170185988092 0,003180366150544262
афанасьевич 3,506557897319982 0,0024216560064364515
аэропорт 2,120263536200091 0,0014642703979282396
бабушкин 4,605170185988092 0,003180366150544262
базарный 4,605170185988092 0,003180366150544262
балтика 4,605170185988092 0,001590183075272131
баренец 4,605170185988092 0,003180366150544262
баренцев 4,605170185988092 0,012721464602177048
башмачный 4,605170185988092 0,003180366150544262
безводный 4,605170185988092 0,003180366150544262
безымянный 3,912023005428146 0,010806693385160623
беленький 4,605170185988092 0,003180366150544262
белужий 4,605170185988092 0,003180366150544262
белый 1,6094379124341003 0,00222298054203605
берх 4,605170185988092 0,003180366150544262
бианка 4,605170185988092 0,003180366150544262
ближний 2,659260036932778 0,0018365055503679405
близнец 3,506557897319982 0,0024216560064364515
богатый 3,2188758248682006 0,00222298054203605
богдановы 4,605170185988092 0,003180366150544262
богословский 4,605170185988092 0,003180366150544262
бодиско 4,605170185988092 0,003180366150544262
больший 1,8325814637483102 0,0012655949335278385
большой 1,1086626245216111 0,005359556886499501
борисов 3,2188758248682006 0,00222298054203605
борьба 1,8325814637483102 0,0012655949335278385
брандвахта 4,605170185988092 0,003180366150544262
брат 2,302585092994046 0,004770549225816393
братан 4,605170185988092 0,003180366150544262
браток 4,605170185988092 0,003180366150544262
бригадный 4,605170185988092 0,001590183075272131
бритвин 4,605170185988092 0,003180366150544262
броун 3,912023005428146 0,0027016733462901558
будущее 2,5257286443082556 0,0017442877377819444
булат 3,912023005428146 0,0027016733462901558
бухмейер 4,605170185988092 0,003180366150544262
вавиловка 4,605170185988092 0,003180366150544262
вальков 4,605170185988092 0,003180366150544262
вальнева 4,605170185988092 0,003180366150544262
васильев 2,995732273553991 0,0020688758795262365
васильева 3,912023005428146 0,0027016733462901558
васильевич 1,8325814637483102 0,0012655949335278385
вашингтон 3,912023005428146 0,0027016733462901558
ввс 3,2188758248682006 0,00222298054203605
век 0,5108256237659907 0,00035278012691021456
великий 1,0216512475319812 0,000705560253820429
вепрев 4,605170185988092 0,003180366150544262
вернуться 2,659260036932778 0,0009182527751839702
версия 0 0
викиновость 1,0216512475319812 0,002116680761461287
википедия 0 0
виктор 1,9661128563728327 0,0013578127461138347
викторий 2,659260036932778 0,0018365055503679405
вилькицкий 4,605170185988092 0,006360732301088524
вильям 3,912023005428146 0,0027016733462901558
витта 4,605170185988092 0,003180366150544262
вклад 0 0
включать 1,9661128563728327 0,0006789063730569173
владение 2,659260036932778 0,0018365055503679405
владимир 1,2378743560016172 0,0008548856049734925
власов 3,506557897319982 0,0024216560064364515
внутренний 2,120263536200091 0,0014642703979282396
вода 2,659260036932778 0,0009182527751839702
водный 2,5257286443082556 0,0008721438688909722
возвращение 2,659260036932778 0,0009182527751839702
возраст 2,120263536200091 0,0007321351989641198
война 0,7133498878774648 0,0004926449501916193
войско 1,7719568419318754 0,0012237271007816818
волна 2,995732273553991 0,0020688758795262365
вообще 3,912023005428146 0,0013508366731450779
воспринять 4,605170185988092 0,001590183075272131
восток 0,7985076962177716 0,0005514555913106158
восточный 0,9162907318741551 0,0006327974667639192
впервый 1,5606477482646683 0,000538897703130065
врангель 4,605170185988092 0,003180366150544262
второй 1,2378743560016172 0,0008548856049734925
входной 3,506557897319982 0,0024216560064364515
выделить 2,8134107167600364 0,0019429632021823455
выживание 4,605170185988092 0,001590183075272131
выжить 3,506557897319982 0,0012108280032182258
выносливость 4,605170185988092 0,001590183075272131
гагачий 4,605170185988092 0,006360732301088524
галахов 4,605170185988092 0,003180366150544262
гельмерсен 4,605170185988092 0,003180366150544262
гемскерк 4,605170185988092 0,003180366150544262
генерал 1,8325814637483102 0,0006327974667639192
географический 2,302585092994046 0,001590183075272131
география 0,083381608939051 0,000230335936295721
герберт 3,506557897319982 0,0012108280032182258
герберштейн 4,605170185988092 0,003180366150544262
гидрограф 4,605170185988092 0,003180366150544262
глотовый 4,605170185988092 0,003180366150544262
глубоководный 4,605170185988092 0,001590183075272131
глумянный 4,605170185988092 0,003180366150544262
год 0,6348782724359695 0,00021922592280247566
голец 4,605170185988092 0,003180366150544262
гольфстрим 4,605170185988092 0,003180366150544262
горб 3,912023005428146 0,0027016733462901558
горбатый 3,912023005428146 0,0054033466925803115
горбовый 4,605170185988092 0,009541098451632786
горка 3,912023005428146 0,0027016733462901558
горн 3,912023005428146 0,0027016733462901558
город 0,3424903089467759 0,00023652645645495573
гражданин 2,659260036932778 0,0009182527751839702
грандиозный 4,605170185988092 0,001590183075272131
граничный 4,605170185988092 0,003180366150544262
гренландия 4,605170185988092 0,009541098451632786
гринпис 4,605170185988092 0,006360732301088524
грозный 2,995732273553991 0,0020688758795262365
группа 1,4696759700589417 0,002029939185164284
гряда 3,912023005428146 0,0027016733462901558
гуманист 3,912023005428146 0,0027016733462901558
дальний 3,2188758248682006 0,0088919221681442
далья 0,3566749439387324 0,0003694837126437145
дания 2,995732273553991 0,0020688758795262365
данный 0,1508228897345837 5,207972711829547E-05
датский 2,995732273553991 0,0010344379397631183
два 0 0
двойной 3,912023005428146 0,0054033466925803115
декабрь 0 0
дементьева 1,9661128563728327 0,004073438238341504
демидов 4,605170185988092 0,003180366150544262
деревня 1,8325814637483102 0,0012655949335278385
деятель 1,5141277326297755 0,0005228341618196739
джеймсон 4,605170185988092 0,003180366150544262
джейн 3,912023005428146 0,0013508366731450779
джекман 4,605170185988092 0,003180366150544262
джон 2,302585092994046 0,0007950915376360655
дмитриев 4,605170185988092 0,003180366150544262
дно 3,912023005428146 0,0013508366731450779
добрыня 4,605170185988092 0,003180366150544262
договор 2,407945608651872 0,0008314729311643203
доктор 2,659260036932778 0,0009182527751839702
домашний 2,302585092994046 0,001590183075272131
достигнуть 4,605170185988092 0,001590183075272131
достижение 2,207274913189721 0,0022865416918401806
достичь 2,659260036932778 0,002754758325551911
дэвид 2,407945608651872 0,0008314729311643203
евгения 2,995732273553991 0,0020688758795262365
европейский 1,1086626245216111 0,0003828254918928215
егоров 4,605170185988092 0,003180366150544262
ежов 4,605170185988092 0,003180366150544262
ермак 3,506557897319982 0,0024216560064364515
ермолаев 3,912023005428146 0,0027016733462901558
ермолов 4,605170185988092 0,003180366150544262
жарок 4,605170185988092 0,003180366150544262
железняков 4,605170185988092 0,003180366150544262
жемчуг 4,605170185988092 0,003180366150544262
жить 1,7719568419318754 0,0006118635503908409
жонголович 4,605170185988092 0,006360732301088524
журнал 0 0
завершать 4,605170185988092 0,001590183075272131
завершиться 2,8134107167600364 0,0009714816010911728
задача 2,995732273553991 0,0010344379397631183
залив 2,207274913189721 0,010670527895254175
зандер 4,605170185988092 0,003180366150544262
заниматься 0 0
запад 0,9162907318741551 0,0006327974667639192
западный 0,9942522733438669 0,00034331915516017504
запрос 0,1165338162559516 8,047915487289475E-05
зафиксировать 4,605170185988092 0,001590183075272131
заявить 4,605170185988092 0,001590183075272131
заячий 4,605170185988092 0,006360732301088524
звероловный 4,605170185988092 0,003180366150544262
земля 1,2378743560016172 0,007693970444761433
земной 2,8134107167600364 0,0009714816010911728
знаете 0,06187540371808745 4,2731632401994095E-05
знак 0 0
зоология 3,912023005428146 0,0013508366731450779
зоя 3,506557897319982 0,0024216560064364515
зубец 4,605170185988092 0,003180366150544262
ивановка 4,605170185988092 0,003180366150544262
избной 4,605170185988092 0,003180366150544262
избранный 0,083381608939051 0,0001151679681478605
избрать 0 0
известный 0,7765287894989963 0,00026813839416401806
изменение 0 0
изображение 0,06187540371808745 4,2731632401994095E-05
илла 1,3862943611198906 0,0009573856085082116
имя 1,4271163556401458 0,0004927887968370669
инаат 4,605170185988092 0,003180366150544262
ирина 3,2188758248682006 0,00222298054203605
искать 0 0
искусство 0,083381608939051 0,0001151679681478605
испанский 0,49429632181478017 0,00017068243156587713
использование 0 0
использовать 1,4271163556401458 0,0004927887968370669
история 0 0
источник 0 0
итальянский 0,7339691750802005 0,000253442394710014
июнь 0 0
казак 3,2188758248682006 0,00222298054203605
казариновый 4,605170185988092 0,003180366150544262
казобин 4,605170185988092 0,003180366150544262
калиткин 4,605170185988092 0,003180366150544262
калтак 4,605170185988092 0,003180366150544262
каменистый 4,605170185988092 0,003180366150544262
камень 2,5257286443082556 0,017442877377819445
канада 2,659260036932778 0,005509516651103822
кармакульский 4,605170185988092 0,006360732301088524
карский 4,605170185988092 0,01590183075272131
категория 0 0
кацать 4,605170185988092 0,003180366150544262
кекур 4,605170185988092 0,003180366150544262
класс 2,995732273553991 0,0010344379397631183
климат 2,302585092994046 0,0007950915376360655
км 0,8209805520698303 0,0005669755193852419
книга 0 0
ковалевский 4,605170185988092 0,003180366150544262
код 0 0
козельский 3,912023005428146 0,0027016733462901558
козинец 4,605170185988092 0,003180366150544262
кокин 4,605170185988092 0,003180366150544262
коломейцев 4,605170185988092 0,003180366150544262
колосовой 4,605170185988092 0,003180366150544262
коми 3,912023005428146 0,0027016733462901558
константин 2,659260036932778 0,0018365055503679405
консультировать 4,605170185988092 0,001590183075272131
конькобежец 4,605170185988092 0,003180366150544262
конюшников 4,605170185988092 0,003180366150544262
корабль 2,407945608651872 0,0008314729311643203
кордильер 4,605170185988092 0,003180366150544262
корсар 4,605170185988092 0,003180366150544262
костина 4,605170185988092 0,003180366150544262
котовский 3,506557897319982 0,0024216560064364515
край 1,9661128563728327 0,002036719119170752
крапивина 4,605170185988092 0,003180366150544262
красина 4,605170185988092 0,003180366150544262
красный 0,7765287894989963 0,0005362767883280361
кратер 3,912023005428146 0,0013508366731450779
крестовый 2,8134107167600364 0,003885926404364691
круглый 3,912023005428146 0,0054033466925803115
крупный 1,4271163556401458 0,0009855775936741338
кузнецова 4,605170185988092 0,003180366150544262
кузьменко 4,605170185988092 0,003180366150544262
кузьминичный 4,605170185988092 0,003180366150544262
кук 4,605170185988092 0,001590183075272131
кулига 4,605170185988092 0,003180366150544262
культура 0,3566749439387324 0,00024632247509580963
курган 4,605170185988092 0,003180366150544262
курочкин 4,605170185988092 0,003180366150544262
кусовой 4,605170185988092 0,003180366150544262
кучум 4,605170185988092 0,003180366150544262
лагерный 3,912023005428146 0,0027016733462901558
лауреат 2,995732273553991 0,0010344379397631183
лёд 3,912023005428146 0,0027016733462901558
ледниковый 3,2188758248682006 0,001111490271018025
ледовитый 4,605170185988092 0,011131281526904917
ледокол 4,605170185988092 0,006360732301088524
ледяной 3,912023005428146 0,0013508366731450779
леман 4,605170185988092 0,003180366150544262
ленин 3,506557897319982 0,0024216560064364515
лескинен 4,605170185988092 0,003180366150544262
летний 1,7147984280919266 0,001184253058074535
литке 4,605170185988092 0,003180366150544262
личность 0,127833371509885 8,828271513113604E-05
личутин 4,605170185988092 0,003180366150544262
ловцова 4,605170185988092 0,003180366150544262
логин 3,912023005428146 0,0054033466925803115
лот 4,605170185988092 0,003180366150544262
лошкин 4,605170185988092 0,006360732301088524
луда 4,605170185988092 0,025442929204354096
лудка 4,605170185988092 0,003180366150544262
луна 2,659260036932778 0,0009182527751839702
лучший 0 0
лыжа 3,506557897319982 0,0012108280032182258
лыжник 3,912023005428146 0,0027016733462901558
людмила 3,2188758248682006 0,00222298054203605
магаданский 3,912023005428146 0,0054033466925803115
май 0 0
макаров 4,605170185988092 0,003180366150544262
малец 3,912023005428146 0,0027016733462901558
малый 1,9661128563728327 0,008146876476683008
малышка 4,605170185988092 0,003180366150544262
маметкул 4,605170185988092 0,003180366150544262
мара 3,506557897319982 0,0024216560064364515
маргарит 3,912023005428146 0,0054033466925803115
маркирьев 4,605170185988092 0,003180366150544262
маркирьевич 4,605170185988092 0,003180366150544262
март 0 0
марта 0,3566749439387324 0,003694837126437145
матвиенко 3,912023005428146 0,0027016733462901558
материал 0 0
матрос 3,912023005428146 0,0027016733462901558
медведеть 3,2188758248682006 0,00222298054203605
медведка 4,605170185988092 0,003180366150544262
медведь 3,506557897319982 0,004843312012872903
медвежий 4,605170185988092 0,012721464602177048
медицина 2,659260036932778 0,0018365055503679405
международный 0,9942522733438669 0,00034331915516017504
междушарский 4,605170185988092 0,003180366150544262
мелкий 2,659260036932778 0,0018365055503679405
место 0 0
месяц 1,7147984280919266 0,0005921265290372674
метод 2,995732273553991 0,0010344379397631183
мешок 4,605170185988092 0,001590183075272131
минимум 3,506557897319982 0,0012108280032182258
миро 0 0
мировой 1,2039728043259361 0,0008314729311643204
митюшев 4,605170185988092 0,003180366150544262
митюшиха 4,605170185988092 0,003180366150544262
митя 3,912023005428146 0,0027016733462901558
михайлович 1,7719568419318754 0,0012237271007816818
михренгин 4,605170185988092 0,003180366150544262
млекопитающее 3,2188758248682006 0,00222298054203605
многие 1,5606477482646683 0,001616693109390195
мобильный 0 0
мой 0 0
моллер 4,605170185988092 0,003180366150544262
молодость 3,912023005428146 0,0013508366731450779
море 1,1394342831883648 0,008262472357374193
морской 1,6607312068216509 0,0017203707252986713
моча 0,16251892949777494 5,611841488182836E-05
мочь 0,8209805520698303 0,0005669755193852419
муж 3,2188758248682006 0,001111490271018025
мурманск 4,605170185988092 0,003180366150544262
мурманский 3,506557897319982 0,0024216560064364515
мурманчанин 4,605170185988092 0,003180366150544262
мчс 4,605170185988092 0,003180366150544262
наблюдение 2,8134107167600364 0,0009714816010911728
наварин 4,605170185988092 0,003180366150544262
навигация 0 0
награда 1,3470736479666094 0,0004651497403199618
нажать 0 0
название 0 0
назвать 1,9661128563728327 0,0006789063730569173
назимов 4,605170185988092 0,003180366150544262
наикратчайший 4,605170185988092 0,001590183075272131
найти 0 0
наковальня 4,605170185988092 0,003180366150544262
нансен 4,605170185988092 0,012721464602177048
нао 4,605170185988092 0,003180366150544262
наоми 4,605170185988092 0,003180366150544262
написать 0,9942522733438669 0,0006866383103203501
наркизовы 4,605170185988092 0,003180366150544262
народ 1,4271163556401458 0,0009855775936741338
нарьян 4,605170185988092 0,003180366150544262
наука 0,05129329438755048 0,00010627063754326757
научный 1,6094379124341003 0,0005557451355090125
нахимов 4,605170185988092 0,003180366150544262
находиться 0 0
начать 0,38566248081198473 0,003995122384102052
начинать 0,1508228897345837 0,00010415945423659094
небольшой 1,9661128563728327 0,0006789063730569173
невеликий 4,605170185988092 0,001590183075272131
недоступный 4,605170185988092 0,003180366150544262
некоммерческий 0 0
нелидово 4,605170185988092 0,003180366150544262
немецкий 0,5108256237659907 0,00017639006345510728
ненцкий 4,605170185988092 0,003180366150544262
необходимый 2,8134107167600364 0,0019429632021823455
нерлерит 4,605170185988092 0,003180366150544262
нерпа 4,605170185988092 0,003180366150544262
нехватов 4,605170185988092 0,003180366150544262
низкий 2,8134107167600364 0,0019429632021823455
никитич 3,912023005428146 0,0027016733462901558
никольский 2,995732273553991 0,004137751759052473
нобелевский 3,506557897319982 0,0012108280032182258
новый 0 0
норва 3,912023005428146 0,0013508366731450779
норвегия 2,995732273553991 0,0020688758795262365
норвежский 1,7147984280919266 0,00236850611614907
норд 4,605170185988092 0,003180366150544262
норденшельд 3,912023005428146 0,010806693385160623
норск 4,605170185988092 0,003180366150544262
ночевать 4,605170185988092 0,001590183075272131
ноябрь 0 0
нунавать 4,605170185988092 0,003180366150544262
обвинение 3,506557897319982 0,0024216560064364515
область 0,7765287894989963 0,004826491094952325
оборудование 3,2188758248682006 0,001111490271018025
обсудить 4,605170185988092 0,003180366150544262
обсуждение 0 0
общественный 2,302585092994046 0,0007950915376360655
общество 0,07257069283483537 5,011788179201338E-05
объект 1,6607312068216509 0,0005734569084328905
обязательный 0 0
овальный 4,605170185988092 0,003180366150544262
одиночка 3,912023005428146 0,0013508366731450779
озерной 4,605170185988092 0,006360732301088524
озеро 1,8325814637483102 0,0012655949335278385
океан 1,6607312068216509 0,005734569084328905
океанография 4,605170185988092 0,001590183075272131
октавина 4,605170185988092 0,003180366150544262
октябрь 0 0
олаф 4,605170185988092 0,003180366150544262
олег 2,407945608651872 0,0016629458623286407
олений 4,605170185988092 0,006360732301088524
опасный 3,912023005428146 0,0027016733462901558
описание 0 0
оранский 3,912023005428146 0,0054033466925803115
организация 0 0
организовать 1,9661128563728327 0,0006789063730569173
оружие 2,0402208285265546 0,0014089922848940293
освобождение 2,659260036932778 0,0018365055503679405
основатель 1,9661128563728327 0,0006789063730569173
основной 0 0
осокин 4,605170185988092 0,003180366150544262
остров 1,2039728043259361 0,10642853518903302
ответственность 0 0
отдельный 0 0
отечественный 2,0402208285265546 0,0014089922848940293
отказ 0 0
открытие 2,5257286443082556 0,0008721438688909722
открыться 3,912023005428146 0,0027016733462901558
относительно 3,2188758248682006 0,00222298054203605
отношение 1,4696759700589417 0,000507484796291071
отрезной 4,605170185988092 0,003180366150544262
отряд 2,5257286443082556 0,0017442877377819444
отсутствовать 0,05129329438755048 0,004321672593426215
оценивание 0,1508228897345837 0,00010415945423659094
палатка 4,605170185988092 0,001590183075272131
палец 3,506557897319982 0,0024216560064364515
панёк 4,605170185988092 0,003180366150544262
панкратьева 4,605170185988092 0,003180366150544262
пасынок 4,605170185988092 0,003180366150544262
пахтусовый 4,605170185988092 0,009541098451632786
педашенко 4,605170185988092 0,003180366150544262
первопроходческий 4,605170185988092 0,001590183075272131
первый 0 0
передвижение 3,912023005428146 0,0013508366731450779
перейти 0 0
персоналия 0,07257069283483537 5,011788179201338E-05
песчаный 3,2188758248682006 0,00222298054203605
петерсен 4,605170185988092 0,003180366150544262
петровна 4,605170185988092 0,003180366150544262
петух 4,605170185988092 0,003180366150544262
петуховский 4,605170185988092 0,009541098451632786
петь 3,2188758248682006 0,00222298054203605
печать 0 0
пинегин 4,605170185988092 0,003180366150544262
пири 4,605170185988092 0,01431164767744918
плеханов 4,605170185988092 0,003180366150544262
плешь 4,605170185988092 0,003180366150544262
плоский 4,605170185988092 0,012721464602177048
плот 4,605170185988092 0,001590183075272131
площадь 1,07880966137193 0,0007450342965275759
пн 0,127833371509885 8,828271513113604E-05
погоня 3,912023005428146 0,0013508366731450779
пограничный 3,2188758248682006 0,00222298054203605
подборка 1,6094379124341003 0,0044459610840721
поделить 4,605170185988092 0,001590183075272131
подражание 4,605170185988092 0,001590183075272131
подрез 4,605170185988092 0,003180366150544262
подробный 0 0
поиск 0 0
покорение 3,912023005428146 0,0013508366731450779
покорить 4,605170185988092 0,001590183075272131
покров 2,995732273553991 0,0010344379397631183
политик 0 0
политический 1,2039728043259361 0,0004157364655821602
полный 1,6094379124341003 0,0005557451355090125
половина 2,207274913189721 0,0007621805639467269
полуостров 2,659260036932778 0,003673011100735881
получить 0 0
полуэктова 4,605170185988092 0,003180366150544262
полюс 3,506557897319982 0,023005732061146287
полярник 3,506557897319982 0,0024216560064364515
полярный 3,2188758248682006 0,010003412439162225
помочь 0,127833371509885 4,414135756556802E-05
помощь 0,127833371509885 8,828271513113604E-05
попытка 2,407945608651872 0,0016629458623286407
портал 0 0
поселение 2,0402208285265546 0,0014089922848940293
последний 0 0
посмотреть 0 0
поставить 2,302585092994046 0,001590183075272131
потребовать 4,605170185988092 0,003180366150544262
потребоваться 3,506557897319982 0,0012108280032182258
потыч 4,605170185988092 0,003180366150544262
поэтом 2,8134107167600364 0,0009714816010911728
пояс 2,120263536200091 0,0014642703979282396
править 0 0
правка 0 0
право 0,843970070294529 0,0002914261292453484
предлагать 0 0
предприятие 2,995732273553991 0,0010344379397631183
премия 1,8325814637483102 0,0012655949335278385
прибрежный 2,8134107167600364 0,0019429632021823455
призрак 4,605170185988092 0,001590183075272131
прилузский 4,605170185988092 0,009541098451632786
пример 2,8134107167600364 0,0009714816010911728
принадлежать 2,407945608651872 0,0008314729311643203
природный 2,407945608651872 0,0008314729311643203
проект 0 0
пройти 2,207274913189721 0,0007621805639467269
прокопьевка 4,605170185988092 0,003180366150544262
пролетарский 3,912023005428146 0,0027016733462901558
просмотр 1,2729656758128876 0,0008791199418597289
проходить 1,5141277326297755 0,0005228341618196739
публика 3,912023005428146 0,0013508366731450779
пункт 1,5606477482646683 0,00107779540626013
путешественница 4,605170185988092 0,001590183075272131
путь 2,120263536200091 0,0014642703979282396
пуховый 4,605170185988092 0,006360732301088524
пынины 4,605170185988092 0,003180366150544262
пятерой 4,605170185988092 0,001590183075272131
работать 1,7147984280919266 0,0005921265290372674
рагозина 4,605170185988092 0,003180366150544262
развитие 0,9416085398584451 0,00032514107039310946
разный 2,0402208285265546 0,0007044961424470147
разработчик 0 0
район 1,171182981502945 0,002426484077699472
раковый 4,605170185988092 0,003180366150544262
ранея 2,5257286443082556 0,0008721438688909722
распространиться 4,605170185988092 0,001590183075272131
регион 0,9942522733438669 0,0006866383103203501
регулярный 2,5257286443082556 0,0008721438688909722
рейнек 4,605170185988092 0,003180366150544262
религия 0,083381608939051 5,758398407393025E-05
ренланда 4,605170185988092 0,003180366150544262
ресурс 2,407945608651872 0,0008314729311643203
речной 3,506557897319982 0,0024216560064364515
роберта 2,207274913189721 0,0015243611278934538
рогинский 4,605170185988092 0,003180366150544262
родственный 0,21072103131565253 7,276278705650986E-05
роза 2,8134107167600364 0,0019429632021823455
роман 1,4696759700589417 0,003044908777746426
российский 1,0498221244986776 0,0021750458380497464
россия 0,7765287894989963 0,0040220759124602705
рудаков 4,605170185988092 0,003180366150544262
руководитель 2,5257286443082556 0,0017442877377819444
русский 0 0
рухлов 4,605170185988092 0,003180366150544262
рыба 2,5257286443082556 0,0017442877377819444
савва 4,605170185988092 0,003180366150544262
садкий 4,605170185988092 0,003180366150544262
салом 4,605170185988092 0,003180366150544262
самый 0,5447271754416719 0,00018809640035969335
саханин 4,605170185988092 0,006360732301088524
саханиха 4,605170185988092 0,003180366150544262
саша 3,2188758248682006 0,00666894162610815
сведение 0 0
свежий 0 0
свободный 0 0
связать 0 0
северный 1,1086626245216111 0,013781717708141574
северо 1,6094379124341003 0,0016672354065270375
северовед 4,605170185988092 0,004770549225816393
сей 2,995732273553991 0,0010344379397631183
сельский 1,6607312068216509 0,001146913816865781
сентябрь 0 0
сергеевич 2,302585092994046 0,0007950915376360655
сикор 4,605170185988092 0,003180366150544262
сила 0,9416085398584451 0,0006502821407862189
силач 4,605170185988092 0,003180366150544262
система 0 0
сияние 4,605170185988092 0,003180366150544262
скало 3,912023005428146 0,0027016733462901558
скандинавия 4,605170185988092 0,001590183075272131
скудный 4,605170185988092 0,003180366150544262
слово 1,5606477482646683 0,000538897703130065
слудка 4,605170185988092 0,006360732301088524
случай 0 0
случайный 0 0
смежный 3,506557897319982 0,0024216560064364515
смотреть 0 0
снег 2,995732273553991 0,0010344379397631183
снять 2,302585092994046 0,001590183075272131
собачий 3,912023005428146 0,0027016733462901558
событие 0 0
содержание 0,1392620673335076 4,808773043284102E-05
создать 0 0
сомнение 4,605170185988092 0,001590183075272131
сообщество 0 0
сотрудничество 2,995732273553991 0,0020688758795262365
софия 2,8134107167600364 0,0019429632021823455
сохранение 0 0
спальная 4,605170185988092 0,001590183075272131
спасательный 4,605170185988092 0,003180366150544262
спасло 3,912023005428146 0,0013508366731450779
список 0 0
сплавляться 4,605170185988092 0,001590183075272131
спора 4,605170185988092 0,001590183075272131
спорт 0,083381608939051 5,758398407393025E-05
спортивный 2,302585092994046 0,001590183075272131
спортсмен 2,207274913189721 0,0015243611278934538
сраз 2,659260036932778 0,0009182527751839702
средний 1,8971199848858813 0,003930497206255279
ссылаться 0 0
ссылка 0 0
ставить 2,407945608651872 0,0008314729311643203
стадольский 4,605170185988092 0,003180366150544262
станция 2,302585092994046 0,001590183075272131
статистик 0 0
стать 0,4620354595965586 0,00015954263107615974
статья 0 0
степановна 4,605170185988092 0,003180366150544262
стецивый 3,912023005428146 0,0027016733462901558
столица 0,7985076962177716 0,0005514555913106158
страна 0,43078291609245434 0,000892506041628013
страница 0 0
субарктический 4,605170185988092 0,003180366150544262
сугубый 4,605170185988092 0,001590183075272131
суша 3,506557897319982 0,0012108280032182258
сша 0,9675840262617057 0,0006682210126116751
сырой 4,605170185988092 0,003180366150544262
сытина 4,605170185988092 0,003180366150544262
сюд 0 0
тайный 2,659260036932778 0,0018365055503679405
текст 0 0
тема 0,7550225842780328 0,00026071221832805
тертыр 4,605170185988092 0,003180366150544262
техника 0,06187540371808745 4,2731632401994095E-05
течь 0 0
тимофеев 4,605170185988092 0,003180366150544262
тихий 3,2188758248682006 0,001111490271018025
толкунец 4,605170185988092 0,003180366150544262
торосный 4,605170185988092 0,003180366150544262
точка 2,207274913189721 0,0015243611278934538
трактат 3,912023005428146 0,0013508366731450779
транспорт 0,9162907318741551 0,0006327974667639192
трескин 4,605170185988092 0,003180366150544262
третий 1,7147984280919266 0,0005921265290372674
тройной 3,912023005428146 0,0027016733462901558
трувор 4,605170185988092 0,003180366150544262
тугить 4,605170185988092 0,003180366150544262
тырт 4,605170185988092 0,003180366150544262
тюлений 4,605170185988092 0,003180366150544262
удостоить 2,995732273553991 0,0010344379397631183
узкий 2,995732273553991 0,0020688758795262365
уильям 2,302585092994046 0,0007950915376360655
указатель 0 0
укромный 4,605170185988092 0,003180366150544262
улица 1,8971199848858813 0,0013101657354184263
унковский 4,605170185988092 0,003180366150544262
упустить 4,605170185988092 0,001590183075272131
урак 4,605170185988092 0,003180366150544262
условие 0 0
успешный 2,120263536200091 0,0014642703979282396
установить 1,7719568419318754 0,0006118635503908409
участвовать 1,8971199848858813 0,0006550828677092132
участие 0 0
участник 0 0
уэмур 4,605170185988092 0,003180366150544262
февраль 0 0
физический 2,120263536200091 0,0007321351989641198
филантроп 3,912023005428146 0,0027016733462901558
философия 0,09431067947124142 6,513168471770816E-05
флаг 0,8675005677047231 0,0005991026020060241
форум 0 0
фрам 3,912023005428146 0,0027016733462901558
франклин 3,2188758248682006 0,00222298054203605
французский 0,23572233352106994 8,139583339815951E-05
фредерика 2,995732273553991 0,0010344379397631183
фритьофа 4,605170185988092 0,007950915376360656
фронт 2,120263536200091 0,0014642703979282396
футболист 1,8971199848858813 0,0013101657354184263
фф 2,995732273553991 0,0010344379397631183
хабаров 4,605170185988092 0,003180366150544262
хейглина 4,605170185988092 0,003180366150544262
ховард 4,605170185988092 0,003180366150544262
ход 1,6607312068216509 0,0005734569084328905
холл 3,912023005428146 0,0013508366731450779
храмцовый 4,605170185988092 0,003180366150544262
хх 1,2729656758128876 0,00043955997092986446
цамутать 4,605170185988092 0,003180366150544262
цветной 3,506557897319982 0,0024216560064364515
центр 0,8915981192837835 0,000615744557516425
центральный 1,2729656758128876 0,0008791199418597289
циволька 4,605170185988092 0,012721464602177048
циган 4,605170185988092 0,003180366150544262
чабак 4,605170185988092 0,003180366150544262
чайка 4,605170185988092 0,003180366150544262
чарльз 3,2188758248682006 0,001111490271018025
часть 0,5978370007556204 0,002064354284377142
чаячий 4,605170185988092 0,003180366150544262
чевкунов 4,605170185988092 0,003180366150544262
четверть 3,2188758248682006 0,001111490271018025
число 1,3470736479666094 0,0009302994806399236
читать 0 0
чукотка 3,912023005428146 0,0027016733462901558
чукотский 3,912023005428146 0,0013508366731450779
шаблон 0 0
шапка 3,912023005428146 0,0027016733462901558
шар 3,2188758248682006 0,005557451355090125
шатилов 4,605170185988092 0,003180366150544262
швецов 4,605170185988092 0,003180366150544262
шельбах 4,605170185988092 0,003180366150544262
шестаков 4,605170185988092 0,003180366150544262
шилейко 4,605170185988092 0,003180366150544262
шипунов 4,605170185988092 0,003180366150544262
широкий 2,207274913189721 0,0007621805639467269
широта 3,2188758248682006 0,001111490271018025
шлем 3,506557897319982 0,0024216560064364515
шпанберг 4,605170185988092 0,003180366150544262
шпицберген 4,605170185988092 0,006360732301088524
штат 1,7147984280919266 0,0005921265290372674
шульцо 4,605170185988092 0,003180366150544262
щит 2,995732273553991 0,0010344379397631183
экспедиция 2,995732273553991 0,013447693216920539
элемент 0,19845093872383823 0,0001370517532623192
энциклопедия 0 0
южный 1,171182981502945 0,00404414012949912
юрий 2,120263536200091 0,0021964055968923596
юрт 4,605170185988092 0,003180366150544262
юрьевич 2,407945608651872 0,0016629458623286407
юрьевна 3,2188758248682006 0,00222298054203605
являться 0,3424903089467759 0,00011826322822747787
язык 0 0
ярослав 3,2188758248682006 0,00222298054203605
ярцево 4,605170185988092 0,003180366150544262
