август 0 0
авероф 4,605170185988092 0,0066023945318825685
австралия 2,5257286443082556 0,0036211163359258147
агат 3,912023005428146 0,005608635133230316
азербайджанский 1,6607312068216509 0,0011904883203022586
академик 3,506557897319982 0,002513661575139772
аксель 4,605170185988092 0,0066023945318825685
александр 1,3470736479666094 0,0019312883841815188
александра 2,407945608651872 0,0017261258843382593
александрович 1,6607312068216509 0,0011904883203022586
александровская 3,912023005428146 0,011217270266460633
алкснис 4,605170185988092 0,0066023945318825685
алфавит 0 0
ампир 4,605170185988092 0,0066023945318825685
ангерберг 4,605170185988092 0,0066023945318825685
ангкор 3,912023005428146 0,005608635133230316
англ 1,0498221244986776 0,0007525606627230664
английский 0,37106368139083196 0,0005319909410621247
англичанин 3,2188758248682006 0,0023074378672890325
андре 3,912023005428146 0,005608635133230316
анна 1,9661128563728327 0,0014093998970414572
ансамбль 3,2188758248682006 0,0023074378672890325
античность 2,659260036932778 0,0019062795963675828
апон 3,912023005428146 0,005608635133230316
апрель 0 0
арабо 3,506557897319982 0,0075409847254193155
арабский 0,38566248081198473 0,00027646055972185287
армянский 1,8325814637483102 0,0013136784686367815
архив 0,3011050927839216 0,0025901513357756696
архитектор 2,5257286443082556 0,030779488855369425
архитектура 1,1086626245216111 0,09695830838110148
архитектурный 2,5257286443082556 0,02715837251944361
ассирия 3,912023005428146 0,005608635133230316
астроп 4,605170185988092 0,0066023945318825685
аэропорт 2,120263536200091 0,003039804352975041
б 3,506557897319982 0,002513661575139772
базил 4,605170185988092 0,0066023945318825685
базилик 3,2188758248682006 0,0023074378672890325
барокко 3,912023005428146 0,01682590539969095
бартоломео 4,605170185988092 0,013204789063765137
баскур 3,912023005428146 0,005608635133230316
баялович 3,912023005428146 0,005608635133230316
бедный 3,506557897319982 0,002513661575139772
белорусский 2,659260036932778 0,0019062795963675828
бильдюдалюра 3,912023005428146 0,005608635133230316
био 4,605170185988092 0,0066023945318825685
ближний 2,659260036932778 0,0038125591927351656
богородица 2,8134107167600364 0,004033563751627292
богослов 3,912023005428146 0,005608635133230316
болтон 3,506557897319982 0,005027323150279544
больший 1,8325814637483102 0,0013136784686367815
брно 3,506557897319982 0,005027323150279544
бронзовый 2,8134107167600364 0,006050345627440938
брутализм 4,605170185988092 0,0066023945318825685
бсуждение 3,912023005428146 0,002804317566615158
валлен 4,605170185988092 0,0066023945318825685
век 0,5108256237659907 0,006591298371174074
великий 1,0216512475319812 0,000732366485686008
великобритания 1,6607312068216509 0,0047619532812090345
версия 0 0
вести 2,995732273553991 0,0021474783322967678
видеть 3,2188758248682006 0,0023074378672890325
византийский 2,8134107167600364 0,002016781875813646
византия 2,995732273553991 0,0042949566645935355
википедия 0 0
викисклад 0,5798184952529422 0,0016625619935568233
викисловарь 1,4271163556401458 0,0010230224771613948
викицитатник 0,9675840262617057 0,0006936086209761331
вклад 0 0
влияние 2,302585092994046 0,0016505986329706421
возвышение 3,912023005428146 0,002804317566615158
воззрение 4,605170185988092 0,0033011972659412843
возможность 2,5257286443082556 0,0036211163359258147
возрождение 3,912023005428146 0,005608635133230316
ворот 2,8134107167600364 0,004033563751627292
восприниматься 4,605170185988092 0,0033011972659412843
восток 0,7985076962177716 0,0028620347534687157
вроцлав 4,605170185988092 0,0066023945318825685
выделиться 4,605170185988092 0,0033011972659412843
выполняться 4,605170185988092 0,0033011972659412843
высказать 3,912023005428146 0,002804317566615158
высокий 1,8971199848858813 0,002719885282990511
вьетнамский 1,6094379124341003 0,0011537189336445163
герас 3,912023005428146 0,002804317566615158
германий 2,207274913189721 0,003164551846866984
германия 1,9661128563728327 0,0028187997940829143
германский 2,5257286443082556 0,0018105581679629073
гигиенический 4,605170185988092 0,0033011972659412843
главное 1,7147984280919266 0,0012292461850121337
главный 1,9661128563728327 0,0014093998970414572
город 0,3424903089467759 0,0007365382988102707
городище 3,2188758248682006 0,004614875734578065
государство 0,6733445532637655 0,0004826842675725918
готический 4,605170185988092 0,009903591797823854
градостроитель 4,605170185988092 0,0033011972659412843
градостроительство 4,605170185988092 0,009903591797823854
граф 2,8134107167600364 0,002016781875813646
греция 2,0402208285265546 0,00292504778283377
греча 1,9661128563728327 0,0028187997940829143
григория 2,8134107167600364 0,002016781875813646
гримм 4,605170185988092 0,0066023945318825685
гримшоу 4,605170185988092 0,0066023945318825685
гробница 3,2188758248682006 0,004614875734578065
грузинский 1,8325814637483102 0,0013136784686367815
далья 0,3566749439387324 0,001278404816984704
данный 0,1508228897345837 0,00021623353366965404
дать 2,5257286443082556 0,0018105581679629073
два 0 0
декабрь 0 0
деконструктивизм 4,605170185988092 0,013204789063765137
делать 2,8134107167600364 0,002016781875813646
день 1,3862943611198906 0,0009937593986522513
держава 2,8134107167600364 0,002016781875813646
деятельность 2,120263536200091 0,0015199021764875204
джераш 3,506557897319982 0,002513661575139772
джозеф 2,8134107167600364 0,004033563751627292
джордж 2,407945608651872 0,0017261258843382593
джура 3,912023005428146 0,005608635133230316
дизайн 2,995732273553991 0,0042949566645935355
добавлять 1,7719568419318754 0,0012702199583741042
дом 1,3470736479666094 0,0038625767683630376
дослать 3,2188758248682006 0,0023074378672890325
достижение 2,207274913189721 0,001582275923433492
достичь 2,659260036932778 0,0019062795963675828
доходный 4,605170185988092 0,0066023945318825685
дочерний 2,995732273553991 0,0021474783322967678
др 1,8971199848858813 0,002719885282990511
древнегреческий 2,302585092994046 0,0033011972659412843
древний 1,4696759700589417 0,009481780451993172
европейский 1,1086626245216111 0,0007947402326319793
египет 2,302585092994046 0,0066023945318825685
железный 1,7147984280919266 0,0024584923700242674
жизненный 3,912023005428146 0,005608635133230316
жизнь 1,5606477482646683 0,0011187439055660704
жилой 3,506557897319982 0,002513661575139772
жить 1,7719568419318754 0,0012702199583741042
журнал 0 0
заимствовать 3,506557897319982 0,002513661575139772
замечание 3,912023005428146 0,002804317566615158
замок 2,5257286443082556 0,010863349007777443
заниматься 0 0
зародиться 3,506557897319982 0,002513661575139772
захаровы 4,605170185988092 0,0066023945318825685
здание 1,8325814637483102 0,002627356937273563
знаете 0,06187540371808745 8,871025622664867E-05
знак 0 0
знаменитый 2,120263536200091 0,0015199021764875204
зный 4,605170185988092 0,0033011972659412843
иврит 1,6607312068216509 0,0011904883203022586
избранный 0,083381608939051 0,00023908705072129318
избрать 0 0
известный 0,7765287894989963 0,002226605848025796
изделие 2,995732273553991 0,0021474783322967678
изменение 0 0
изображение 0,06187540371808745 0,00017742051245329735
ил 2,995732273553991 0,0042949566645935355
иллюстрация 1,8325814637483102 0,002627356937273563
ильинский 3,912023005428146 0,005608635133230316
иметь 0,616186139423817 0,000883420988421243
император 2,207274913189721 0,001582275923433492
индустриализация 4,605170185988092 0,0033011972659412843
интернационализм 4,605170185988092 0,0033011972659412843
иоанна 2,8134107167600364 0,008067127503254584
иосиф 2,302585092994046 0,0033011972659412843
искать 0 0
исключительно 3,2188758248682006 0,0023074378672890325
искусство 0,083381608939051 0,0005379458641229097
испанский 0,49429632181478017 0,00035433428087081016
использование 0 0
испытать 3,912023005428146 0,002804317566615158
историзм 4,605170185988092 0,0066023945318825685
исторический 1,2378743560016172 0,0008873651297502633
история 0 0
источник 0 0
итал 2,995732273553991 0,0042949566645935355
италия 1,8325814637483102 0,006568392343183908
итальянец 3,506557897319982 0,002513661575139772
итальянский 0,7339691750802005 0,002104571111341077
июнь 0 0
кавалер 3,2188758248682006 0,0023074378672890325
каракис 3,912023005428146 0,008412952699845475
карлайл 3,506557897319982 0,005027323150279544
карло 4,605170185988092 0,0066023945318825685
каталанский 1,8325814637483102 0,0013136784686367815
категория 0 0
кафедральный 2,995732273553991 0,0042949566645935355
качественный 4,605170185988092 0,0033011972659412843
китайский 1,171182981502945 0,0008395576928336524
класс 2,995732273553991 0,0021474783322967678
классицизм 4,605170185988092 0,013204789063765137
книга 0 0
князь 2,407945608651872 0,0017261258843382593
код 0 0
колонна 3,2188758248682006 0,013844627203734196
комплекс 1,8971199848858813 0,002719885282990511
конструктивизм 4,605170185988092 0,0066023945318825685
королевство 1,6094379124341003 0,0023074378672890325
король 1,7147984280919266 0,0012292461850121337
короп 4,605170185988092 0,0066023945318825685
который 0,9162907318741551 0,0006568392343183907
красный 0,7765287894989963 0,000556651462006449
крепость 1,9661128563728327 0,0014093998970414572
креститель 3,506557897319982 0,005027323150279544
крестовый 2,8134107167600364 0,004033563751627292
кристь 3,2188758248682006 0,004614875734578065
крыша 3,912023005428146 0,002804317566615158
культ 2,5257286443082556 0,0018105581679629073
культурный 1,5141277326297755 0,0010853962241073659
купольный 3,912023005428146 0,005608635133230316
л 2,8134107167600364 0,002016781875813646
лат 1,8325814637483102 0,0013136784686367815
лестница 3,912023005428146 0,005608635133230316
личность 0,127833371509885 0,00018327365091022938
лунный 3,506557897319982 0,005027323150279544
лучший 0 0
май 0 0
македонский 1,5606477482646683 0,0011187439055660704
мансара 4,605170185988092 0,0066023945318825685
мансарда 4,605170185988092 0,009903591797823854
мансардный 4,605170185988092 0,0033011972659412843
март 0 0
мастер 2,5257286443082556 0,0018105581679629073
материал 0 0
материальный 3,506557897319982 0,002513661575139772
медный 2,995732273553991 0,0042949566645935355
мезолит 3,912023005428146 0,005608635133230316
месопотамия 4,605170185988092 0,0033011972659412843
место 0 0
метаболизм 4,605170185988092 0,0066023945318825685
метро 3,2188758248682006 0,004614875734578065
мечеть 2,659260036932778 0,0019062795963675828
миро 0 0
многие 1,5606477482646683 0,0011187439055660704
мобильный 0 0
модерн 3,506557897319982 0,005027323150279544
мой 0 0
морица 3,506557897319982 0,005027323150279544
моча 0,16251892949777494 0,00011650102472958776
мощь 3,506557897319982 0,005027323150279544
н 1,4696759700589417 0,002107062322665149
навигация 0 0
нажать 0 0
название 0 0
наибольший 2,659260036932778 0,0019062795963675828
найти 0 0
напоминать 3,2188758248682006 0,0023074378672890325
направление 1,8325814637483102 0,0013136784686367815
направлять 4,605170185988092 0,0033011972659412843
населенный 3,912023005428146 0,002804317566615158
настенный 4,605170185988092 0,0033011972659412843
находиться 0 0
наш 2,5257286443082556 0,0018105581679629073
недоставать 1,07880966137193 0,0007733402590479785
недра 4,605170185988092 0,0033011972659412843
некоммерческий 0 0
немецкий 0,5108256237659907 0,0003661832428430041
необходимый 2,8134107167600364 0,002016781875813646
неоготика 3,912023005428146 0,005608635133230316
неоднократный 3,506557897319982 0,002513661575139772
неоклассицизм 4,605170185988092 0,0066023945318825685
неолит 3,506557897319982 0,005027323150279544
непал 3,506557897319982 0,005027323150279544
непременно 4,605170185988092 0,0033011972659412843
несомненно 4,605170185988092 0,0033011972659412843
нидерланд 2,207274913189721 0,003164551846866984
никакой 3,506557897319982 0,002513661575139772
николас 3,506557897319982 0,005027323150279544
новгород 3,2188758248682006 0,004614875734578065
новое 3,506557897319982 0,005027323150279544
новый 0 0
норвежский 1,7147984280919266 0,0012292461850121337
норман 3,506557897319982 0,005027323150279544
норманнский 4,605170185988092 0,0033011972659412843
носить 1,6094379124341003 0,0011537189336445163
ноябрь 0 0
ньюкасл 3,506557897319982 0,010054646300559088
образование 0,7339691750802005 0,0005261427778352692
образовать 1,6607312068216509 0,0011904883203022586
обрусеть 4,605170185988092 0,0033011972659412843
обсуждение 0 0
общественный 2,302585092994046 0,0016505986329706421
общество 0,07257069283483537 0,0001040440040642801
обязательный 0 0
одесса 3,2188758248682006 0,0023074378672890325
октябрь 0 0
описание 0 0
организация 0 0
организовать 1,9661128563728327 0,0014093998970414572
органический 4,605170185988092 0,0066023945318825685
орден 1,5141277326297755 0,0010853962241073659
ортать 3,912023005428146 0,005608635133230316
оружие 2,0402208285265546 0,00292504778283377
основной 0 0
особый 2,207274913189721 0,001582275923433492
ответственность 0 0
отдельный 0 0
отказ 0 0
отличие 3,2188758248682006 0,0023074378672890325
отпатрулировать 2,207274913189721 0,004746827770300476
отсутствовать 0,05129329438755048 0,00025738570660419595
оттуда 4,605170185988092 0,0033011972659412843
охватывать 2,995732273553991 0,0021474783322967678
оценка 2,302585092994046 0,0016505986329706421
палеолит 3,912023005428146 0,005608635133230316
палермо 4,605170185988092 0,009903591797823854
памятник 1,2039728043259361 0,006904503537353039
париж 2,659260036932778 0,007625118385470331
первобытность 4,605170185988092 0,0033011972659412843
первый 0 0
перейти 0 0
перестраиваться 4,605170185988092 0,0033011972659412843
период 1,3093333199837622 0,0018771803870734943
персидский 1,5606477482646683 0,0033562317166982115
петербург 2,207274913189721 0,006329103693733968
печать 0 0
племянник 3,506557897319982 0,002513661575139772
плотник 4,605170185988092 0,0033011972659412843
площадь 1,07880966137193 0,001546680518095957
пн 0,127833371509885 0,0002749104763653441
повстанец 4,605170185988092 0,0066023945318825685
подборка 1,6094379124341003 0,0023074378672890325
подобный 4,605170185988092 0,0066023945318825685
подробный 0 0
подумать 3,912023005428146 0,002804317566615158
позволять 3,506557897319982 0,002513661575139772
поиск 0 0
показать 1,2729656758128876 0,0009125201977153316
покровительница 3,912023005428146 0,002804317566615158
политик 0 0
политический 1,2039728043259361 0,0008630629421691299
получить 0 0
польский 1,2729656758128876 0,0009125201977153316
польша 2,995732273553991 0,008589913329187071
помещение 4,605170185988092 0,0033011972659412843
помочь 0,127833371509885 9,163682545511469E-05
помпеев 3,912023005428146 0,005608635133230316
помпей 2,995732273553991 0,0021474783322967678
помпеть 3,506557897319982 0,002513661575139772
помпея 3,912023005428146 0,002804317566615158
популярность 2,659260036932778 0,0019062795963675828
портал 0 0
португальский 0,49429632181478017 0,00035433428087081016
последний 0 0
посмотреть 0 0
постмодернизм 4,605170185988092 0,0033011972659412843
постмодернистский 4,605170185988092 0,0033011972659412843
потребность 3,912023005428146 0,002804317566615158
правильный 3,912023005428146 0,002804317566615158
править 0 0
правка 0 0
правление 2,659260036932778 0,0019062795963675828
православный 2,5257286443082556 0,0018105581679629073
практик 2,995732273553991 0,0042949566645935355
пребывание 3,506557897319982 0,002513661575139772
предлагать 0 0
предложение 3,506557897319982 0,002513661575139772
предмет 2,5257286443082556 0,0018105581679629073
представитель 2,120263536200091 0,0015199021764875204
представлять 1,6607312068216509 0,0011904883203022586
преимущественный 2,407945608651872 0,0017261258843382593
преобладать 3,506557897319982 0,002513661575139772
преображенский 4,605170185988092 0,013204789063765137
пресвятой 2,995732273553991 0,0042949566645935355
прешернуть 4,605170185988092 0,0066023945318825685
прилуки 4,605170185988092 0,0066023945318825685
применение 2,8134107167600364 0,002016781875813646
принес 4,605170185988092 0,0033011972659412843
причина 2,407945608651872 0,0017261258843382593
проблема 2,407945608651872 0,0017261258843382593
проект 0 0
проектировать 3,912023005428146 0,002804317566615158
произведение 2,5257286443082556 0,0018105581679629073
происхождение 1,7147984280919266 0,0012292461850121337
прообраз 3,506557897319982 0,002513661575139772
просьба 2,207274913189721 0,001582275923433492
проходить 1,5141277326297755 0,0010853962241073659
процесс 1,8325814637483102 0,0013136784686367815
прочий 3,2188758248682006 0,0023074378672890325
пункт 1,5606477482646683 0,0011187439055660704
работа 0,9942522733438669 0,0021381769319222944
развалина 4,605170185988092 0,0066023945318825685
разработчик 0 0
распространить 2,8134107167600364 0,002016781875813646
растреллить 4,605170185988092 0,013204789063765137
расцвет 2,995732273553991 0,0042949566645935355
ремесленник 4,605170185988092 0,0033011972659412843
рецензия 3,912023005428146 0,002804317566615158
рима 3,506557897319982 0,005027323150279544
ричард 2,659260036932778 0,0038125591927351656
роджерс 4,605170185988092 0,0066023945318825685
родственный 0,21072103131565253 0,00015105450273523478
роект 3,912023005428146 0,002804317566615158
розалия 4,605170185988092 0,0033011972659412843
рококо 4,605170185988092 0,0066023945318825685
романский 4,605170185988092 0,0066023945318825685
роспись 3,912023005428146 0,005608635133230316
россия 0,7765287894989963 0,0027832573100322446
русский 0 0
рхитектура 4,605170185988092 0,0033011972659412843
салават 3,912023005428146 0,005608635133230316
санитарный 4,605170185988092 0,0033011972659412843
санкт 2,120263536200091 0,006079608705950082
саровский 3,912023005428146 0,005608635133230316
сведение 0 0
свежий 0 0
светлейший 4,605170185988092 0,0033011972659412843
свободный 0 0
свой 1,4696759700589417 0,0010535311613325746
связать 0 0
связь 1,6607312068216509 0,0011904883203022586
святой 1,4696759700589417 0,005267655806662873
северский 3,506557897319982 0,005027323150279544
село 2,407945608651872 0,0034522517686765186
сентябрь 0 0
середина 2,120263536200091 0,0015199021764875204
силезский 4,605170185988092 0,0066023945318825685
сильный 2,407945608651872 0,0017261258843382593
символ 0,9416085398584451 0,0006749882006153728
система 0 0
сицилийский 4,605170185988092 0,013204789063765137
сицилия 3,506557897319982 0,010054646300559088
скульптор 3,506557897319982 0,002513661575139772
случай 0 0
случайный 0 0
смотреть 0 0
собор 1,9661128563728327 0,012684599073373114
событие 0 0
современный 1,0216512475319812 0,001464732971372016
соединить 3,506557897319982 0,002513661575139772
соединять 3,506557897319982 0,002513661575139772
создавать 2,120263536200091 0,0015199021764875204
создать 0 0
создаться 4,605170185988092 0,0033011972659412843
сообщество 0 0
сооружение 2,207274913189721 0,006329103693733968
соответствие 2,302585092994046 0,0033011972659412843
соседний 3,2188758248682006 0,0023074378672890325
состояние 1,7147984280919266 0,0012292461850121337
сохранение 0 0
сохраниться 2,120263536200091 0,003039804352975041
спасо 3,2188758248682006 0,00922975146915613
список 0 0
среда 2,995732273553991 0,0021474783322967678
среднее 2,120263536200091 0,0015199021764875204
ссср 1,4271163556401458 0,004092089908645579
ссылаться 0 0
ссылка 0 0
стабильный 1,4271163556401458 0,0010230224771613948
станция 2,302585092994046 0,0033011972659412843
старший 2,407945608651872 0,0017261258843382593
статистик 0 0
статуэтка 3,912023005428146 0,002804317566615158
статья 0 0
стиль 2,0402208285265546 0,01755028669700262
сторона 1,7719568419318754 0,0012702199583741042
стоунхендж 4,605170185988092 0,0033011972659412843
страна 0,43078291609245434 0,0006176099155447374
страница 0 0
строитель 2,995732273553991 0,0021474783322967678
строительный 3,912023005428146 0,002804317566615158
строительство 2,5257286443082556 0,005431674503888722
строить 3,912023005428146 0,002804317566615158
структурализм 4,605170185988092 0,0066023945318825685
ступа 2,8134107167600364 0,004033563751627292
суахили 3,506557897319982 0,002513661575139772
сша 0,9675840262617057 0,0027744344839045324
сын 1,6607312068216509 0,0011904883203022586
сюд 0 0
тайна 3,506557897319982 0,005027323150279544
тек 4,605170185988092 0,019807183595647707
тека 4,605170185988092 0,0033011972659412843
текст 0 0
теоретик 2,995732273553991 0,0021474783322967678
техника 0,06187540371808745 4,4355128113324336E-05
технический 2,659260036932778 0,0038125591927351656
технология 3,506557897319982 0,005027323150279544
течение 1,9661128563728327 0,0014093998970414572
течь 0 0
типа 2,5257286443082556 0,0018105581679629073
торвальд 4,605170185988092 0,0066023945318825685
традиция 1,8971199848858813 0,0013599426414952554
требовать 1,4696759700589417 0,0010535311613325746
трудный 3,912023005428146 0,002804317566615158
тюрьма 2,8134107167600364 0,004033563751627292
указатель 0 0
украина 1,9661128563728327 0,005637599588165829
украинский 1,07880966137193 0,0007733402590479785
украшение 3,912023005428146 0,002804317566615158
улица 1,8971199848858813 0,002719885282990511
уникальный 2,995732273553991 0,0042949566645935355
урарт 4,605170185988092 0,019807183595647707
урартский 4,605170185988092 0,009903591797823854
урбанизация 3,912023005428146 0,002804317566615158
условие 0 0
успение 3,506557897319982 0,005027323150279544
установить 1,7719568419318754 0,0012702199583741042
участвовать 1,8971199848858813 0,0013599426414952554
участие 0 0
участник 0 0
учший 3,912023005428146 0,002804317566615158
февраль 0 0
финский 1,9661128563728327 0,0014093998970414572
форма 1,6607312068216509 0,0011904883203022586
форум 0 0
фостер 4,605170185988092 0,0066023945318825685
франсуа 4,605170185988092 0,0066023945318825685
франц 3,2188758248682006 0,004614875734578065
франций 1,7147984280919266 0,0024584923700242674
франция 1,3093333199837622 0,0037543607741469887
француз 2,8134107167600364 0,002016781875813646
французский 0,23572233352106994 0,00016897658316922576
франческо 3,2188758248682006 0,004614875734578065
фреска 3,506557897319982 0,002513661575139772
функционализм 4,605170185988092 0,0066023945318825685
функция 3,2188758248682006 0,0023074378672890325
фф 2,995732273553991 0,0021474783322967678
хай 4,605170185988092 0,016505986329706422
характеризоваться 2,8134107167600364 0,002016781875813646
хороший 0,7985076962177716 0,0011448139013874863
храм 1,2729656758128876 0,0036500807908613265
художественный 2,407945608651872 0,0017261258843382593
хх 1,2729656758128876 0,0018250403954306633
царский 3,2188758248682006 0,0023074378672890325
цветной 3,506557897319982 0,002513661575139772
целый 1,7719568419318754 0,0012702199583741042
центр 0,8915981192837835 0,0006391384367625689
церковь 1,4271163556401458 0,0030690674314841847
цивилизация 2,659260036932778 0,0019062795963675828
частник 3,912023005428146 0,002804317566615158
часть 0,5978370007556204 0,0004285569897889752
человек 1,1394342831883648 0,0016335975386213115
чердачный 4,605170185988092 0,0033011972659412843
черта 2,995732273553991 0,0021474783322967678
честь 1,8325814637483102 0,002627356937273563
чешский 1,3862943611198906 0,0009937593986522513
читать 0 0
чудо 3,506557897319982 0,002513661575139772
шаблон 0 0
шарль 3,2188758248682006 0,004614875734578065
шведский 1,7147984280919266 0,0012292461850121337
шереметьево 3,912023005428146 0,005608635133230316
широкий 2,207274913189721 0,003164551846866984
э 2,0402208285265546 0,00292504778283377
эжен 3,912023005428146 0,005608635133230316
экономический 2,120263536200091 0,0015199021764875204
элемент 0,19845093872383823 0,0007112936871822159
энджел 3,912023005428146 0,005608635133230316
энциклопедия 0 0
эребунь 3,912023005428146 0,008412952699845475
эрнесто 3,2188758248682006 0,004614875734578065
эстетический 4,605170185988092 0,0033011972659412843
этаж 4,605170185988092 0,0033011972659412843
ювелирный 4,605170185988092 0,0033011972659412843
юлаев 3,912023005428146 0,005608635133230316
юльевич 3,912023005428146 0,005608635133230316
являться 0,3424903089467759 0,0007365382988102707
язык 0 0
янис 4,605170185988092 0,0066023945318825685
япония 1,8971199848858813 0,005439770565981022
японский 1,4696759700589417 0,0010535311613325746
яркий 2,8134107167600364 0,002016781875813646
