август 0 0
августа 0,843970070294529 0,001280682959475765
авиационный 2,302585092994046 0,006988118643381019
авиация 2,120263536200091 0,0353913488591821
акула 3,506557897319982 0,005321028675751111
алфавит 0 0
американский 1,4271163556401458 0,004331157376753098
амфибия 4,605170185988092 0,013976237286762038
аппарат 2,995732273553991 0,01363762795244609
апрель 0 0
арабский 0,38566248081198473 0,0005852237948588539
аэрокосмический 4,605170185988092 0,013976237286762038
беспилотный 3,912023005428146 0,017808905942768495
боевой 1,8971199848858813 0,008636358049556364
бой 1,8971199848858813 0,005757572033037576
бронетанковый 3,506557897319982 0,005321028675751111
версия 0 0
вертолет 4,605170185988092 0,006988118643381019
википедия 0 0
винт 4,605170185988092 0,006988118643381019
винтовой 4,605170185988092 0,013976237286762038
винтокрылый 4,605170185988092 0,013976237286762038
вклад 0 0
внешний 1,3862943611198906 0,008414533299665497
воздушный 2,0402208285265546 0,003095934489418141
война 0,7133498878774648 0,00432989309789053
впервый 1,5606477482646683 0,0023682059912969173
вручить 2,120263536200091 0,003217395350834736
вьетнамский 1,6094379124341003 0,0048844853184646445
география 0,083381608939051 0,00025305495884385735
год 0,6348782724359695 0,0009633964680363726
голь 3,506557897319982 0,010642057351502221
гражданский 1,5141277326297755 0,009190456647221703
далья 0,3566749439387324 0,0005412366372363163
данный 0,1508228897345837 0,00022886629701757767
два 0 0
двигатель 3,2188758248682006 0,009768970636929289
двухместный 4,605170185988092 0,006988118643381019
двухроторный 4,605170185988092 0,013976237286762038
декабрь 0 0
дирижабль 3,912023005428146 0,017808905942768495
добавлять 1,7719568419318754 0,002688857119775228
дополнить 1,5141277326297755 0,0022976141618054257
др 1,8971199848858813 0,005757572033037576
единственный 1,3470736479666094 0,002044117826959954
живой 2,659260036932778 0,0040352959589268255
журнал 0 0
завод 2,120263536200091 0,006434790701669472
заготовка 2,5257286443082556 0,007665337312012916
заниматься 0 0
знаете 0,06187540371808745 9,389287362380495E-05
знак 0 0
иванович 1,6094379124341003 0,0024422426592323222
игоревич 3,912023005428146 0,011872603961845663
игорь 2,5257286443082556 0,007665337312012916
избрать 0 0
известный 0,7765287894989963 0,0011783441418801157
изменение 0 0
изображение 0,06187540371808745 0,0001877857472476099
иллюстрация 1,8325814637483102 0,005561703987096541
имя 1,4271163556401458 0,002165578688376549
интересный 2,120263536200091 0,003217395350834736
иракский 4,605170185988092 0,013976237286762038
ирано 3,912023005428146 0,011872603961845663
искать 0 0
искусство 0,083381608939051 0,00025305495884385735
использование 0 0
использовать 1,4271163556401458 0,004331157376753098
исправить 2,8134107167600364 0,004269212013292924
история 0 0
источник 0 0
июнь 0 0
ка 4,605170185988092 0,06289306779042918
калабасас 4,605170185988092 0,013976237286762038
кандагар 4,605170185988092 0,006988118643381019
катастрофа 2,5257286443082556 0,015330674624025832
категория 0 0
качество 1,5606477482646683 0,0023682059912969173
классификация 2,5257286443082556 0,007665337312012916
книга 0 0
код 0 0
компания 2,407945608651872 0,007307877416242403
конго 2,659260036932778 0,008070591917853651
корейский 3,2188758248682006 0,009768970636929289
кран 4,605170185988092 0,013976237286762038
красный 0,7765287894989963 0,0011783441418801157
летательный 3,912023005428146 0,017808905942768495
летать 3,2188758248682006 0,009768970636929289
лучший 0 0
май 0 0
марка 1,3470736479666094 0,002044117826959954
март 0 0
марта 0,3566749439387324 0,002164946548945265
материал 0 0
место 0 0
механизировать 3,912023005428146 0,005936301980922831
ми 3,506557897319982 0,07981543013626666
миро 0 0
мобильный 0 0
мой 0 0
моча 0,16251892949777494 0,0002466144605429058
мочь 0,8209805520698303 0,0012457974993472388
мультикоптер 4,605170185988092 0,013976237286762038
мускульный 3,912023005428146 0,005936301980922831
наблюдение 2,8134107167600364 0,008538424026585847
навигация 0 0
нажать 0 0
название 0 0
найти 0 0
нато 2,995732273553991 0,009091751968297392
наука 0,05129329438755048 0,00015567008918831708
находиться 0 0
начать 0,38566248081198473 0,008778356922882808
недоставать 1,07880966137193 0,001637040457317041
некоммерческий 0 0
неполнота 3,2188758248682006 0,0048844853184646445
несколький 2,659260036932778 0,008070591917853651
нести 4,605170185988092 0,006988118643381019
новый 0 0
ноябрь 0 0
обсуждение 0 0
общество 0,07257069283483537 0,0004404897895892891
обязательный 0 0
один 0,843970070294529 0,001280682959475765
одноместный 4,605170185988092 0,013976237286762038
октябрь 0 0
описание 0 0
организация 0 0
основной 0 0
ответственность 0 0
отдельный 0 0
отказ 0 0
отличный 3,912023005428146 0,005936301980922831
отсутствовать 0,05129329438755048 7,783504459415854E-05
первый 0 0
перейти 0 0
персоналия 0,07257069283483537 0,00022024489479464455
печать 0 0
пн 0,127833371509885 0,0007759233475562063
подбить 3,912023005428146 0,005936301980922831
подвеска 4,605170185988092 0,013976237286762038
подвесок 4,605170185988092 0,006988118643381019
подробный 0 0
поиск 0 0
пол 2,659260036932778 0,0040352959589268255
политик 0 0
полковник 2,8134107167600364 0,008538424026585847
получать 3,2188758248682006 0,0048844853184646445
получить 0 0
пометка 3,2188758248682006 0,0048844853184646445
помочь 0,127833371509885 0,00038796167377810317
поперечный 4,605170185988092 0,013976237286762038
поражение 2,8134107167600364 0,004269212013292924
портал 0 0
поскольку 2,5257286443082556 0,003832668656006458
последний 0 0
посмотреть 0 0
почтовый 1,5606477482646683 0,0023682059912969173
править 0 0
правка 0 0
предлагать 0 0
предлагаться 3,506557897319982 0,005321028675751111
предназначить 3,2188758248682006 0,0048844853184646445
предполагаться 3,912023005428146 0,005936301980922831
привод 4,605170185988092 0,006988118643381019
приз 2,8134107167600364 0,008538424026585847
проект 0 0
производитель 2,8134107167600364 0,021346060066464615
производиться 3,506557897319982 0,005321028675751111
происшествие 3,912023005428146 0,011872603961845663
пропульсивный 4,605170185988092 0,006988118643381019
пылезащитный 4,605170185988092 0,013976237286762038
разведчик 3,2188758248682006 0,009768970636929289
размещать 3,2188758248682006 0,0048844853184646445
разрабатываться 4,605170185988092 0,006988118643381019
разработчик 0 0
религия 0,083381608939051 0,00025305495884385735
родственный 0,21072103131565253 0,00031975877286138476
российский 1,0498221244986776 0,0015930532996945032
россия 0,7765287894989963 0,0011783441418801157
русский 0 0
сведение 0 0
свежий 0 0
свободный 0 0
связать 0 0
связь 1,6607312068216509 0,005040155407652962
сентябрь 0 0
серийный 2,995732273553991 0,004545875984148696
сикорский 3,912023005428146 0,011872603961845663
сила 0,9416085398584451 0,004286533565364697
синхроптер 4,605170185988092 0,013976237286762038
система 0 0
случай 0 0
случайный 0 0
смотреть 0 0
событие 0 0
советский 1,3470736479666094 0,006132353480879861
создавать 2,120263536200091 0,003217395350834736
создаваться 4,605170185988092 0,006988118643381019
создание 0,8675005677047231 0,00131638932883873
создать 0 0
сообщество 0 0
сохранение 0 0
список 0 0
спорт 0,083381608939051 0,00025305495884385735
ссср 1,4271163556401458 0,006496736065129648
ссылаться 0 0
ссылка 0 0
статистик 0 0
статья 0 0
страна 0,43078291609245434 0,0013073836603716368
страница 0 0
сюд 0 0
такой 1,7147984280919266 0,0026021220456630147
тактик 3,912023005428146 0,005936301980922831
текст 0 0
техник 3,506557897319982 0,005321028675751111
техника 0,06187540371808745 0,0004694643681190247
течь 0 0
типа 2,5257286443082556 0,003832668656006458
традиционный 1,8971199848858813 0,002878786016518788
транспорт 0,9162907318741551 0,004171277990322406
тяга 3,912023005428146 0,005936301980922831
ударный 3,506557897319982 0,005321028675751111
указатель 0 0
уральский 3,912023005428146 0,011872603961845663
условие 0 0
устаревший 4,605170185988092 0,006988118643381019
устройство 1,3470736479666094 0,008176471307839816
участие 0 0
участник 0 0
февраль 0 0
философия 0,09431067947124142 0,00028622360992789503
фирма 3,912023005428146 0,011872603961845663
форум 0 0
французский 0,23572233352106994 0,00035769701596520477
хороший 0,7985076962177716 0,0012116960488888797
цаги 3,912023005428146 0,011872603961845663
целеуказание 4,605170185988092 0,006988118643381019
цель 1,7719568419318754 0,002688857119775228
чинук 4,605170185988092 0,006988118643381019
читать 0 0
шаблон 0 0
эа 4,605170185988092 0,013976237286762038
эвакуировать 3,912023005428146 0,005936301980922831
экспериментальный 3,506557897319982 0,010642057351502221
элемент 0,19845093872383823 0,0006022790249585379
энциклопедия 0 0
этап 2,407945608651872 0,0036539387081212017
язык 0 0
