август 0 0
автор 1,7147984280919266 0,001574654203941163
административный 0,7133498878774648 0,0013101008041826719
алфавит 0 0
альбинос 4,605170185988092 0,008457612830097506
англ 1,0498221244986776 0,0019280479788772774
английский 0,37106368139083196 0,001022213998321851
апрель 0 0
арабский 0,38566248081198473 0,0003541436922056793
армия 1,7719568419318754 0,0016271412689916212
архив 0,3011050927839216 0,0005529937424865411
африка 1,5606477482646683 0,00573240678885094
африканский 2,120263536200091 0,003893964253811003
бельгиец 3,506557897319982 0,003219979703691443
бельгия 2,8134107167600364 0,0025834809152984724
болото 2,995732273553991 0,002750901995917347
большой 1,1086626245216111 0,0010180556699004694
бу 4,605170185988092 0,004228806415048753
бубанза 4,605170185988092 0,008457612830097506
бужумбура 4,605170185988092 0,021144032075243763
буйой 4,605170185988092 0,016915225660195012
бурунди 3,912023005428146 0,41311537706541485
бурурить 4,605170185988092 0,008457612830097506
вдоль 3,912023005428146 0,0035923076266557814
век 0,5108256237659907 0,00046907770777409615
версия 0 0
верховный 2,407945608651872 0,004422305984668268
вершина 2,995732273553991 0,002750901995917347
википедия 0 0
вица 2,659260036932778 0,004883856817140088
вклад 0 0
власть 1,4696759700589417 0,0040486941323937785
вместо 2,8134107167600364 0,0025834809152984724
внести 2,5257286443082556 0,00231931004986984
внешний 1,3862943611198906 0,0025459951535718836
вносить 2,659260036932778 0,002441928408570044
военный 1,0498221244986776 0,0028920719683159166
возвышенность 3,506557897319982 0,003219979703691443
возглавить 2,995732273553991 0,002750901995917347
возраст 2,120263536200091 0,0019469821269055014
война 0,7133498878774648 0,003275252010456679
войско 1,7719568419318754 0,0016271412689916212
восстание 2,0402208285265546 0,0018734810179307205
восток 0,7985076962177716 0,005132740012419101
восточный 0,9162907318741551 0,0033656225229537376
впадать 3,506557897319982 0,003219979703691443
вспыхнуть 4,605170185988092 0,004228806415048753
вступление 2,659260036932778 0,002441928408570044
входить 1,2378743560016172 0,0011367073976139735
выбор 2,120263536200091 0,0019469821269055014
вырезаться 4,605170185988092 0,004228806415048753
высота 1,9661128563728327 0,0018054296201770732
высший 2,302585092994046 0,004228806415048753
выход 1,8325814637483102 0,005048433784430607
геноцид 3,2188758248682006 0,005911617676525621
география 0,083381608939051 0,0005359699380838907
герб 0,7133498878774648 0,0013101008041826719
гимн 1,2378743560016172 0,002273414795227947
гитег 4,605170185988092 0,008457612830097506
гор 1,5141277326297755 0,0027807671857296152
горный 1,8971199848858813 0,001742075284560038
город 0,3424903089467759 0,0003144998245608594
господствовать 4,605170185988092 0,004228806415048753
государственный 0,7765287894989963 0,004991461456834686
государство 0,6733445532637655 0,0037098873458058707
гражданский 1,5141277326297755 0,0055615343714592305
граница 1,4271163556401458 0,0013104833385125306
граничить 1,1394342831883648 0,002092624946167796
группа 1,4696759700589417 0,0040486941323937785
данный 0,1508228897345837 0,00013849668478841477
два 0 0
декабрь 0 0
деление 0,9675840262617057 0,0017770138223355476
демократический 1,9661128563728327 0,007221718480708293
диалог 3,912023005428146 0,007184615253311563
добавить 1,0498221244986776 0,0009640239894386387
добавлять 1,7719568419318754 0,0016271412689916212
долг 4,605170185988092 0,008457612830097506
должность 2,5257286443082556 0,00231931004986984
долина 2,120263536200091 0,003893964253811003
дополнять 2,207274913189721 0,0020268823812577786
достигать 3,2188758248682006 0,005911617676525621
др 1,8971199848858813 0,001742075284560038
дркий 3,912023005428146 0,0035923076266557814
европейский 1,1086626245216111 0,0010180556699004694
единственный 1,3470736479666094 0,0012369822295377497
журнал 0 0
завершиться 2,8134107167600364 0,0025834809152984724
закрепить 3,912023005428146 0,0035923076266557814
занести 2,5257286443082556 0,00231931004986984
занимать 1,4696759700589417 0,0013495647107979263
заниматься 0 0
запад 0,9162907318741551 0,004207028153692172
запрос 0,1165338162559516 0,00042803972913113536
зародить 4,605170185988092 0,004228806415048753
здравоохранение 2,207274913189721 0,004053764762515557
земля 1,2378743560016172 0,002273414795227947
знак 0 0
избранный 0,083381608939051 7,656713401198439E-05
избрать 0 0
изменение 0 0
изменить 2,5257286443082556 0,00231931004986984
изображение 0,06187540371808745 5,6818552541861756E-05
иметь 0,616186139423817 0,001697482477751562
иметься 1,4271163556401458 0,0013104833385125306
имущественный 4,605170185988092 0,004228806415048753
информация 1,5606477482646683 0,001433101697212735
искать 0 0
искусство 0,083381608939051 0,00015313426802396877
ислам 1,7147984280919266 0,003149308407882326
испанский 0,49429632181478017 0,00045389928541302125
использование 0 0
исправлять 2,207274913189721 0,0020268823812577786
история 0 0
источник 0 0
июль 0,9162907318741551 0,0008414056307384344
июнь 0 0
к 2,5257286443082556 0,00231931004986984
карта 1,7147984280919266 0,003149308407882326
картина 2,302585092994046 0,0021144032075243765
категория 0 0
каянза 4,605170185988092 0,008457612830097506
класс 2,995732273553991 0,002750901995917347
классифицировать 4,605170185988092 0,004228806415048753
км 0,8209805520698303 0,004523308826831021
книга 0 0
код 0 0
колонизатор 3,2188758248682006 0,0029558088382628106
конго 2,659260036932778 0,01220964204285022
конституция 1,2729656758128876 0,002337861663568205
контроль 2,995732273553991 0,002750901995917347
конфликт 2,659260036932778 0,004883856817140088
королевство 1,6094379124341003 0,0029558088382628106
кризис 3,506557897319982 0,006439959407382886
культура 0,3566749439387324 0,0013101008041826719
лежать 2,995732273553991 0,002750901995917347
локальный 3,912023005428146 0,0035923076266557814
лучший 0 0
магический 3,506557897319982 0,003219979703691443
май 0 0
майор 2,5257286443082556 0,00231931004986984
макамб 4,605170185988092 0,008457612830097506
марка 1,3470736479666094 0,0024739644590754993
март 0 0
материал 0 0
межэтнический 4,605170185988092 0,004228806415048753
меридиональный 4,605170185988092 0,004228806415048753
местный 1,8971199848858813 0,003484150569120076
место 0 0
метр 2,407945608651872 0,008844611969336535
миро 0 0
мичомберо 4,605170185988092 0,008457612830097506
мишель 3,912023005428146 0,007184615253311563
многопартийный 4,605170185988092 0,004228806415048753
мобильный 0 0
мой 0 0
монархия 2,8134107167600364 0,0025834809152984724
море 1,1394342831883648 0,0031389374192516938
мурамвья 4,605170185988092 0,008457612830097506
мятеж 3,506557897319982 0,003219979703691443
навигация 0 0
надежда 3,2188758248682006 0,0029558088382628106
нажать 0 0
название 0 0
наивысший 3,912023005428146 0,0035923076266557814
наименый 4,605170185988092 0,008457612830097506
найти 0 0
наполнять 3,2188758248682006 0,0029558088382628106
направить 2,995732273553991 0,00825270598775204
народ 1,4271163556401458 0,002620966677025061
население 0,5108256237659907 0,0023453885388704807
наука 0,05129329438755048 9,420256085867857E-05
науру 4,605170185988092 0,016915225660195012
находиться 0 0
национальный 0,7550225842780328 0,0006933173409348327
начать 0,38566248081198473 0,0007082873844113586
начинать 0,1508228897345837 0,00027699336957682954
нгози 4,605170185988092 0,008457612830097506
ндайишимие 4,605170185988092 0,008457612830097506
недоставать 1,07880966137193 0,0009906424805986502
независимость 1,5141277326297755 0,0027807671857296152
некоммерческий 0 0
немец 3,506557897319982 0,003219979703691443
неясный 4,605170185988092 0,004228806415048753
низкий 2,8134107167600364 0,0025834809152984724
нкурунзиз 4,605170185988092 0,004228806415048753
новый 0 0
ноябрь 0 0
обзорный 2,8134107167600364 0,0025834809152984724
обладать 2,407945608651872 0,002211152992334134
область 0,7765287894989963 0,0007130659224049553
обновить 3,2188758248682006 0,005911617676525621
обозначение 3,506557897319982 0,003219979703691443
образ 1,7147984280919266 0,001574654203941163
образование 0,7339691750802005 0,0013479691002391194
обсуждение 0 0
общество 0,07257069283483537 0,00013327950933854062
общий 1,3470736479666094 0,0012369822295377497
обязательный 0 0
озеро 1,8325814637483102 0,008414056307384343
означать 2,0402208285265546 0,0018734810179307205
октябрь 0 0
омываться 2,302585092994046 0,0021144032075243765
описание 0 0
орган 1,9661128563728327 0,0036108592403541464
организация 0 0
ослабление 4,605170185988092 0,004228806415048753
основа 1,8971199848858813 0,001742075284560038
основать 1,2729656758128876 0,002337861663568205
основной 0 0
ответственность 0 0
отдельный 0 0
отказ 0 0
отсутствовать 0,05129329438755048 0,0006123166455814107
официальный 1,07880966137193 0,0009906424805986502
оценивание 0,1508228897345837 0,00027699336957682954
ошибка 1,7147984280919266 0,001574654203941163
падение 2,995732273553991 0,002750901995917347
парламент 1,4271163556401458 0,002620966677025061
первый 0 0
переворот 2,5257286443082556 0,00231931004986984
перейти 0 0
персоналия 0,07257069283483537 0,0003998385280156219
печать 0 0
писать 2,0402208285265546 0,003746962035861441
план 2,5257286443082556 0,00231931004986984
плато 3,506557897319982 0,00965993911107433
плодородный 3,912023005428146 0,0035923076266557814
площадь 1,07880966137193 0,0009906424805986502
погибнуть 1,9661128563728327 0,0018054296201770732
пограничный 3,2188758248682006 0,0029558088382628106
подавление 3,912023005428146 0,0035923076266557814
подкатегория 2,995732273553991 0,002750901995917347
подробный 0 0
поиск 0 0
политик 0 0
политический 1,2039728043259361 0,0044223059846682684
полный 1,6094379124341003 0,0014779044191314053
полоса 2,8134107167600364 0,0025834809152984724
получение 2,5257286443082556 0,00231931004986984
получить 0 0
помощь 0,127833371509885 0,00011738601607886593
портал 0 0
португальский 0,49429632181478017 0,00045389928541302125
порядок 3,912023005428146 0,0035923076266557814
последний 0 0
последовать 3,506557897319982 0,003219979703691443
последующий 2,8134107167600364 0,0025834809152984724
посмотреть 0 0
почва 3,912023005428146 0,0035923076266557814
почта 1,6094379124341003 0,0029558088382628106
почтовый 1,5606477482646683 0,00286620339442547
править 0 0
правка 0 0
правление 2,659260036932778 0,002441928408570044
право 0,843970070294529 0,0007749954731813857
превосходство 4,605170185988092 0,004228806415048753
предлагать 0 0
предоставление 3,912023005428146 0,0035923076266557814
президент 1,3093333199837622 0,0060116314048841235
президентский 2,659260036932778 0,002441928408570044
преследование 2,995732273553991 0,005501803991834694
префикс 4,605170185988092 0,004228806415048753
привести 2,5257286443082556 0,00231931004986984
приходиться 2,659260036932778 0,002441928408570044
продолжаться 2,995732273553991 0,002750901995917347
проект 0 0
произойти 2,302585092994046 0,0021144032075243765
происхождение 1,7147984280919266 0,001574654203941163
просьба 2,207274913189721 0,0020268823812577786
пытаться 3,506557897319982 0,003219979703691443
пьер 3,2188758248682006 0,011823235353051242
равнина 2,995732273553991 0,005501803991834694
развитие 0,9416085398584451 0,0008646543065734115
развитый 3,2188758248682006 0,0029558088382628106
разработчик 0 0
расположить 0,9162907318741551 0,0033656225229537376
расширяться 4,605170185988092 0,004228806415048753
режим 3,2188758248682006 0,0029558088382628106
река 1,1086626245216111 0,002036111339800939
религия 0,083381608939051 0,00022970140203595318
республика 0,9416085398584451 0,004323271532867057
реформа 3,2188758248682006 0,005911617676525621
рифтовый 3,912023005428146 0,0035923076266557814
рост 3,2188758248682006 0,0029558088382628106
руанда 3,2188758248682006 0,014779044191314051
рузизя 4,605170185988092 0,008457612830097506
руйига 4,605170185988092 0,008457612830097506
руководитель 2,5257286443082556 0,00231931004986984
румонг 4,605170185988092 0,008457612830097506
рундить 3,912023005428146 0,03233076863990204
русский 0 0
ряд 1,6607312068216509 0,0015250056995607447
самоназвание 3,506557897319982 0,003219979703691443
самый 0,5447271754416719 0,0005002086092210027
сведение 0 0
свежий 0 0
свергнуть 3,506557897319982 0,003219979703691443
свободный 0 0
свой 1,4696759700589417 0,0013495647107979263
связать 0 0
север 1,0216512475319812 0,0046907770777409605
сенат 3,506557897319982 0,006439959407382886
сентябрь 0 0
сила 0,9416085398584451 0,0025939629197202344
символ 0,9416085398584451 0,001729308613146823
система 0 0
следовать 1,4271163556401458 0,0013104833385125306
служить 2,0402208285265546 0,0018734810179307205
случай 0 0
случайный 0 0
смить 2,659260036932778 0,002441928408570044
смотреть 0 0
снижение 3,912023005428146 0,0035923076266557814
событие 0 0
содержание 0,1392620673335076 0,00012788068625666445
создание 0,8675005677047231 0,0023898087264592922
создать 0 0
сообщество 0 0
соответствовать 2,5257286443082556 0,00231931004986984
составлять 1,6094379124341003 0,0014779044191314053
состоять 1,7719568419318754 0,0032542825379832424
сотня 2,659260036932778 0,002441928408570044
сохранение 0 0
список 0 0
спорт 0,083381608939051 0,00015313426802396877
спускаться 4,605170185988092 0,004228806415048753
среди 1,4696759700589417 0,0013495647107979263
средний 1,8971199848858813 0,001742075284560038
ссылаться 0 0
ссылка 0 0
ставить 2,407945608651872 0,002211152992334134
статистик 0 0
статья 0 0
стилистика 2,207274913189721 0,0020268823812577786
страна 0,43078291609245434 0,004746919185591784
страница 0 0
суд 2,8134107167600364 0,005166961830596945
суть 4,605170185988092 0,004228806415048753
сушить 3,912023005428146 0,0035923076266557814
сюд 0 0
такой 1,7147984280919266 0,001574654203941163
танганьика 4,605170185988092 0,025372838490292517
танзания 3,912023005428146 0,02155384575993469
текст 0 0
тело 2,120263536200091 0,0019469821269055014
территория 0,8675005677047231 0,001593205817639528
техника 0,06187540371808745 0,00011363710508372351
течь 0 0
точка 2,207274913189721 0,0020268823812577786
турач 4,605170185988092 0,008457612830097506
тутси 4,605170185988092 0,033830451320390025
тыс 1,6607312068216509 0,0015250056995607447
тысяча 2,8134107167600364 0,0025834809152984724
убеждение 3,506557897319982 0,003219979703691443
убивать 3,506557897319982 0,003219979703691443
указатель 0 0
улучшать 2,0402208285265546 0,0018734810179307205
университет 1,3470736479666094 0,0012369822295377497
условие 0 0
установить 1,7719568419318754 0,0016271412689916212
участие 0 0
участник 0 0
февраль 0 0
федеральный 2,0402208285265546 0,003746962035861441
философия 0,09431067947124142 0,00017320602290402465
флаг 0,8675005677047231 0,003186411635279056
форма 1,6607312068216509 0,0015250056995607447
формальный 3,912023005428146 0,0035923076266557814
форум 0 0
фр 2,407945608651872 0,004422305984668268
франк 2,995732273553991 0,005501803991834694
французский 0,23572233352106994 0,0006493728196172725
хек 4,605170185988092 0,004228806415048753
ход 1,6607312068216509 0,0015250056995607447
хунта 4,605170185988092 0,004228806415048753
хут 4,605170185988092 0,029601644905341267
целый 1,7719568419318754 0,0016271412689916212
центр 0,8915981192837835 0,0008187310553570096
центральный 1,2729656758128876 0,0011689308317841024
цепь 3,912023005428146 0,0035923076266557814
чанкузо 4,605170185988092 0,008457612830097506
часть 0,5978370007556204 0,0010979559242527465
чибиток 4,605170185988092 0,008457612830097506
число 1,3470736479666094 0,0012369822295377497
читать 0 0
шаблон 0 0
эварист 4,605170185988092 0,008457612830097506
экономика 0,7550225842780328 0,0034665867046741634
элемент 0,19845093872383823 0,0003644645339280776
энциклопедия 0 0
этнический 3,506557897319982 0,00965993911107433
этнос 4,605170185988092 0,008457612830097506
юг 1,0216512475319812 0,0009381554155481921
юго 1,171182981502945 0,006452798796159477
являться 0,3424903089467759 0,0006289996491217188
язык 0 0
