август 0 0
автономный 1,6607312068216509 0,001484120828258848
административный 0,7133498878774648 0,0012749774582260318
адриатический 3,2188758248682006 0,0028765646334836465
алба 4,605170185988092 0,00823086717781607
албанец 4,605170185988092 0,004115433588908035
албанистика 4,605170185988092 0,004115433588908035
албания 4,605170185988092 0,5020828978467803
албанский 2,995732273553991 0,018740058905163483
али 2,407945608651872 0,008607491005011158
алфавит 0 0
андрей 1,2039728043259361 0,00430374550250558
анжуйский 4,605170185988092 0,00823086717781607
античный 2,8134107167600364 0,0025142186923682182
аполлония 4,605170185988092 0,004115433588908035
апрель 0 0
арабский 0,38566248081198473 0,0003446492232457415
армия 1,7719568419318754 0,0015835181786701298
аэропорт 2,120263536200091 0,0018947842146560241
балкан 2,659260036932778 0,007129383477031576
балканский 3,2188758248682006 0,023012517067869172
безгражданство 2,659260036932778 0,004752922318021051
бериш 4,605170185988092 0,00823086717781607
бесчеловечный 2,659260036932778 0,004752922318021051
биология 2,8134107167600364 0,0050284373847364365
благодаря 1,8325814637483102 0,0016376956780592585
большой 1,1086626245216111 0,0009907619522087677
бондарь 2,207274913189721 0,007890169484145563
будущий 3,506557897319982 0,0031336531700804126
валюта 1,5141277326297755 0,0027062157866483924
васильевич 1,8325814637483102 0,0016376956780592585
введение 1,3470736479666094 0,002407638334167309
век 0,5108256237659907 0,00045650189791420084
великий 1,0216512475319812 0,0009130037958284015
версия 0 0
ветряный 4,605170185988092 0,004115433588908035
вид 1,0498221244986776 0,0018763576845374041
википедия 0 0
викисклад 0,5798184952529422 0,000518157725873943
вклад 0 0
внешний 1,3862943611198906 0,002477737910848777
водоплавающий 4,605170185988092 0,004115433588908035
военный 1,0498221244986776 0,0018763576845374041
возраст 2,120263536200091 0,0018947842146560241
воин 2,659260036932778 0,004752922318021051
война 0,7133498878774648 0,005099909832904127
восток 0,7985076962177716 0,0021407713035329
впервый 1,5606477482646683 0,001394680740182903
второй 1,2378743560016172 0,003318698005366266
выручить 4,605170185988092 0,004115433588908035
гвискар 4,605170185988092 0,00823086717781607
география 0,083381608939051 0,00044708637500831636
герб 0,7133498878774648 0,0012749774582260318
гимн 1,2378743560016172 0,002212465336910844
город 0,3424903089467759 0,0006121363877511633
государственный 0,7765287894989963 0,004163693241281481
государство 0,6733445532637655 0,0018052132795275215
гражданский 1,5141277326297755 0,0027062157866483924
граничить 1,1394342831883648 0,0010182612003470641
греция 2,0402208285265546 0,012762775513570941
данный 0,1508228897345837 0,0001347836369388594
два 0 0
действие 1,8325814637483102 0,003275391356118517
декабрь 0 0
деление 0,9675840262617057 0,0017293727010933078
династия 2,0402208285265546 0,003646507289591697
динозавр 3,506557897319982 0,0031336531700804126
доработка 2,5257286443082556 0,0022571301557714526
достижение 2,207274913189721 0,0039450847420727814
достоинство 2,659260036932778 0,009505844636042102
дружественный 3,506557897319982 0,0031336531700804126
евровидение 3,506557897319982 0,018801919020482477
европа 0,8915981192837835 0,0023903434833345404
египетский 2,659260036932778 0,004752922318021051
жестокий 2,5257286443082556 0,004514260311542905
журнал 0 0
заниматься 0 0
запад 0,9162907318741551 0,0008188478390296292
западный 0,9942522733438669 0,0008885185642036344
заповедь 3,912023005428146 0,003495999111195841
запрос 0,1165338162559516 0,00020828206658793851
застроить 4,605170185988092 0,004115433588908035
защита 2,120263536200091 0,0037895684293120483
знаете 0,06187540371808745 5,529526695092712E-05
знак 0 0
иван 1,7719568419318754 0,02216925450138182
избранный 0,083381608939051 0,00029805758333887754
избрать 0 0
изменение 0 0
изображение 0,06187540371808745 0,00022118106780370848
интервик 0,9675840262617057 0,0017293727010933078
интернет 1,6607312068216509 0,002968241656517696
ионический 4,605170185988092 0,004115433588908035
искать 0 0
искусство 0,083381608939051 0,00014902879166943877
испанский 0,49429632181478017 0,00044173040376655956
использование 0 0
история 0 0
источник 0 0
италия 1,8325814637483102 0,008188478390296293
итальянский 0,7339691750802005 0,0006559152592316359
июнь 0 0
карл 1,9661128563728327 0,0035140533625966624
категория 0 0
кинематограф 1,5141277326297755 0,004059323679972589
кинокарьера 4,605170185988092 0,004115433588908035
книга 0 0
код 0 0
коменон 3,912023005428146 0,006991998222391682
коммунист 3,506557897319982 0,0031336531700804126
коммунистический 3,2188758248682006 0,0028765646334836465
конвенция 2,120263536200091 0,011368705287936145
конституция 1,2729656758128876 0,0022751844071722746
копреный 3,912023005428146 0,006991998222391682
король 1,7147984280919266 0,0030648765470811913
косов 3,912023005428146 0,003495999111195841
косово 4,605170185988092 0,024692601533448214
край 1,9661128563728327 0,0017570266812983312
красный 0,7765287894989963 0,0006939488735469135
крепость 1,9661128563728327 0,0017570266812983312
кристь 3,2188758248682006 0,005753129266967293
культура 0,3566749439387324 0,0012749774582260318
лачо 4,605170185988092 0,00823086717781607
летний 1,7147984280919266 0,0015324382735405957
лидер 2,407945608651872 0,0021518727512527896
линдон 4,605170185988092 0,00823086717781607
литература 1,1086626245216111 0,0019815239044175354
личность 0,127833371509885 0,00011423893789980785
логгерхеда 4,605170185988092 0,004115433588908035
лучший 0 0
май 0 0
македония 3,2188758248682006 0,020135952434385526
македонский 1,5606477482646683 0,001394680740182903
малай 4,605170185988092 0,00823086717781607
марк 1,3862943611198906 0,0012388689554243884
марка 1,3470736479666094 0,0036114575012509637
марку 3,912023005428146 0,006991998222391682
март 0 0
марта 0,3566749439387324 0,0025499549164520637
материал 0 0
медицина 2,659260036932778 0,004752922318021051
международный 0,9942522733438669 0,002665555692610903
мельница 4,605170185988092 0,004115433588908035
место 0 0
метохия 3,912023005428146 0,006991998222391682
миро 0 0
мировой 1,2039728043259361 0,00430374550250558
мобильный 0 0
мой 0 0
мона 3,2188758248682006 0,0028765646334836465
монах 4,605170185988092 0,004115433588908035
море 1,1394342831883648 0,0030547836010411927
моча 0,16251892949777494 0,00014523586192830647
музыка 1,2729656758128876 0,003412776610758412
мухаммед 2,995732273553991 0,005354302544332423
навигация 0 0
нажать 0 0
название 0 0
найти 0 0
наказание 2,659260036932778 0,004752922318021051
народный 1,8325814637483102 0,0016376956780592585
население 0,5108256237659907 0,0018260075916568033
нато 2,995732273553991 0,005354302544332423
наука 0,05129329438755048 0,00018335404606809822
находиться 0 0
националист 4,605170185988092 0,012346300766724107
национальность 3,912023005428146 0,003495999111195841
национальный 0,7550225842780328 0,0013494594893262426
начало 1,2039728043259361 0,001075936375626395
начать 0,38566248081198473 0,005169738348686123
начинать 0,1508228897345837 0,0002695672738777188
некоммерческий 0 0
немецкий 0,5108256237659907 0,0013695056937426025
ненартович 4,605170185988092 0,0576160702447125
несостоявшийся 3,912023005428146 0,003495999111195841
нечитаемый 1,5606477482646683 0,004184042220548708
новый 0 0
норберт 3,912023005428146 0,003495999111195841
ноябрь 0 0
образование 0,7339691750802005 0,0026236610369265436
обращение 2,302585092994046 0,004115433588908035
обсуждение 0 0
общество 0,07257069283483537 0,00025941266428895575
обязательный 0 0
октябрь 0 0
операция 1,9661128563728327 0,0017570266812983312
описание 0 0
организация 0 0
основатель 1,9661128563728327 0,0017570266812983312
основной 0 0
основный 1,8325814637483102 0,0016376956780592585
основоположник 2,407945608651872 0,0021518727512527896
ответственность 0 0
отдельный 0 0
отделять 3,506557897319982 0,0031336531700804126
отказ 0 0
отранто 4,605170185988092 0,00823086717781607
отсутствовать 0,05129329438755048 0,00036670809213619645
официальный 1,07880966137193 0,0009640837009579357
оценивание 0,1508228897345837 0,0002695672738777188
пакт 2,659260036932778 0,004752922318021051
панди 4,605170185988092 0,00823086717781607
парламент 1,4271163556401458 0,00255069947388766
певец 3,912023005428146 0,003495999111195841
первый 0 0
перевод 1,7147984280919266 0,0015324382735405957
перейти 0 0
персоналия 0,07257069283483537 0,0003242658303611947
печать 0 0
пн 0,127833371509885 0,0007996725652986551
побережье 1,8971199848858813 0,001695370853338589
подгорица 4,605170185988092 0,004115433588908035
подробный 0 0
поиск 0 0
политик 0 0
политический 1,2039728043259361 0,00215187275125279
полуостров 1,9661128563728327 0,007028106725193325
получить 0 0
помнить 3,912023005428146 0,003495999111195841
помочь 0,127833371509885 0,00011423893789980785
помощь 0,127833371509885 0,00011423893789980785
портал 0 0
португальский 0,49429632181478017 0,00044173040376655956
поручик 3,912023005428146 0,003495999111195841
посетить 3,2188758248682006 0,0028765646334836465
последний 0 0
посмотреть 0 0
потенциальный 1,5141277326297755 0,004059323679972589
почта 1,6094379124341003 0,00431484695022547
почтовый 1,5606477482646683 0,001394680740182903
править 0 0
правка 0 0
право 0,843970070294529 0,004525308687906322
праздник 1,4271163556401458 0,00255069947388766
предлагать 0 0
представить 2,120263536200091 0,0018947842146560241
придтись 3,2188758248682006 0,0028765646334836465
признать 1,7147984280919266 0,0015324382735405957
применение 2,8134107167600364 0,0050284373847364365
природа 1,07880966137193 0,0019281674019158714
проект 0 0
пролив 3,506557897319982 0,006267306340160825
прославлять 4,605170185988092 0,004115433588908035
просмотр 1,2729656758128876 0,0011375922035861373
простановка 3,912023005428146 0,003495999111195841
протокол 2,407945608651872 0,008607491005011158
пытка 2,5257286443082556 0,004514260311542905
разработчик 0 0
религия 0,083381608939051 0,00029805758333887754
республика 0,9416085398584451 0,0008414732259682261
ржевский 3,912023005428146 0,003495999111195841
роберта 2,207274913189721 0,0039450847420727814
род 2,302585092994046 0,0020577167944540176
роль 2,120263536200091 0,0018947842146560241
руина 3,2188758248682006 0,0028765646334836465
русский 0 0
самый 0,5447271754416719 0,0004867981907432278
сведение 0 0
свежий 0 0
свободный 0 0
связать 0 0
связь 1,6607312068216509 0,002968241656517696
святой 1,4696759700589417 0,0026267667025182155
северный 1,1086626245216111 0,003963047808835071
северо 1,6094379124341003 0,0028765646334836465
сельский 1,6607312068216509 0,002968241656517696
сентябрь 0 0
сербия 2,5257286443082556 0,004514260311542905
сила 0,9416085398584451 0,0033658929038729046
символ 0,9416085398584451 0,0016829464519364523
система 0 0
случай 0 0
случайный 0 0
смотреть 0 0
событие 0 0
соглашение 2,5257286443082556 0,0022571301557714526
содержание 0,1392620673335076 0,00012445224962779946
создание 0,8675005677047231 0,0007752462624707087
создать 0 0
сокращение 2,302585092994046 0,004115433588908035
соня 4,605170185988092 0,00823086717781607
сообщество 0 0
соу 4,605170185988092 0,00823086717781607
сохранение 0 0
список 0 0
сплотиться 4,605170185988092 0,004115433588908035
спорт 0,083381608939051 0,00029805758333887754
ссылаться 0 0
ссылка 0 0
статистик 0 0
статья 0 0
столица 0,7985076962177716 0,001427180869021933
страница 0 0
стрекоза 4,605170185988092 0,004115433588908035
строй 1,5606477482646683 0,002789361480365806
сюд 0 0
театр 1,9661128563728327 0,005271080043894994
текст 0 0
телевидение 1,8325814637483102 0,003275391356118517
тема 0,7550225842780328 0,0013494594893262426
тематика 1,7147984280919266 0,0015324382735405957
техника 0,06187540371808745 0,00011059053390185424
течь 0 0
транспорт 0,9162907318741551 0,0016376956780592585
требовать 1,4696759700589417 0,0013133833512591077
туризм 1,4696759700589417 0,0026267667025182155
турция 2,302585092994046 0,0061731503833620536
указатель 0 0
украинский 1,07880966137193 0,0019281674019158714
унижать 2,659260036932778 0,004752922318021051
условие 0 0
устройство 1,3470736479666094 0,002407638334167309
участие 0 0
участник 0 0
факультативный 2,407945608651872 0,008607491005011158
февраль 0 0
фестиваль 2,995732273553991 0,0026771512721662115
философия 0,09431067947124142 0,00016856242979667812
фильм 1,6094379124341003 0,0014382823167418232
флаг 0,8675005677047231 0,0015504925249414175
форум 0 0
франц 3,2188758248682006 0,0028765646334836465
французский 0,23572233352106994 0,0002106544535487667
хозяйство 1,7719568419318754 0,0031670363573402596
хороший 0,7985076962177716 0,0042815426070658
художественный 2,407945608651872 0,0021518727512527896
частичный 2,659260036932778 0,004752922318021051
часть 0,5978370007556204 0,0005342600542945669
человек 1,1394342831883648 0,0030547836010411927
черногория 3,506557897319982 0,015668265850402062
чешский 1,3862943611198906 0,0012388689554243884
читать 0 0
член 1,7147984280919266 0,0015324382735405957
шаблон 0 0
шведский 1,7147984280919266 0,0015324382735405957
экономика 0,7550225842780328 0,0026989189786524852
элемент 0,19845093872383823 0,0003546933667986385
энвер 3,912023005428146 0,003495999111195841
энциклопедия 0 0
юго 1,171182981502945 0,0010466335848998616
юрий 2,120263536200091 0,0018947842146560241
язык 0 0
