август 0 0
адель 4,605170185988092 0,010099057425412481
акакий 4,605170185988092 0,010099057425412481
алфавит 0 0
амос 4,605170185988092 0,010099057425412481
амруша 4,605170185988092 0,010099057425412481
англ 1,0498221244986776 0,002302241501093591
английский 0,37106368139083196 0,0016274722868018945
апартеид 4,605170185988092 0,0050495287127062406
апиес 4,605170185988092 0,010099057425412481
апрель 0 0
арабский 0,38566248081198473 0,0004228755272061236
археологический 2,995732273553991 0,003284794159598674
архив 0,3011050927839216 0,0013206363718593053
африка 1,5606477482646683 0,01197865596255776
байкиаэа 4,605170185988092 0,010099057425412481
батшег 4,605170185988092 0,010099057425412481
бечуаналенд 4,605170185988092 0,010099057425412481
блайд 4,605170185988092 0,010099057425412481
бог 2,0402208285265546 0,0044741684836108655
большой 1,1086626245216111 0,0012156388426772051
ботсвана 3,912023005428146 0,43752888876499
ботсванский 4,605170185988092 0,020198114850824962
ботсваный 4,605170185988092 0,010099057425412481
брайт 4,605170185988092 0,010099057425412481
британский 1,5141277326297755 0,0016602277770063328
вадима 2,995732273553991 0,006569588319197348
важность 3,506557897319982 0,003844909975131559
валюта 1,5141277326297755 0,0016602277770063328
версия 0 0
весь 2,659260036932778 0,0029158553036543614
википедия 0 0
вклад 0 0
включить 2,995732273553991 0,003284794159598674
внутренний 2,120263536200091 0,0023248503686404505
восток 0,7985076962177716 0,0017511133688986218
впоследствие 2,5257286443082556 0,0027694393029695785
всемирный 1,6607312068216509 0,0036419544009246726
выстроить 3,912023005428146 0,0042894989094606865
выход 1,8325814637483102 0,002009409499724024
га 3,2188758248682006 0,007058938212430264
габороне 4,605170185988092 0,020198114850824962
географически 3,912023005428146 0,0042894989094606865
география 0,083381608939051 0,00036570881113618856
герб 0,7133498878774648 0,0015643637892049666
голь 3,506557897319982 0,007689819950263118
город 0,3424903089467759 0,0007510752389183682
государственный 0,7765287894989963 0,0034058280241184044
государство 0,6733445532637655 0,0022149491883676495
граничить 1,1394342831883648 0,00124937969647847
давность 4,605170185988092 0,0050495287127062406
далья 0,3566749439387324 0,00039109094730124165
данный 0,1508228897345837 0,00016537597558616632
два 0 0
де 1,1394342831883648 0,00249875939295694
декабрь 0 0
дельта 3,2188758248682006 0,010588407318645396
демократический 1,9661128563728327 0,002155825500408808
джеми 4,605170185988092 0,0050495287127062406
доисторический 2,659260036932778 0,0029158553036543614
доказательство 3,912023005428146 0,0042894989094606865
духовная 3,912023005428146 0,0042894989094606865
дэвид 2,407945608651872 0,005280582475113754
единственный 1,3470736479666094 0,0014770544385598787
живопись 2,659260036932778 0,0029158553036543614
жизнедеятельность 4,605170185988092 0,0050495287127062406
журнал 0 0
залт 3,506557897319982 0,007689819950263118
замбия 3,912023005428146 0,02144749454730343
занимать 1,4696759700589417 0,0016114868092751552
заниматься 0 0
запад 0,9162907318741551 0,002009409499724024
запрос 0,1165338162559516 0,00038333492189457764
зимбабве 3,912023005428146 0,02144749454730343
знаете 0,06187540371808745 0,00013569167482036721
знак 0 0
знаменитый 2,120263536200091 0,0023248503686404505
значительный 2,302585092994046 0,0025247643563531203
избежать 3,2188758248682006 0,003529469106215132
избранный 0,083381608939051 0,0002742816083521414
избрать 0 0
изменение 0 0
изображение 0,06187540371808745 0,00027138334964073443
иметь 0,616186139423817 0,0006756426967366413
искать 0 0
исключительный 3,912023005428146 0,0042894989094606865
искусство 0,083381608939051 0,0002742816083521414
испанский 0,49429632181478017 0,0005419915809372589
использование 0 0
история 0 0
источник 0 0
июль 0,9162907318741551 0,002009409499724024
июнь 0 0
калахари 3,912023005428146 0,025736993456764116
карта 1,7147984280919266 0,0037605228686226457
категория 0 0
км 0,8209805520698303 0,0009001979737607789
книга 0 0
код 0 0
комедия 3,912023005428146 0,0042894989094606865
конституция 1,2729656758128876 0,0013957956971632538
крупнейший 1,2039728043259361 0,0013201456187784386
культура 0,3566749439387324 0,0015643637892049666
кухня 2,302585092994046 0,0050495287127062406
кхам 4,605170185988092 0,010099057425412481
литература 1,1086626245216111 0,0024312776853544103
личность 0,127833371509885 0,00014016817051522477
лучший 0 0
май 0 0
маколоть 4,605170185988092 0,010099057425412481
март 0 0
материал 0 0
местный 1,8971199848858813 0,0020801754220239927
место 0 0
миро 0 0
мобильный 0 0
мой 0 0
море 1,1394342831883648 0,00124937969647847
моча 0,16251892949777494 0,0001782005805896655
мочь 0,8209805520698303 0,0009001979737607789
музыка 1,2729656758128876 0,0027915913943265076
наверное 4,605170185988092 0,010099057425412481
навигация 0 0
нажать 0 0
название 0 0
найти 0 0
намибия 3,912023005428146 0,02144749454730343
нападок 4,605170185988092 0,0050495287127062406
население 0,5108256237659907 0,0016803474465986537
наскальный 4,605170185988092 0,020198114850824962
наследие 1,5606477482646683 0,0034224731321593604
наука 0,05129329438755048 0,00011248529470954052
находиться 0 0
находка 3,506557897319982 0,003844909975131559
национальный 0,7550225842780328 0,0016557512813114754
нация 1,9661128563728327 0,004311651000817616
начать 0,38566248081198473 0,006343132908091854
начинать 0,1508228897345837 0,00033075195117233263
недоставать 1,07880966137193 0,0011829053304516777
независимость 1,5141277326297755 0,0016602277770063328
независимый 2,207274913189721 0,002420257580251887
некоммерческий 0 0
новый 0 0
норма 3,506557897319982 0,003844909975131559
ноябрь 0 0
нуль 4,605170185988092 0,0050495287127062406
обсуждение 0 0
общественность 3,912023005428146 0,0042894989094606865
общество 0,07257069283483537 0,00031829251243348846
объект 1,6607312068216509 0,0036419544009246726
обязательный 0 0
один 0,843970070294529 0,0009254057788317203
окаванго 4,605170185988092 0,010099057425412481
октябрь 0 0
описание 0 0
организация 0 0
основной 0 0
оставлять 1,7719568419318754 0,0019429351336972317
ответственность 0 0
отдельный 0 0
отказ 0 0
отношение 1,4696759700589417 0,0032229736185503104
отражать 3,2188758248682006 0,003529469106215132
отсутствовать 0,05129329438755048 0,00033745588412862157
официальный 1,07880966137193 0,0011829053304516777
оценивание 0,1508228897345837 0,00033075195117233263
парламентский 2,995732273553991 0,003284794159598674
первый 0 0
перейти 0 0
период 1,3093333199837622 0,0014356724999821954
персоналия 0,07257069283483537 0,00039786564054186056
печать 0 0
планета 2,659260036932778 0,0029158553036543614
площадь 1,07880966137193 0,0011829053304516777
пн 0,127833371509885 0,0005606726820608991
подробный 0 0
поиск 0 0
политик 0 0
получить 0 0
помочь 0,127833371509885 0,00014016817051522477
помощь 0,127833371509885 0,00014016817051522477
портал 0 0
португальский 0,49429632181478017 0,0005419915809372589
поселение 2,0402208285265546 0,0022370842418054327
последний 0 0
посмотреть 0 0
пояс 2,120263536200091 0,0023248503686404505
править 0 0
правка 0 0
право 0,843970070294529 0,0018508115576634405
практически 3,2188758248682006 0,003529469106215132
предлагать 0 0
президент 1,3093333199837622 0,0014356724999821954
пример 2,8134107167600364 0,0030848801718860045
примерно 2,407945608651872 0,002640291237556877
природа 1,07880966137193 0,0023658106609033554
провозгласить 4,605170185988092 0,0050495287127062406
проект 0 0
протекторат 4,605170185988092 0,010099057425412481
протестовать 3,912023005428146 0,0042894989094606865
протяжение 2,302585092994046 0,0050495287127062406
проходить 1,5141277326297755 0,0016602277770063328
пул 4,605170185988092 0,010099057425412481
пустынь 2,8134107167600364 0,0030848801718860045
пустыня 2,407945608651872 0,002640291237556877
раздел 0,9675840262617057 0,0010609473972167825
разработка 1,07880966137193 0,003548715991355033
разработчик 0 0
район 1,171182981502945 0,0025683837313661075
рамка 1,8971199848858813 0,0020801754220239927
расположить 0,9162907318741551 0,001004704749862012
редколесье 4,605170185988092 0,010099057425412481
режиссер 3,912023005428146 0,0042894989094606865
река 1,1086626245216111 0,0024312776853544103
религиозный 2,120263536200091 0,0023248503686404505
религия 0,083381608939051 0,00036570881113618856
рисунок 3,2188758248682006 0,007058938212430264
родиться 0,8915981192837835 0,0009776295167585344
родственный 0,21072103131565253 0,00023105376240751372
рукур 4,605170185988092 0,010099057425412481
русский 0 0
самоа 3,912023005428146 0,008578997818921373
самый 0,5447271754416719 0,0011945771391264734
сахара 3,912023005428146 0,008578997818921373
саша 3,2188758248682006 0,007058938212430264
сведение 0 0
свежий 0 0
свободный 0 0
связать 0 0
связь 1,6607312068216509 0,0018209772004623363
север 1,0216512475319812 0,0011202316310657688
северный 1,1086626245216111 0,0024312776853544103
северо 1,6094379124341003 0,003529469106215132
северокорейский 4,605170185988092 0,010099057425412481
селать 4,605170185988092 0,010099057425412481
сентябрь 0 0
серетс 4,605170185988092 0,010099057425412481
сила 0,9416085398584451 0,002064931008461502
символ 0,9416085398584451 0,002064931008461502
система 0 0
случай 0 0
случайный 0 0
сменить 2,995732273553991 0,003284794159598674
смотреть 0 0
соблюдаться 4,605170185988092 0,0050495287127062406
собрание 1,9661128563728327 0,006467476501226423
событие 0 0
современный 1,0216512475319812 0,0022404632621315377
содержание 0,1392620673335076 0,0001526996352341092
содержать 3,2188758248682006 0,007058938212430264
содружество 2,659260036932778 0,005831710607308723
создать 0 0
сообщество 0 0
сослать 4,605170185988092 0,010099057425412481
сохранение 0 0
список 0 0
спорт 0,083381608939051 0,00018285440556809428
ссылаться 0 0
ссылка 0 0
статистик 0 0
стать 0,4620354595965586 0,0005066178285049984
статья 0 0
столица 0,7985076962177716 0,0017511133688986218
сторона 1,7719568419318754 0,0019429351336972317
страна 0,43078291609245434 0,0009446993773957332
страница 0 0
съемка 3,912023005428146 0,0042894989094606865
сюд 0 0
татый 4,605170185988092 0,010099057425412481
текст 0 0
территория 0,8675005677047231 0,0019024135256682521
техника 0,06187540371808745 0,00013569167482036721
течь 0 0
торопец 3,506557897319982 0,007689819950263118
транспорт 0,9162907318741551 0,002009409499724024
тсван 3,912023005428146 0,025736993456764116
тыс 1,6607312068216509 0,0018209772004623363
тысячелетие 2,8134107167600364 0,0030848801718860045
указатель 0 0
украинский 1,07880966137193 0,0011829053304516777
ум 3,506557897319982 0,007689819950263118
условие 0 0
установить 1,7719568419318754 0,0019429351336972317
устройство 1,3470736479666094 0,0029541088771197575
участие 0 0
участник 0 0
участница 1,7147984280919266 0,0037605228686226457
февраль 0 0
философия 0,09431067947124142 0,00020682166550710834
фильм 1,6094379124341003 0,001764734553107566
флаг 0,8675005677047231 0,0076096541026730085
форум 0 0
французский 0,23572233352106994 0,00025846747096608543
фундудзи 4,605170185988092 0,010099057425412481
хронология 3,506557897319982 0,003844909975131559
цодить 3,912023005428146 0,008578997818921373
часовой 2,407945608651872 0,002640291237556877
человек 1,1394342831883648 0,00124937969647847
человеческий 2,407945608651872 0,002640291237556877
читать 0 0
шаблон 0 0
эйс 4,605170185988092 0,0050495287127062406
экономика 0,7550225842780328 0,0016557512813114754
элемент 0,19845093872383823 0,000435199427025961
энциклопедия 0 0
эрнест 2,995732273553991 0,006569588319197348
юар 3,506557897319982 0,019224549875657793
юг 1,0216512475319812 0,0011202316310657688
южноафриканский 3,912023005428146 0,0042894989094606865
южнокойсанский 4,605170185988092 0,010099057425412481
южный 1,171182981502945 0,005136767462732215
юнеско 2,0402208285265546 0,0044741684836108655
являться 0,3424903089467759 0,0003755376194591841
язык 0 0
январь 0,6733445532637655 0,0022149491883676495
