август 0 0
авиастроитель 4,605170185988092 0,003929326097259464
автобус 3,2188758248682006 0,005492962158478158
административный 0,7133498878774648 0,0024346412555544873
александр 1,3470736479666094 0,004597520982821192
александрович 1,6607312068216509 0,0056680245966609245
алексеевич 1,8971199848858813 0,006474812235105397
алексей 1,7719568419318754 0,006047634272805036
алфавит 0 0
апостол 2,8134107167600364 0,004801042178771393
апрель 0 0
архив 0,3011050927839216 0,001541493649064445
архитектура 1,1086626245216111 0,0018919157415044558
баз 2,5257286443082556 0,002155058570228887
баланс 3,506557897319982 0,0029919435983958888
белоус 3,912023005428146 0,006675807176498543
берег 1,6094379124341003 0,004119721618858619
бережный 4,605170185988092 0,007858652194518928
божий 2,407945608651872 0,0020545610995323137
болгария 2,659260036932778 0,004537986411148085
брат 2,302585092994046 0,001964663048629732
брно 3,506557897319982 0,0059838871967917776
будаков 3,912023005428146 0,006675807176498543
вагон 3,506557897319982 0,0059838871967917776
васильев 2,995732273553991 0,005112171115279848
васильевич 1,8325814637483102 0,0031272721224373896
везермарша 4,605170185988092 0,007858652194518928
век 0,5108256237659907 0,0008717160815119296
великий 1,0216512475319812 0,0017434321630238588
версия 0 0
верфь 4,605170185988092 0,003929326097259464
верхний 2,407945608651872 0,0020545610995323137
весь 2,659260036932778 0,0022689932055740426
визир 4,605170185988092 0,007858652194518928
википедия 0 0
викисклад 0,5798184952529422 0,000494725678543466
виктор 1,9661128563728327 0,006710282786255402
викторович 2,207274913189721 0,003766680739231606
висячий 4,605170185988092 0,007858652194518928
вклад 0 0
владимир 1,2378743560016172 0,0021124135767945688
владимирович 2,0402208285265546 0,0034816055094309805
вогрэсовский 4,605170185988092 0,007858652194518928
вод 1,8971199848858813 0,0032374061175526984
водохранилище 2,8134107167600364 0,012002605446928483
возможно 2,407945608651872 0,0020545610995323137
воронеж 3,506557897319982 0,31714602142996423
воронежец 3,912023005428146 0,0033379035882492715
воронежсинтезкаучук 4,605170185988092 0,007858652194518928
воронежский 3,506557897319982 0,06881470276310545
воспитание 3,2188758248682006 0,002746481079239079
воцарение 4,605170185988092 0,003929326097259464
впадение 2,659260036932778 0,0022689932055740426
вполня 3,912023005428146 0,0033379035882492715
врттз 4,605170185988092 0,007858652194518928
всероссийский 3,912023005428146 0,0033379035882492715
выдаваться 2,407945608651872 0,0020545610995323137
вынудить 2,302585092994046 0,001964663048629732
выходить 3,506557897319982 0,0029919435983958888
вышка 4,605170185988092 0,003929326097259464
генерал 1,8325814637483102 0,0031272721224373896
география 0,083381608939051 0,0002845788700991502
германия 1,9661128563728327 0,003355141393127701
глущенков 4,605170185988092 0,007858652194518928
год 0,6348782724359695 0,0005417050106108955
голубеть 3,912023005428146 0,006675807176498543
город 0,3424903089467759 0,003214499486701822
государственный 0,7765287894989963 0,0006625672265349798
гото 3,912023005428146 0,013351614352997086
грамота 3,506557897319982 0,0029919435983958888
два 0 0
дворец 1,9661128563728327 0,0016775706965638504
двухэтажный 3,912023005428146 0,0033379035882492715
девичество 4,605170185988092 0,003929326097259464
действовать 2,120263536200091 0,0036181971607510085
декабрь 0 0
деление 0,9675840262617057 0,001651167280310078
дементьева 1,9661128563728327 0,006710282786255402
депо 3,912023005428146 0,006675807176498543
деятель 1,5141277326297755 0,0012919178606056105
династия 2,0402208285265546 0,0017408027547154903
длина 2,5257286443082556 0,002155058570228887
дмитрия 2,120263536200091 0,0036181971607510085
добавить 1,0498221244986776 0,0017915053319090062
добро 1,8325814637483102 0,0015636360612186948
дон 3,506557897319982 0,008975830795187666
достопримечательность 1,7147984280919266 0,0029262771810442435
дьяк 4,605170185988092 0,007858652194518928
евгенья 2,0402208285265546 0,0034816055094309805
европейский 1,1086626245216111 0,0009459578707522279
единственный 1,3470736479666094 0,0034481407371158945
ефимович 2,659260036932778 0,004537986411148085
железнодорожный 2,302585092994046 0,007858652194518928
жена 2,407945608651872 0,0020545610995323137
жизнь 1,5606477482646683 0,001331610706710468
житель 1,7147984280919266 0,0014631385905221218
журнал 0 0
завод 2,120263536200091 0,005427295741126513
задний 3,912023005428146 0,0033379035882492715
законный 4,605170185988092 0,003929326097259464
заниматься 0 0
запрос 0,1165338162559516 0,00029829475150840856
запустить 2,995732273553991 0,002556085557639924
знаете 0,06187540371808745 0,00010558942614008098
знак 0 0
зот 4,605170185988092 0,007858652194518928
избранный 0,083381608939051 0,0002845788700991502
избрать 0 0
изменение 0 0
изображение 0,06187540371808745 0,00026397356535020245
ильиничный 4,605170185988092 0,003929326097259464
ильф 4,605170185988092 0,003929326097259464
иметь 0,616186139423817 0,0010515121833170938
иметься 1,4271163556401458 0,001217676071365312
император 2,207274913189721 0,003766680739231606
империя 1,2039728043259361 0,001027280549766157
интервик 0,9675840262617057 0,000825583640155039
искать 0 0
искусство 0,083381608939051 0,0001422894350495751
испания 1,7147984280919266 0,0029262771810442435
использование 0 0
историография 2,995732273553991 0,002556085557639924
история 0 0
источник 0 0
июнь 0 0
каменный 2,995732273553991 0,005112171115279848
кандидат 2,207274913189721 0,003766680739231606
катавский 4,605170185988092 0,003929326097259464
категория 0 0
километр 2,5257286443082556 0,002155058570228887
кирилл 3,2188758248682006 0,005492962158478158
кирилловна 4,605170185988092 0,003929326097259464
китай 1,8971199848858813 0,0032374061175526984
км 0,8209805520698303 0,0014009907031908367
книга 0 0
код 0 0
колиуха 4,605170185988092 0,007858652194518928
кольцовский 4,605170185988092 0,007858652194518928
коминтерновский 4,605170185988092 0,015717304389037855
конка 4,605170185988092 0,003929326097259464
контактный 4,605170185988092 0,003929326097259464
корабль 2,407945608651872 0,0020545610995323137
корочкин 4,605170185988092 0,007858652194518928
который 0,9162907318741551 0,0007818180306093474
кремль 3,506557897319982 0,0059838871967917776
кривошеин 4,605170185988092 0,003929326097259464
крупин 3,912023005428146 0,006675807176498543
ктм 4,605170185988092 0,023575956583556785
культура 0,3566749439387324 0,0006086603138886218
левобережный 4,605170185988092 0,023575956583556785
левый 2,995732273553991 0,005112171115279848
ленинский 3,506557897319982 0,011967774393583555
леон 2,120263536200091 0,0036181971607510085
леонарда 3,912023005428146 0,006675807176498543
летоисчисление 4,605170185988092 0,003929326097259464
линейный 3,912023005428146 0,0033379035882492715
линия 1,8971199848858813 0,0016187030587763492
личность 0,127833371509885 0,00010907284258522611
лучший 0 0
май 0 0
майор 2,5257286443082556 0,004310117140457774
мария 1,6607312068216509 0,0056680245966609245
маркин 3,912023005428146 0,006675807176498543
март 0 0
марта 0,3566749439387324 0,0015216507847215547
маршрут 3,2188758248682006 0,005492962158478158
материал 0 0
место 0 0
миллионный 4,605170185988092 0,003929326097259464
милославский 4,605170185988092 0,003929326097259464
миро 0 0
митрофанович 3,506557897319982 0,0059838871967917776
михайлович 1,7719568419318754 0,012095268545610072
мобильный 0 0
мой 0 0
молчан 3,912023005428146 0,006675807176498543
монастырь 1,8325814637483102 0,0031272721224373896
москва 1,4271163556401458 0,0036530282140959363
московский 2,207274913189721 0,001883340369615803
мост 2,302585092994046 0,021611293534927054
моча 0,16251892949777494 0,00013866802858171923
мочь 0,8209805520698303 0,0007004953515954183
мтв 4,605170185988092 0,007858652194518928
н 1,4696759700589417 0,0012539897355451721
навигация 0 0
награда 1,3470736479666094 0,001149380245705298
нажать 0 0
название 0 0
найти 0 0
написание 1,9661128563728327 0,0016775706965638504
направление 1,8325814637483102 0,0015636360612186948
нарышкина 4,605170185988092 0,003929326097259464
нарышкины 4,605170185988092 0,003929326097259464
население 0,5108256237659907 0,0013075741222678943
наталья 2,659260036932778 0,00907597282229617
наука 0,05129329438755048 8,753121909138307E-05
находиться 0 0
начать 0,38566248081198473 0,004935953252713115
начинать 0,1508228897345837 0,0002573769449395626
некоммерческий 0 0
никитин 2,995732273553991 0,005112171115279848
николай 1,5141277326297755 0,002583835721211221
новый 0 0
ночь 3,2188758248682006 0,002746481079239079
ноябрь 0 0
нын 1,8971199848858813 0,0016187030587763492
нянька 3,912023005428146 0,0033379035882492715
область 0,7765287894989963 0,0019877016796049393
образование 0,7339691750802005 0,0012525071247102399
обсуждение 0 0
общественный 2,302585092994046 0,001964663048629732
общество 0,07257069283483537 0,00012384077275569177
обязательный 0 0
один 0,843970070294529 0,001440221962959947
октябрь 0 0
олимпийский 1,7719568419318754 0,001511908568201259
опекун 3,912023005428146 0,0033379035882492715
описание 0 0
описать 2,995732273553991 0,002556085557639924
определить 3,912023005428146 0,0033379035882492715
организация 0 0
основной 0 0
оставаться 2,5257286443082556 0,002155058570228887
оставлять 1,7719568419318754 0,001511908568201259
осуществляться 3,2188758248682006 0,002746481079239079
ответственность 0 0
отдать 3,506557897319982 0,0029919435983958888
отдельный 0 0
отец 1,7719568419318754 0,003023817136402518
отказ 0 0
открытие 2,5257286443082556 0,002155058570228887
отодвинуть 4,605170185988092 0,003929326097259464
отправиться 2,995732273553991 0,002556085557639924
отсутствовать 0,05129329438755048 8,753121909138307E-05
оценивание 0,1508228897345837 0,0002573769449395626
павел 2,407945608651872 0,004109122199064627
памятник 1,2039728043259361 0,004109122199064628
парк 1,6094379124341003 0,002746481079239079
первый 0 0
перейти 0 0
персоналия 0,07257069283483537 0,0003096019318892294
пётр 4,605170185988092 0,003929326097259464
петра 2,8134107167600364 0,01920416871508557
петров 2,995732273553991 0,002556085557639924
петрович 2,407945608651872 0,004109122199064627
печать 0 0
план 2,5257286443082556 0,002155058570228887
побратим 3,2188758248682006 0,002746481079239079
побыть 4,605170185988092 0,003929326097259464
подробный 0 0
пожаловать 1,7719568419318754 0,001511908568201259
поиск 0 0
политик 0 0
поломка 4,605170185988092 0,003929326097259464
получить 0 0
помочь 0,127833371509885 0,00010907284258522611
помощь 0,127833371509885 0,00010907284258522611
портал 0 0
последний 0 0
посмотреть 0 0
построить 1,4696759700589417 0,0012539897355451721
потомство 3,506557897319982 0,0029919435983958888
поэт 1,8971199848858813 0,0032374061175526984
править 0 0
правка 0 0
правобережный 3,912023005428146 0,006675807176498543
правый 2,995732273553991 0,002556085557639924
предведение 4,605170185988092 0,003929326097259464
предестинация 3,912023005428146 0,013351614352997086
предлагать 0 0
предприятие 2,995732273553991 0,002556085557639924
предриятие 4,605170185988092 0,003929326097259464
преображенское 3,912023005428146 0,006675807176498543
принять 1,3862943611198906 0,0011828450180203845
проект 0 0
производить 3,2188758248682006 0,002746481079239079
производство 2,207274913189721 0,003766680739231606
проспект 2,995732273553991 0,005112171115279848
проходить 1,5141277326297755 0,0012919178606056105
прыжок 2,995732273553991 0,002556085557639924
пуск 3,912023005428146 0,0033379035882492715
пушечный 4,605170185988092 0,003929326097259464
работа 0,9942522733438669 0,0008483381171875997
развитие 0,9416085398584451 0,0008034202558519156
раздел 0,9675840262617057 0,000825583640155039
разделить 2,8134107167600364 0,0024005210893856964
разработчик 0 0
район 1,171182981502945 0,019986057704828416
расположить 0,9162907318741551 0,0007818180306093474
революция 2,120263536200091 0,0036181971607510085
река 1,1086626245216111 0,005675747224513367
религия 0,083381608939051 0,0001422894350495751
ремотный 4,605170185988092 0,003929326097259464
родиться 0,8915981192837835 0,0007607492485356515
роднить 3,912023005428146 0,0033379035882492715
роман 1,4696759700589417 0,007523938413271032
романовы 4,605170185988092 0,003929326097259464
российский 1,0498221244986776 0,0017915053319090062
россия 0,7765287894989963 0,005300537812279838
русский 0 0
русь 2,8134107167600364 0,0024005210893856964
саутина 3,912023005428146 0,006675807176498543
сведение 0 0
свежий 0 0
свободный 0 0
сводный 4,605170185988092 0,003929326097259464
свой 1,4696759700589417 0,0012539897355451721
связать 0 0
святой 1,4696759700589417 0,0012539897355451721
северный 1,1086626245216111 0,0037838314830089116
село 2,407945608651872 0,004109122199064627
сентябрь 0 0
сергей 1,8325814637483102 0,009381816367312168
сеть 2,5257286443082556 0,002155058570228887
символ 0,9416085398584451 0,0016068405117038312
система 0 0
скорый 4,605170185988092 0,003929326097259464
сливен 4,605170185988092 0,007858652194518928
случай 0 0
случайный 0 0
смерть 1,8325814637483102 0,0015636360612186948
смотреть 0 0
событие 0 0
советский 1,3470736479666094 0,004597520982821192
содержание 0,1392620673335076 0,00011882428953370956
создать 0 0
сообщение 3,506557897319982 0,0029919435983958888
сообщество 0 0
состояние 1,7147984280919266 0,0014631385905221218
состоять 1,7719568419318754 0,001511908568201259
сотворение 4,605170185988092 0,003929326097259464
сохранение 0 0
список 0 0
спорт 0,083381608939051 0,0002845788700991502
спортсмен 2,207274913189721 0,001883340369615803
спустить 4,605170185988092 0,003929326097259464
ссылаться 0 0
ссылка 0 0
старгородский 4,605170185988092 0,003929326097259464
старший 2,407945608651872 0,0020545610995323137
статистик 0 0
статус 1,4271163556401458 0,001217676071365312
статья 0 0
степан 3,506557897319982 0,011967774393583555
степанович 2,659260036932778 0,004537986411148085
страница 0 0
стул 4,605170185988092 0,007858652194518928
существовать 1,4271163556401458 0,001217676071365312
считаться 1,5141277326297755 0,0012919178606056105
сша 0,9675840262617057 0,001651167280310078
сын 1,6607312068216509 0,0014170061491652311
сюд 0 0
текст 0 0
теремной 4,605170185988092 0,003929326097259464
термоэластопласт 4,605170185988092 0,003929326097259464
техника 0,06187540371808745 0,00010558942614008098
течь 0 0
тиса 4,605170185988092 0,003929326097259464
торкановский 4,605170185988092 0,007858652194518928
трамвай 2,8134107167600364 0,02880625307262836
трамвайный 4,605170185988092 0,02750528268081625
транспорт 0,9162907318741551 0,0007818180306093474
троллейбус 2,995732273553991 0,010224342230559695
троллейбусный 4,605170185988092 0,003929326097259464
тыс 1,6607312068216509 0,0014170061491652311
указатель 0 0
ул 3,506557897319982 0,0029919435983958888
улица 1,8971199848858813 0,0032374061175526984
улучшение 1,4271163556401458 0,001217676071365312
умер 2,659260036932778 0,0022689932055740426
уникальный 2,995732273553991 0,002556085557639924
условие 0 0
усть 2,995732273553991 0,005112171115279848
участие 0 0
участник 0 0
учить 3,912023005428146 0,0033379035882492715
февраль 0 0
филиппович 3,912023005428146 0,006675807176498543
философия 0,09431067947124142 0,00016093972606013893
форум 0 0
ходить 3,912023005428146 0,0033379035882492715
хороший 0,7985076962177716 0,0020439616797383233
царевич 3,506557897319982 0,0059838871967917776
царица 3,2188758248682006 0,013732405396195396
царство 2,659260036932778 0,0022689932055740426
царь 2,120263536200091 0,009045492901877521
центр 0,8915981192837835 0,0007607492485356515
центральный 1,2729656758128876 0,004344592750214633
часть 0,5978370007556204 0,002040399319985053
чернавский 4,605170185988092 0,007858652194518928
чертёж 3,912023005428146 0,0033379035882492715
чехия 3,2188758248682006 0,005492962158478158
численность 1,9661128563728327 0,0016775706965638504
читать 0 0
чуд 3,912023005428146 0,0033379035882492715
чудово 4,605170185988092 0,003929326097259464
чунцин 4,605170185988092 0,007858652194518928
шаблон 0 0
шарлотта 4,605170185988092 0,007858652194518928
эдуарда 2,995732273553991 0,005112171115279848
экономика 0,7550225842780328 0,0012884344441604655
энциклопедия 0 0
юрьевич 2,407945608651872 0,004109122199064627
юшкевичовый 3,912023005428146 0,006675807176498543
являться 0,3424903089467759 0,0005844544521276039
язык 0 0
январь 0,6733445532637655 0,0005745260693376839
яндекс 3,506557897319982 0,0029919435983958888
ярус 3,912023005428146 0,0033379035882492715
